Customer,State,Customer Lifetime Value,Response,Coverage,Education,Effective To Date,Employment Status,Gender,Income,Location,Marital Status,Monthly Premium Auto,Months Since Last Claim,Months Since Policy Inception,Number of Open Complaints,Number of Policies,Policy Type,Policy,Renew Offer Type,Sales Channel,Total Claim Amount,Vehicle Class,Vehicle Size
GO36627,Arizona,5180.56,No,Extended,College,2011-01-13,Employed,M,"$29,538.00",Urban,Married,$131.00,39,50,0,1,Special Auto,Special L2,1,Branch,$572.50,Four-Door Car,Medsize
GK73582,California,4021.44,No,Extended,Bachelor,2011-01-13,Employed,F,"$87,191.00",Urban,Single,$103.00,4,23,0,1,Personal Auto,Personal L1,3,Branch,$279.23,Four-Door Car,Medsize
MF82000,Washington,3193.22,No,Basic,Bachelor,2011-01-13,Unemployed,F,$0.00,Rural,Married,$89.00,34,69,2,1,Special Auto,Special L2,2,Branch,$215.51,Four-Door Car,Medsize
XH85336,Washington,7489.84,Yes,Basic,Bachelor,2011-01-13,Employed,M,"$91,527.00",Suburban,Divorced,$93.00,1,105,0,9,Personal Auto,Personal L3,1,Agent,$447.12,Four-Door Car,Medsize
SV38190,Nevada,8750.06,No,Extended,Bachelor,2011-01-13,Employed,F,"$41,430.00",Suburban,Married,$109.00,31,69,0,5,Personal Auto,Personal L2,4,Branch,$630.78,Four-Door Car,Medsize
MY97912,Arizona,17967.6,No,Extended,College,2011-01-13,Unemployed,M,$0.00,Suburban,,$171.00,26,54,0,2,Personal Auto,Personal L3,1,Call Center,$822.96,SUV,Medsize
UI55951,California,7489.84,Yes,Basic,Bachelor,2011-01-13,Employed,M,"$91,527.00",Suburban,Divorced,$93.00,1,105,0,9,Personal Auto,Personal L1,1,Agent,$447.12,Four-Door Car,Medsize
JF57282,Nevada,6565.79,No,Extended,Bachelor,2011-01-13,Unemployed,M,$0.00,Suburban,Married,$185.00,34,61,0,1,Personal Auto,Personal L2,2,Branch,$887.76,SUV,Small
ZC24631,Oregon,18788.46,No,Extended,College,2011-01-13,Employed,M,"$90,810.00",Rural,Single,$120.00,42,14,0,2,Corporate Auto,Corporate L3,3,Call Center,$128.00,Four-Door Car,Medsize
YR34689,California,15279.48,No,Extended,High School or Below,2011-01-13,Employed,F,"$1,07,015.00",Suburban,Married,$128.00,38,82,3,2,Personal Auto,Personal L1,2,Branch,$615.60,Four-Door Car,Medsize
MO33320,Oregon,6287.17,No,Basic,College,2011-01-13,Disabled,M,"$24,332.00",Suburban,Single,$88.00,18,1,0,3,Personal Auto,Personal L3,1,Agent,$421.20,Two-Door Car,Medsize
EI71732,Oregon,8458.21,Yes,Extended,Doctor,2011-01-13,Unemployed,F,$0.00,Suburban,Married,$113.00,24,34,1,4,Personal Auto,Personal L1,1,Agent,$649.38,Four-Door Car,Medsize
HT16519,Washington,36315.36,No,Basic,Bachelor,2011-01-13,Employed,F,"$85,062.00",Urban,Married,$151.00,23,66,0,2,Personal Auto,Personal L3,3,Call Center,$655.14,Sports Car,Small
RY92647,California,14184.14,No,Extended,Bachelor,2011-01-13,Unemployed,F,$0.00,Suburban,Married,$124.00,20,49,0,2,Personal Auto,Personal L3,1,Branch,$737.81,Four-Door Car,Medsize
RY92254,Washington,6139.65,No,Premium,Bachelor,2011-01-13,Employed,M,"$45,267.00",Suburban,Married,$157.00,15,20,0,1,Personal Auto,Personal L3,4,Agent,"$1,082.13",Two-Door Car,Medsize
NK91488,Nevada,7397.4,Yes,Basic,Master,2011-01-13,Employed,M,"$75,607.00",Suburban,Married,$92.00,42,41,1,3,Personal Auto,Personal L3,1,Branch,$440.64,Four-Door Car,Small
BW25236,Arizona,24912.33,No,Basic,College,2011-01-13,Employed,M,"$97,490.00",Urban,Married,$89.00,30,31,0,2,Personal Auto,Personal L3,2,Web,$334.68,Four-Door Car,Medsize
CK40732,California,10275.14,No,Premium,High School or Below,2011-01-13,Unemployed,F,$0.00,Suburban,Single,$139.00,45,73,0,3,Special Auto,Special L2,1,Agent,"$1,001.16",Four-Door Car,Medsize
EP61084,Nevada,4345.12,No,Extended,High School or Below,2011-01-13,Employed,F,"$92,848.00",Rural,Married,$108.00,38,105,0,1,Personal Auto,Personal L3,3,Call Center,$118.61,Four-Door Car,Medsize
GY74661,Oregon,5453.08,No,Basic,College,2011-01-13,Employed,F,"$47,130.00",Rural,Divorced,$142.00,8,42,1,1,Personal Auto,Personal L3,4,Agent,$171.15,SUV,Large
JW24035,Oregon,9250.2,No,Basic,College,2011-01-13,Unemployed,M,$0.00,Suburban,Single,$93.00,9,61,1,2,Personal Auto,Personal L2,2,Branch,$549.45,Four-Door Car,Medsize
SR30440,California,11676.39,No,Basic,College,2011-01-13,Employed,F,"$58,567.00",Suburban,Married,$147.00,9,81,0,8,Personal Auto,Personal L1,3,Branch,"$1,022.75",SUV,Medsize
LT89398,California,4617.61,No,Extended,High School or Below,2011-01-13,Unemployed,M,$0.00,Suburban,Married,$124.00,3,51,0,1,Personal Auto,Personal L2,4,Web,$596.16,Four-Door Car,Small
KP65334,California,7871.26,No,Extended,College,2011-01-13,Unemployed,F,$0.00,Suburban,Married,$104.00,15,49,0,6,Corporate Auto,Corporate L1,1,Agent,"$1,057.63",Four-Door Car,Medsize
QD73891,Oregon,7102.51,No,Basic,High School or Below,2011-01-13,Employed,M,"$1,21,793.00",Suburban,Married,$89.00,19,119,1,5,Personal Auto,Personal L1,4,Web,$427.68,Four-Door Car,Small
QP56563,Oregon,3654.73,No,Basic,College,2011-01-13,Employed,M,"$1,09,330.00",Rural,Married,$90.00,0,70,0,1,Personal Auto,Personal L3,3,Agent,$168.66,Four-Door Car,Medsize
NC42524,California,13105.32,No,Extended,College,2011-01-13,Employed,M,"$41,081.00",Suburban,Single,$116.00,8,104,0,2,Special Auto,Special L3,4,Web,$574.64,Four-Door Car,Small
LM44949,Oregon,7671.4,No,Basic,Doctor,2011-01-13,Employed,F,"$49,866.00",Urban,Married,$95.00,43,42,0,3,Special Auto,Special L2,1,Agent,$330.48,Four-Door Car,Medsize
QQ53360,Nevada,3697.73,No,Extended,College,2011-01-13,Unemployed,M,$0.00,Suburban,Married,$124.00,35,15,4,1,Personal Auto,Personal L2,3,Agent,$887.34,Two-Door Car,Medsize
MX28412,Oregon,3476.69,No,Basic,College,2011-01-13,Medical Leave,F,"$38,745.00",Suburban,Married,$92.00,3,88,3,1,Personal Auto,Personal L2,4,Web,$440.64,Four-Door Car,Medsize
TG57800,Oregon,3510.87,No,Basic,College,2011-01-13,Unemployed,F,$0.00,Suburban,Single,$100.00,26,5,0,1,Personal Auto,Personal L2,1,Call Center,$676.99,Two-Door Car,Medsize
GJ47896,Arizona,3592.4,No,Basic,College,2011-01-13,Employed,F,"$47,929.00",Urban,Married,$90.00,19,128,0,1,Personal Auto,Personal L3,1,Branch,$291.83,Two-Door Car,Medsize
QB14114,Oregon,7121.33,No,Extended,High School or Below,2011-01-13,Employed,F,"$1,10,498.00",Urban,Single,$178.00,1,101,0,1,Personal Auto,Personal L3,1,Call Center,$580.31,Sports Car,Medsize
QE92747,Oregon,11082.22,No,Premium,Bachelor,2011-01-13,Employed,F,"$1,04,331.00",Suburban,Married,$138.00,11,73,0,3,Corporate Auto,Corporate L2,1,Agent,$660.96,Four-Door Car,Medsize
CL37990,Arizona,9043.95,No,Extended,Bachelor,2011-01-13,Unemployed,F,$0.00,Suburban,Single,$134.00,28,47,1,4,Corporate Auto,Corporate L1,1,Call Center,$944.56,Four-Door Car,Medsize
RI35792,Nevada,5349.81,No,Extended,College,2011-01-13,Unemployed,F,$0.00,Urban,Married,$169.00,36,131,4,1,Personal Auto,Personal L3,3,Branch,$728.41,SUV,Small
HV62406,Oregon,3351.26,No,Basic,High School or Below,2011-01-13,Disabled,F,"$35,235.00",Suburban,Single,$90.00,8,39,0,1,Personal Auto,Personal L3,1,Agent,$651.24,Four-Door Car,Medsize
ZN59196,Oregon,5640.13,No,Premium,Bachelor,2011-01-13,Medical Leave,F,"$19,046.00",Suburban,Married,$147.00,36,119,0,1,Personal Auto,Personal L1,1,Call Center,$706.32,Four-Door Car,Small
JS58659,Nevada,12016.98,No,Basic,Bachelor,2011-01-13,Employed,M,"$1,03,353.00",Urban,Married,$100.00,3,61,0,2,Special Auto,Special L1,4,Agent,$292.92,Four-Door Car,Medsize
ST59524,Oregon,3587.72,No,Basic,College,2011-01-13,Unemployed,M,$0.00,Suburban,Married,$96.00,30,34,0,1,Personal Auto,Personal L1,3,Call Center,$460.08,Four-Door Car,Medsize
PR22184,California,12332.64,No,Basic,College,2011-01-13,Employed,F,"$1,28,696.00",Suburban,Married,$153.00,1,1,0,3,Corporate Auto,Corporate L2,4,Branch,$732.24,Sports Car,Medsize
AW86033,California,2861.86,No,Basic,College,2011-01-13,Disabled,M,"$24,687.00",Suburban,Married,$82.00,8,76,4,1,Personal Auto,Personal L2,1,Agent,$395.28,Two-Door Car,Medsize
WV37081,California,6964.08,No,Basic,College,2011-01-13,Employed,M,"$35,050.00",Urban,Married,$89.00,15,47,0,9,Personal Auto,Personal L3,2,Web,$403.59,Four-Door Car,Medsize
WQ13284,California,11333.62,No,Basic,College,2011-01-13,Employed,M,"$85,035.00",Urban,Divorced,$96.00,4,24,1,2,Personal Auto,Personal L2,1,Web,$430.83,Four-Door Car,Medsize
WA70405,Nevada,11213.84,No,Basic,College,2011-01-13,Employed,M,"$1,21,276.00",Suburban,Single,$142.00,23,19,0,3,Personal Auto,Personal L3,3,Agent,$680.40,SUV,Medsize
MV41462,Arizona,6839.96,No,Basic,Bachelor,2011-01-13,Employed,F,"$48,055.00",Suburban,Married,$86.00,15,124,0,3,Personal Auto,Personal L2,1,Agent,$414.72,Two-Door Car,Medsize
CI27304,California,12582.12,No,Extended,College,2011-01-13,Employed,M,"$54,363.00",Urban,Married,$109.00,0,96,2,2,Personal Auto,Personal L2,2,Agent,$445.47,Four-Door Car,Medsize
VF83291,Oregon,6528.67,No,Basic,College,2011-01-13,Unemployed,F,$0.00,Suburban,Single,$93.00,16,120,0,8,Personal Auto,Personal L1,1,Agent,$853.31,Four-Door Car,Small
FQ24929,Oregon,7397.4,Yes,Basic,Master,2011-01-13,Employed,M,"$75,607.00",Suburban,Married,$92.00,42,41,1,3,Personal Auto,Personal L3,1,Branch,$440.64,Four-Door Car,Small
NI49607,Oregon,5934.45,No,Basic,College,2011-01-13,Employed,F,"$38,771.00",Suburban,Married,$149.00,0,23,0,1,Personal Auto,Personal L3,2,Branch,"$1,069.20",SUV,Medsize
JZ63423,Arizona,7183.5,No,Extended,College,2011-01-13,Employed,M,"$91,032.00",Suburban,Divorced,$184.00,38,23,1,1,Personal Auto,Personal L3,2,Call Center,$881.28,SUV,Large
DC70690,Arizona,7557.31,No,Basic,College,2011-01-13,Employed,F,"$69,845.00",Suburban,Single,$96.00,18,74,0,6,Personal Auto,Personal L1,1,Web,$580.72,Four-Door Car,Medsize
XH93021,Nevada,7343.11,No,Extended,High School or Below,2011-01-13,Unemployed,M,$0.00,Suburban,Single,$111.00,16,54,0,6,Personal Auto,Personal L3,1,Branch,$797.04,Four-Door Car,Small
IC12985,Arizona,6182.47,No,Premium,Bachelor,2011-01-13,Employed,M,"$54,216.00",Suburban,Married,$159.00,9,65,1,1,Personal Auto,Personal L2,2,Call Center,$764.64,Four-Door Car,Small
GH86762,California,26263.45,No,Extended,Bachelor,2011-01-13,Employed,F,"$80,802.00",Urban,Single,$167.00,24,107,0,2,Special Auto,Special L2,1,Web,$770.64,SUV,Small
BW80872,Washington,5986.46,No,Premium,High School or Below,2011-01-13,Employed,M,"$46,641.00",Rural,Married,$150.00,11,105,0,1,Personal Auto,Personal L2,2,Web,$170.01,Four-Door Car,Medsize
TV77808,Arizona,7669.76,No,Basic,High School or Below,2011-01-13,Employed,M,"$90,628.00",Suburban,Married,$96.00,46,96,0,6,Corporate Auto,Corporate L2,2,Branch,$629.60,Four-Door Car,Large
PA38372,Washington,12632.95,No,Premium,High School or Below,2011-01-13,Employed,F,"$44,631.00",Rural,Married,$158.00,26,123,0,3,Personal Auto,Personal L2,1,Branch,$76.59,Four-Door Car,Medsize
KI82366,Arizona,10007.5,No,Premium,College,2011-01-13,Unemployed,M,$0.00,Suburban,Single,$151.00,43,100,0,5,Personal Auto,Personal L3,4,Call Center,"$1,088.64",Four-Door Car,Medsize
YD22081,Arizona,13096.39,No,Extended,College,2011-01-13,Employed,F,"$61,652.00",Urban,Married,$108.00,9,74,0,2,Personal Auto,Personal L3,2,Branch,$465.44,Four-Door Car,Medsize
GP99578,Nevada,9566.34,No,Basic,High School or Below,2011-01-13,Unemployed,F,$0.00,Suburban,Single,$265.00,14,51,0,1,Personal Auto,Personal L3,1,Branch,"$2,220.33",Luxury SUV,Medsize
YC83239,Washington,3866.53,No,Extended,Bachelor,2011-01-13,Unemployed,F,$0.00,Suburban,Single,$112.00,23,41,0,1,Personal Auto,Personal L2,4,Web,"$1,114.14",Two-Door Car,Medsize
HP56518,Oregon,7489.84,Yes,Basic,Bachelor,2011-01-13,Employed,M,"$91,527.00",Suburban,Divorced,$93.00,1,105,0,9,Personal Auto,Personal L3,1,Agent,$447.12,Four-Door Car,Medsize
DR68556,Oregon,10607.43,No,Basic,High School or Below,2011-01-13,Employed,M,"$1,14,840.00",Urban,Married,$88.00,46,69,0,2,Personal Auto,Personal L3,2,Branch,$345.93,Four-Door Car,Medsize
OC88207,California,7529.27,No,Basic,Master,2011-01-13,Employed,M,"$1,04,308.00",Rural,Married,$93.00,34,14,0,3,Special Auto,Special L3,2,Branch,$230.43,Two-Door Car,Medsize
JG83987,Arizona,8709.21,No,Extended,Bachelor,2011-01-13,Employed,F,"$41,657.00",Urban,Married,$109.00,23,19,0,7,Personal Auto,Personal L3,3,Web,$417.37,Two-Door Car,Large
ZN27809,Oregon,10912.78,No,Basic,College,2011-01-13,Unemployed,F,$0.00,Suburban,Single,$157.00,9,31,0,8,Personal Auto,Personal L3,1,Web,"$1,107.03",SUV,Medsize
BE75190,California,13709.66,No,Extended,College,2011-01-13,Employed,M,"$38,818.00",Suburban,Single,$120.00,12,23,0,2,Corporate Auto,Corporate L1,2,Web,$576.72,Four-Door Car,Medsize
PS47550,California,17790.88,No,Basic,High School or Below,2011-01-13,Employed,F,"$1,08,320.00",Suburban,Married,$146.00,5,96,0,2,Personal Auto,Personal L3,1,Branch,"$1,048.41",SUV,Medsize
MF23895,Arizona,3523.27,No,Basic,College,2011-01-13,Employed,F,"$78,488.00",Rural,Married,$88.00,39,104,1,1,Corporate Auto,Corporate L3,4,Agent,$44.78,Four-Door Car,Medsize
SZ60342,Arizona,6950.68,No,Basic,College,2011-01-13,Employed,M,"$68,946.00",Suburban,Married,$88.00,23,127,0,3,Personal Auto,Personal L3,1,Agent,$421.20,Two-Door Car,Small
ZX68434,California,6918.73,No,Extended,Doctor,2011-01-13,Unemployed,F,$0.00,Suburban,Divorced,$181.00,18,76,0,1,Personal Auto,Personal L2,3,Web,$868.32,SUV,Medsize
CN17219,Oregon,34535.17,No,Basic,College,2011-01-13,Employed,M,"$37,747.00",Suburban,Married,$97.00,20,86,0,2,Personal Auto,Personal L3,1,Agent,$466.56,Two-Door Car,Small
UM73815,Arizona,19598.54,No,Premium,High School or Below,2011-01-13,Employed,F,"$1,01,076.00",Suburban,Married,$240.00,0,20,0,7,Personal Auto,Personal L3,1,Call Center,"$1,153.44",SUV,Medsize
SP94430,California,10328.98,No,Basic,Bachelor,2011-01-13,Employed,F,"$71,996.00",Urban,Single,$88.00,11,77,0,2,Personal Auto,Personal L3,1,Agent,$302.53,Four-Door Car,Medsize
GT89774,Arizona,23097.68,No,Extended,Bachelor,2011-01-13,Employed,F,"$1,17,638.00",Rural,Married,$288.00,24,36,0,3,Personal Auto,Personal L3,4,Agent,$491.22,Luxury SUV,Medsize
UD31660,California,5483.15,No,Premium,Bachelor,2011-01-13,Employed,M,"$94,674.00",Rural,Married,$139.00,32,77,1,1,Personal Auto,Personal L2,1,Branch,$176.17,Four-Door Car,Medsize
CO44659,Arizona,4505.75,No,Extended,Bachelor,2011-01-13,Employed,F,"$58,739.00",Urban,Married,$112.00,11,101,0,1,Personal Auto,Personal L3,3,Agent,$321.42,Four-Door Car,Medsize
RA43827,Oregon,11648.21,No,Basic,High School or Below,2011-01-13,Unemployed,F,$0.00,Suburban,Single,$158.00,15,85,0,5,Special Auto,Special L2,2,Branch,"$1,137.24",SUV,Medsize
ZZ42291,California,54318.56,No,Extended,Master,2011-01-13,Employed,F,"$1,04,143.00",Rural,Married,$169.00,7,66,3,2,Personal Auto,Personal L3,1,Agent,$237.61,SUV,Small
HX36471,California,9163.91,No,Extended,High School or Below,2011-01-13,Unemployed,F,$0.00,Suburban,Single,$126.00,3,95,0,9,Personal Auto,Personal L3,2,Branch,"$1,154.71",Two-Door Car,Medsize
SK98708,Oregon,5494.2,No,Premium,College,2011-01-13,Unemployed,F,$0.00,Suburban,Single,$158.00,0,57,0,1,Corporate Auto,Corporate L3,2,Branch,$823.23,Four-Door Car,Medsize
NM77390,Nevada,11066.91,No,Basic,High School or Below,2011-01-13,Employed,M,"$76,664.00",Suburban,Single,$146.00,30,46,5,7,Special Auto,Special L3,1,Agent,$782.61,SUV,Medsize
NN79124,Nevada,6149.13,No,Basic,Bachelor,2011-01-13,Employed,M,"$1,21,711.00",Urban,Married,$154.00,22,8,0,1,Personal Auto,Personal L1,2,Call Center,$524.27,SUV,Small
MR13691,Arizona,8506.49,No,Extended,Bachelor,2011-01-13,Employed,M,"$64,290.00",Urban,Married,$108.00,20,18,0,7,Personal Auto,Personal L3,1,Call Center,$412.48,Four-Door Car,Medsize
QA78691,Nevada,22123.93,No,Basic,Bachelor,2011-01-13,Unemployed,F,$0.00,Suburban,Single,$92.00,7,5,1,2,Personal Auto,Personal L2,2,Call Center,$652.83,Four-Door Car,Large
KA29693,California,15543.03,No,Basic,College,2011-01-13,Medical Leave,M,"$21,959.00",Suburban,Married,$135.00,15,31,0,2,Special Auto,Special L1,2,Web,"$1,589.39",SUV,Medsize
RA87395,California,11280.84,No,Basic,Bachelor,2011-01-13,Unemployed,M,$0.00,Rural,Married,$159.00,34,39,0,7,Personal Auto,Personal L3,1,Agent,$206.79,SUV,Medsize
TG60853,Nevada,8458.21,Yes,Extended,Doctor,2011-01-13,Unemployed,F,$0.00,Suburban,Married,$113.00,24,34,1,4,Corporate Auto,Corporate L2,1,Agent,$649.38,Four-Door Car,Medsize
EZ39383,Arizona,14454,No,Basic,Bachelor,2011-01-13,Employed,F,"$74,839.00",Suburban,Divorced,$90.00,9,59,0,2,Personal Auto,Personal L2,3,Agent,$434.16,Four-Door Car,Small
YU90693,California,3350.49,No,Basic,High School or Below,2011-01-13,Employed,F,"$1,05,291.00",Suburban,Single,$84.00,35,14,0,1,Personal Auto,Personal L1,2,Agent,$401.76,Four-Door Car,Medsize
QB26845,Oregon,15630.47,No,Basic,Bachelor,2011-01-13,Unemployed,M,$0.00,Suburban,Single,$155.00,28,62,0,2,Personal Auto,Personal L3,1,Agent,"$1,570.89",SUV,Medsize
OM37845,California,7397.4,Yes,Basic,Master,2011-01-13,Employed,M,"$75,607.00",Suburban,Married,$92.00,42,41,1,3,Personal Auto,Personal L3,1,Branch,$440.64,Four-Door Car,Small
QC34927,California,4479.17,No,Extended,High School or Below,2011-01-13,Employed,M,"$1,00,092.00",Suburban,Married,$112.00,32,81,0,1,Personal Auto,Personal L3,4,Branch,$537.84,Two-Door Car,Medsize
AX71707,Arizona,8617.7,No,Extended,College,2011-01-13,Employed,F,"$91,639.00",Suburban,Married,$107.00,8,95,0,4,Personal Auto,Personal L2,3,Branch,$527.90,Two-Door Car,Medsize
EU98982,Arizona,10260.6,No,Basic,High School or Below,2011-01-13,Unemployed,M,$0.00,Suburban,Single,$149.00,23,78,2,3,Personal Auto,Personal L3,2,Branch,"$1,075.93",SUV,Medsize
GH30325,Oregon,3272.97,No,Basic,College,2011-01-13,Employed,M,"$36,576.00",Suburban,Married,$82.00,14,26,0,1,Personal Auto,Personal L2,3,Branch,$395.28,Four-Door Car,Medsize
YJ42538,Arizona,5448.17,No,Basic,Bachelor,2011-01-13,Employed,F,"$28,835.00",Suburban,Married,$136.00,34,7,0,1,Personal Auto,Personal L3,4,Agent,$654.48,Sports Car,Medsize
UA58104,California,10710.66,No,Basic,College,2011-01-13,Employed,F,"$1,03,282.00",Rural,Married,$88.00,43,120,0,2,Personal Auto,Personal L3,1,Branch,$194.47,Four-Door Car,Medsize
HP20623,California,7057.22,No,Basic,High School or Below,2011-01-13,Employed,F,"$95,834.00",Suburban,Married,$88.00,4,111,0,7,Personal Auto,Personal L1,3,Web,$421.20,Four-Door Car,Medsize
RY44996,Oregon,3614.25,No,Basic,High School or Below,2011-01-13,Employed,F,"$76,324.00",Urban,Divorced,$90.00,14,85,0,1,Special Auto,Special L1,4,Web,$407.55,Four-Door Car,Medsize
RN86953,California,10173.7,No,Basic,High School or Below,2011-01-13,Employed,F,"$94,060.00",Suburban,Married,$84.00,19,24,1,2,Personal Auto,Personal L1,3,Branch,$401.76,Two-Door Car,Medsize
JK30153,Oregon,11564.67,No,Basic,Master,2011-01-13,Employed,F,"$1,34,530.00",Urban,Married,$143.00,28,108,2,4,Personal Auto,Personal L3,1,Branch,$548.96,SUV,Large
LA78882,California,8500.95,No,Basic,Bachelor,2011-01-13,Unemployed,M,$0.00,Suburban,Single,$255.00,20,69,1,1,Personal Auto,Personal L3,1,Agent,"$2,462.04",Luxury Car,Medsize
UN98304,Oregon,9288.86,No,Basic,High School or Below,2011-01-13,Unemployed,M,$0.00,Suburban,Single,$89.00,32,65,0,2,Corporate Auto,Corporate L3,1,Web,$641.52,Four-Door Car,Small
VO30155,Nevada,7319.08,No,Basic,High School or Below,2011-01-13,Employed,M,"$1,15,353.00",Suburban,Single,$96.00,31,3,2,3,Corporate Auto,Corporate L2,4,Branch,$688.50,Four-Door Car,Medsize
CY33307,California,7538.17,No,Basic,College,2011-01-13,Employed,F,"$43,744.00",Rural,Married,$96.00,42,63,0,9,Corporate Auto,Corporate L2,1,Agent,$131.50,Four-Door Car,Medsize
ZL82075,Nevada,7397.4,Yes,Basic,Master,2011-01-13,Employed,M,"$75,607.00",Suburban,Married,$92.00,42,41,1,3,Corporate Auto,Corporate L1,1,Branch,$440.64,Four-Door Car,Small
XF89906,Arizona,78579.62,No,Extended,High School or Below,2011-01-13,Disabled,M,"$39,548.00",Suburban,Married,$296.00,34,68,0,2,Personal Auto,Personal L3,1,Agent,"$1,793.93",Luxury SUV,Large
MR46875,Washington,6561.78,No,Basic,Master,2011-01-13,Employed,M,"$55,520.00",Urban,Divorced,$82.00,38,120,0,8,Corporate Auto,Corporate L2,3,Call Center,$269.03,Four-Door Car,Medsize
IJ33473,California,28035,No,Basic,Bachelor,2011-01-13,Unemployed,F,$0.00,Suburban,Single,$99.00,12,38,2,2,Personal Auto,Personal L3,3,Call Center,$473.04,Two-Door Car,Medsize
VY23882,Arizona,7489.84,Yes,Basic,Bachelor,2011-01-13,Employed,M,"$91,527.00",Suburban,Divorced,$93.00,1,105,0,9,Personal Auto,Personal L1,1,Agent,$447.12,Four-Door Car,Medsize
IM78342,Oregon,11651.44,No,Extended,College,2011-01-13,Unemployed,F,$0.00,Suburban,Married,$165.00,26,97,2,3,Personal Auto,Personal L3,1,Branch,$790.56,SUV,Medsize
WZ56476,California,8458.21,Yes,Extended,Doctor,2011-01-13,Unemployed,F,$0.00,Suburban,Married,$113.00,24,34,1,4,Personal Auto,Personal L3,1,Agent,$649.38,Four-Door Car,Medsize
RA97108,Oregon,8741.02,No,Extended,High School or Below,2011-01-13,Unemployed,F,$0.00,Suburban,Single,$123.00,28,31,0,3,Personal Auto,Personal L2,3,Call Center,$589.68,Four-Door Car,Medsize
TS81548,Oregon,7654.47,No,Basic,Master,2011-01-13,Employed,F,"$58,612.00",Suburban,Married,$95.00,9,134,0,5,Personal Auto,Personal L3,3,Branch,$453.60,Four-Door Car,Medsize
JQ70222,Washington,11540.21,No,Basic,High School or Below,2011-01-13,Employed,F,"$71,624.00",Suburban,Single,$151.00,41,41,2,3,Personal Auto,Personal L1,3,Call Center,$725.76,SUV,Small
HS13676,California,11092.13,No,Premium,High School or Below,2011-01-13,Unemployed,M,$0.00,Suburban,Single,$158.00,4,45,0,9,Personal Auto,Personal L2,1,Agent,"$1,327.22",Four-Door Car,Medsize
MO48960,California,8458.21,Yes,Extended,Doctor,2011-01-13,Unemployed,F,$0.00,Suburban,Married,$113.00,24,34,1,4,Personal Auto,Personal L2,1,Agent,$649.38,Four-Door Car,Medsize
YZ77792,Washington,6250.99,No,Basic,High School or Below,2011-01-13,Unemployed,F,$0.00,Suburban,Single,$86.00,4,80,0,4,Personal Auto,Personal L3,1,Agent,$622.08,Four-Door Car,Small
ZG95780,Arizona,11021.82,No,Basic,College,2011-01-13,Disabled,M,"$15,111.00",Suburban,Single,$154.00,3,119,0,6,Personal Auto,Personal L2,2,Agent,"$1,108.08",SUV,Small
NC40609,Nevada,4233.03,No,Extended,College,2011-01-13,Unemployed,M,$0.00,Suburban,Single,$123.00,16,8,0,1,Corporate Auto,Corporate L3,2,Call Center,$954.81,Four-Door Car,Small
YD89516,California,6058.98,No,Basic,High School or Below,2011-01-13,Unemployed,M,$0.00,Suburban,Single,$89.00,1,82,0,9,Corporate Auto,Corporate L3,2,Web,"$1,023.92",Four-Door Car,Small
MN81810,California,3933.19,No,Basic,High School or Below,2011-01-13,Employed,F,"$1,03,461.00",Suburban,Single,$99.00,3,74,1,1,Personal Auto,Personal L3,3,Agent,$587.51,Four-Door Car,Small
CI19819,Arizona,3200.34,No,Basic,High School or Below,2011-01-13,Unemployed,M,$0.00,Suburban,Single,$96.00,1,89,1,1,Personal Auto,Personal L1,1,Agent,$690.12,Two-Door Car,Medsize
QK24293,Oregon,8458.21,Yes,Extended,Doctor,2011-01-13,Unemployed,F,$0.00,Suburban,Married,$113.00,24,34,1,4,Corporate Auto,Corporate L1,1,Agent,$649.38,Four-Door Car,Medsize
BU61331,Arizona,7931.54,No,Basic,College,2011-01-13,Employed,M,"$62,663.00",Rural,Married,$100.00,22,19,0,7,Corporate Auto,Corporate L2,2,Branch,$222.41,Four-Door Car,Medsize
FH69597,California,9682.29,No,Basic,High School or Below,2011-01-13,Employed,F,"$99,679.00",Urban,Married,$246.00,11,47,3,1,Personal Auto,Personal L3,1,Branch,$747.07,Luxury Car,Medsize
FJ12205,Oregon,8790.48,No,Extended,Master,2011-01-13,Employed,M,"$57,513.00",Rural,Married,$115.00,9,101,3,3,Personal Auto,Personal L3,2,Agent,$85.27,Two-Door Car,Medsize
ZJ29643,Washington,8458.21,Yes,Extended,Doctor,2011-01-13,Unemployed,F,$0.00,Suburban,Married,$113.00,24,34,1,4,Personal Auto,Personal L3,1,Agent,$649.38,Four-Door Car,Medsize
MI16758,Nevada,16271.4,No,Basic,High School or Below,2011-01-13,Employed,F,"$58,298.00",Urban,Divorced,$138.00,8,109,0,2,Personal Auto,Personal L3,1,Web,$508.73,SUV,Small
DH18269,Arizona,14329.77,No,Extended,College,2011-01-13,Medical Leave,M,"$21,654.00",Suburban,Divorced,$130.00,39,126,0,2,Personal Auto,Personal L3,1,Branch,$825.49,Two-Door Car,Medsize
LC60153,California,16661.48,No,Basic,Bachelor,2011-01-13,Employed,M,"$97,879.00",Urban,Single,$143.00,39,134,0,2,Personal Auto,Personal L2,3,Agent,$399.36,SUV,Large
FM52759,Nevada,7489.84,Yes,Basic,Bachelor,2011-01-13,Employed,M,"$91,527.00",Suburban,Divorced,$93.00,1,105,0,9,Personal Auto,Personal L3,1,Agent,$447.12,Four-Door Car,Medsize
AQ70385,Oregon,7677.4,No,Basic,High School or Below,2011-01-13,Employed,M,"$40,827.00",Rural,Married,$97.00,41,31,0,3,Personal Auto,Personal L3,2,Branch,$65.19,Four-Door Car,Medsize
ZZ22047,Washington,7489.84,Yes,Basic,Bachelor,2011-01-13,Employed,M,"$91,527.00",Suburban,Divorced,$93.00,1,105,0,9,Corporate Auto,Corporate L3,1,Agent,$447.12,Four-Door Car,Medsize
DC85335,Oregon,6126.46,No,Basic,College,2011-01-13,Employed,M,"$67,258.00",Suburban,Married,$82.00,35,65,4,3,Personal Auto,Personal L2,4,Web,$449.97,Four-Door Car,Small
OJ38536,California,6161.21,No,Basic,Doctor,2011-01-13,Employed,F,"$83,714.00",Suburban,Married,$151.00,3,69,0,1,Personal Auto,Personal L3,2,Agent,$725.76,SUV,Medsize
BK61065,California,7397.4,Yes,Basic,Master,2011-01-13,Employed,M,"$75,607.00",Suburban,Married,$92.00,42,41,1,3,Personal Auto,Personal L2,1,Branch,$440.64,Four-Door Car,Small
BO58202,California,3272.7,No,Basic,Bachelor,2011-01-13,Disabled,F,"$30,497.00",Rural,Single,$90.00,9,82,0,1,Personal Auto,Personal L3,1,Call Center,$115.67,Two-Door Car,Medsize
GM84292,California,19876.6,No,Extended,Master,2011-01-13,Employed,F,"$51,841.00",Suburban,Married,$124.00,23,84,0,2,Corporate Auto,Corporate L1,1,Agent,$596.16,Four-Door Car,Medsize
UG49494,California,7783.43,No,Basic,High School or Below,2011-01-13,Employed,F,"$78,092.00",Suburban,Single,$99.00,9,57,1,3,Personal Auto,Personal L1,1,Agent,$649.37,Four-Door Car,Medsize
YH81239,California,8647.75,No,Extended,High School or Below,2011-01-13,Employed,M,"$64,977.00",Suburban,Divorced,$111.00,8,116,0,3,Personal Auto,Personal L3,1,Call Center,$531.36,Four-Door Car,Medsize
CI30899,California,6395.51,No,Basic,College,2011-01-13,Unemployed,F,$0.00,Suburban,Single,$92.00,3,35,0,3,Personal Auto,Personal L3,1,Branch,$440.64,Two-Door Car,Small
YX35990,California,7397.4,Yes,Basic,Master,2011-01-13,Employed,M,"$75,607.00",Suburban,Married,$92.00,42,41,1,3,Corporate Auto,Corporate L2,1,Branch,$440.64,Four-Door Car,Small
FL50705,California,11019.53,No,Premium,High School or Below,2011-01-14,Employed,F,"$89,289.00",Suburban,Married,$136.00,15,28,0,3,Corporate Auto,Corporate L2,1,Call Center,$654.48,Four-Door Car,Small
CN24514,Arizona,10961.77,No,Basic,College,2011-01-14,Employed,F,"$62,934.00",Rural,Married,$90.00,30,104,0,2,Personal Auto,Personal L1,3,Agent,$133.77,Four-Door Car,Large
FO35655,Oregon,11707.51,No,Extended,Bachelor,2011-01-14,Unemployed,M,$0.00,Suburban,Single,$331.00,46,112,0,1,Corporate Auto,Corporate L3,1,Branch,"$3,166.31",Luxury SUV,Medsize
NC53424,California,5907.71,No,Basic,Bachelor,2011-01-14,Unemployed,M,$0.00,Suburban,Married,$93.00,28,95,4,3,Personal Auto,Personal L2,4,Web,$447.12,Two-Door Car,Medsize
HR85211,Washington,6916.28,No,Basic,Master,2011-01-14,Employed,F,"$1,21,337.00",Rural,Married,$85.00,23,27,0,3,Personal Auto,Personal L3,2,Web,$126.94,Two-Door Car,Medsize
TR67616,Oregon,6387.35,No,Basic,High School or Below,2011-01-14,Employed,M,"$41,426.00",Rural,Single,$82.00,30,61,0,3,Corporate Auto,Corporate L3,2,Web,$26.92,Four-Door Car,Medsize
HB67642,Arizona,46725.36,Yes,Basic,High School or Below,2011-01-14,Employed,F,"$27,122.00",Suburban,Married,$147.00,14,80,0,2,Personal Auto,Personal L1,2,Agent,$706.32,Sports Car,Medsize
XH97711,California,3281.18,No,Basic,Bachelor,2011-01-14,Employed,M,"$1,12,239.00",Urban,Married,$82.00,34,95,0,1,Corporate Auto,Corporate L3,4,Agent,$241.87,Four-Door Car,Medsize
VM13430,Oregon,11622.36,Yes,Basic,Bachelor,2011-01-14,Employed,F,"$1,06,772.00",Urban,Married,$144.00,3,100,0,3,Corporate Auto,Corporate L3,2,Branch,$390.20,SUV,Medsize
OY51402,Washington,11145.28,No,Basic,High School or Below,2011-01-14,Employed,F,"$72,954.00",Rural,Married,$139.00,19,119,0,4,Personal Auto,Personal L2,1,Agent,$80.98,SUV,Medsize
UK25655,Oregon,4637.59,No,Extended,Bachelor,2011-01-14,Employed,F,"$86,870.00",Rural,Married,$116.00,34,24,0,1,Personal Auto,Personal L2,2,Call Center,$286.73,Two-Door Car,Medsize
VY79030,Arizona,30376.19,No,Basic,College,2011-01-14,Unemployed,F,$0.00,Suburban,Single,$96.00,1,31,0,2,Corporate Auto,Corporate L2,4,Call Center,$460.08,Four-Door Car,Medsize
PN98247,California,10584.22,Yes,Extended,College,2011-01-14,Employed,M,"$78,859.00",Suburban,Single,$284.00,9,32,2,1,Personal Auto,Personal L3,2,Agent,"$1,360.80",Luxury SUV,Small
QA85890,Arizona,7896.58,No,Extended,High School or Below,2011-01-14,Unemployed,F,$0.00,Suburban,Single,$112.00,3,63,0,4,Corporate Auto,Corporate L2,3,Agent,$729.69,Four-Door Car,Medsize
XC15133,Nevada,3474.93,Yes,Basic,Master,2011-01-14,Employed,F,"$47,237.00",Rural,Single,$88.00,31,99,0,1,Personal Auto,Personal L3,2,Web,$57.63,Four-Door Car,Medsize
FY62633,Oregon,12301.56,No,Extended,Bachelor,2011-01-14,Unemployed,M,$0.00,Suburban,Single,$122.00,28,28,0,2,Personal Auto,Personal L1,1,Agent,$583.20,Four-Door Car,Medsize
QE12539,California,17188.13,Yes,Basic,Doctor,2011-01-14,Employed,M,"$55,175.00",Suburban,Married,$142.00,4,76,0,2,Personal Auto,Personal L1,1,Agent,$680.40,SUV,Large
AH65907,California,3860.2,No,Basic,Bachelor,2011-01-14,Employed,F,"$69,917.00",Suburban,Married,$96.00,16,58,0,1,Personal Auto,Personal L3,2,Agent,$460.08,Four-Door Car,Large
LT57320,Nevada,3301.89,No,Basic,Master,2011-01-14,Disabled,F,"$30,688.00",Rural,Married,$84.00,42,47,0,1,Personal Auto,Personal L1,3,Branch,$21.08,Four-Door Car,Medsize
QA41472,Oregon,18029.91,No,Basic,Bachelor,2011-01-14,Employed,M,"$46,568.00",Urban,Married,$153.00,36,39,0,2,Personal Auto,Personal L3,3,Branch,$526.06,SUV,Medsize
VM85856,Oregon,3474.93,Yes,Basic,Master,2011-01-14,Employed,F,"$47,237.00",Rural,Single,$88.00,31,99,0,1,Personal Auto,Personal L3,2,Web,$57.63,Four-Door Car,Medsize
BD77090,Washington,11622.36,Yes,Basic,Bachelor,2011-01-14,Employed,F,"$1,06,772.00",Urban,Married,$144.00,3,100,0,3,Personal Auto,Personal L1,2,Branch,$390.20,SUV,Medsize
HI41970,Oregon,7665.36,No,Basic,High School or Below,2011-01-14,Employed,F,"$92,706.00",Rural,Married,$95.00,41,66,0,6,Special Auto,Special L2,2,Call Center,$10.90,Two-Door Car,Medsize
XK15687,Oregon,14714.06,No,Extended,High School or Below,2011-01-14,Employed,F,"$78,999.00",Rural,Married,$184.00,23,12,0,3,Personal Auto,Personal L3,1,Agent,$436.91,SUV,Medsize
JY87538,Oregon,38456.2,No,Basic,College,2011-01-14,Employed,F,"$1,24,026.00",Urban,Single,$138.00,7,4,0,2,Personal Auto,Personal L2,1,Web,$468.24,SUV,Medsize
RU50098,Arizona,3474.93,Yes,Basic,Master,2011-01-14,Employed,F,"$47,237.00",Rural,Single,$88.00,31,99,0,1,Personal Auto,Personal L3,2,Web,$57.63,Four-Door Car,Medsize
EL88957,California,4671.17,No,Basic,College,2011-01-14,Unemployed,M,$0.00,Suburban,Married,$135.00,20,130,1,1,Personal Auto,Personal L3,1,Agent,$972.00,SUV,Medsize
OG77759,Arizona,9611.37,No,Basic,Bachelor,2011-01-14,Disabled,M,"$38,106.00",Suburban,Married,$84.00,19,32,0,2,Personal Auto,Personal L3,1,Agent,$744.23,Four-Door Car,Small
UT48216,Nevada,10584.22,Yes,Extended,College,2011-01-14,Employed,M,"$78,859.00",Suburban,Single,$284.00,9,32,2,1,Personal Auto,Personal L1,2,Agent,"$1,360.80",Luxury SUV,Small
FG29932,California,10584.22,Yes,Extended,College,2011-01-14,Employed,M,"$78,859.00",Suburban,Single,$284.00,9,32,2,1,Special Auto,Special L2,2,Agent,"$1,360.80",Luxury SUV,Small
EL89222,California,11622.36,Yes,Basic,Bachelor,2011-01-14,Employed,F,"$1,06,772.00",Urban,Married,$144.00,3,100,0,3,Personal Auto,Personal L3,2,Branch,$390.20,SUV,Medsize
BZ50261,Arizona,15686.89,No,Basic,High School or Below,2011-01-14,Employed,F,"$1,05,671.00",Rural,Married,$97.00,16,49,0,2,Personal Auto,Personal L2,4,Branch,$34.20,Two-Door Car,Small
KC50464,Arizona,3474.93,Yes,Basic,Master,2011-01-14,Employed,F,"$47,237.00",Rural,Single,$88.00,31,99,0,1,Corporate Auto,Corporate L2,2,Web,$57.63,Four-Door Car,Medsize
ZW51071,Oregon,8939.77,No,Extended,High School or Below,2011-01-14,Employed,F,"$1,09,322.00",Rural,Divorced,$113.00,43,36,2,3,Personal Auto,Personal L3,1,Agent,$35.05,Four-Door Car,Medsize
CK74127,Arizona,5610.53,No,Basic,Bachelor,2011-01-14,Unemployed,M,$0.00,Suburban,Single,$84.00,11,27,0,7,Corporate Auto,Corporate L3,2,Agent,$602.64,Four-Door Car,Medsize
TH68648,California,6921.23,No,Basic,College,2011-01-14,Employed,M,"$1,15,455.00",Urban,Married,$86.00,1,76,0,3,Personal Auto,Personal L2,4,Branch,$222.75,Four-Door Car,Medsize
PK51938,Oregon,4110.47,No,Extended,College,2011-01-14,Retired,F,"$23,610.00",Suburban,Divorced,$115.00,42,38,0,1,Corporate Auto,Corporate L3,4,Branch,$793.38,Four-Door Car,Small
OZ19432,Nevada,5904.95,No,Premium,High School or Below,2011-01-14,Employed,F,"$46,597.00",Rural,Married,$153.00,16,95,3,1,Special Auto,Special L2,4,Branch,$57.98,Four-Door Car,Medsize
LC77957,Oregon,11533.38,No,Basic,Bachelor,2011-01-14,Employed,M,"$1,33,893.00",Rural,Married,$143.00,20,27,0,3,Personal Auto,Personal L1,3,Branch,$45.57,SUV,Small
KN24990,Arizona,56013.86,No,Basic,College,2011-01-14,Employed,M,"$50,960.00",Suburban,Married,$244.00,28,30,2,2,Personal Auto,Personal L2,1,Web,"$1,172.88",Luxury Car,Small
TB31268,Arizona,11886.13,No,Basic,College,2011-01-14,Employed,F,"$66,137.00",Suburban,Married,$100.00,4,27,0,2,Personal Auto,Personal L3,2,Web,$479.52,Four-Door Car,Medsize
MS34991,Arizona,9223.7,No,Extended,High School or Below,2011-01-14,Employed,M,"$89,946.00",Suburban,Married,$115.00,43,74,0,8,Personal Auto,Personal L1,2,Branch,$989.84,Four-Door Car,Medsize
PX71218,Arizona,9194.21,No,Basic,Bachelor,2011-01-14,Unemployed,M,$0.00,Suburban,Married,$88.00,9,63,0,2,Personal Auto,Personal L3,4,Branch,$990.26,Four-Door Car,Large
FM54600,Washington,25452.55,No,Premium,High School or Below,2011-01-14,Unemployed,F,$0.00,Suburban,Single,$234.00,32,28,0,2,Corporate Auto,Corporate L2,2,Branch,"$1,681.56",SUV,Medsize
LL57541,California,10411.79,No,Extended,Master,2011-01-14,Employed,F,"$85,892.00",Rural,Married,$128.00,14,7,0,5,Personal Auto,Personal L3,1,Call Center,$236.58,Four-Door Car,Medsize
DR84843,Arizona,3489.12,No,Basic,Bachelor,2011-01-14,Employed,M,"$98,187.00",Rural,Married,$88.00,14,9,0,1,Personal Auto,Personal L3,2,Agent,$169.70,Four-Door Car,Medsize
XT54610,California,2570.4,No,Basic,Bachelor,2011-01-14,Unemployed,F,$0.00,Suburban,Single,$85.00,30,9,3,1,Personal Auto,Personal L1,1,Agent,$408.24,Four-Door Car,Medsize
ON50913,California,17289.57,No,Basic,College,2011-01-14,Unemployed,F,$0.00,Suburban,Married,$93.00,43,28,0,2,Special Auto,Special L2,1,Agent,$608.53,Four-Door Car,Small
PN53766,California,7358.03,No,Basic,Doctor,2011-01-14,Employed,M,"$58,173.00",Urban,Married,$93.00,3,49,1,6,Corporate Auto,Corporate L3,1,Branch,$445.69,Four-Door Car,Medsize
UU53919,Oregon,7294.79,No,Basic,Master,2011-01-14,Employed,F,"$37,031.00",Urban,Married,$92.00,34,16,0,4,Personal Auto,Personal L2,3,Call Center,$249.69,Two-Door Car,Medsize
BH52611,California,15454.13,No,Premium,Bachelor,2011-01-14,Employed,F,"$36,939.00",Urban,Married,$194.00,31,38,0,8,Personal Auto,Personal L2,1,Branch,$570.76,SUV,Medsize
WU21638,California,9244.25,No,Basic,Bachelor,2011-01-14,Unemployed,M,$0.00,Suburban,Married,$258.00,3,95,0,1,Personal Auto,Personal L3,2,Web,"$1,777.96",Luxury SUV,Medsize
DP92488,Washington,3682.15,No,Basic,Doctor,2011-01-14,Employed,F,"$1,00,699.00",Suburban,Married,$90.00,12,41,0,1,Personal Auto,Personal L1,4,Agent,$434.16,Two-Door Car,Medsize
NW21079,Washington,6587.17,No,Basic,Master,2011-01-14,Employed,F,"$90,670.00",Rural,Married,$82.00,23,55,2,5,Personal Auto,Personal L1,1,Call Center,$44.81,Two-Door Car,Small
CD48033,Oregon,17188.13,Yes,Basic,Doctor,2011-01-14,Employed,M,"$55,175.00",Suburban,Married,$142.00,4,76,0,2,Personal Auto,Personal L3,1,Agent,$680.40,SUV,Large
HT31871,Arizona,6562.85,No,Basic,High School or Below,2011-01-14,Employed,M,"$49,012.00",Suburban,Married,$82.00,26,82,0,9,Personal Auto,Personal L1,4,Branch,$395.28,Four-Door Car,Small
TZ22914,Oregon,6926.61,No,Basic,Master,2011-01-14,Disabled,M,"$17,469.00",Urban,Divorced,$92.00,9,49,0,3,Personal Auto,Personal L3,1,Agent,$362.03,Two-Door Car,Large
YR63096,Nevada,8070.01,No,Basic,High School or Below,2011-01-14,Employed,F,"$1,06,839.00",Suburban,Married,$100.00,12,80,0,9,Corporate Auto,Corporate L3,1,Agent,$658.71,Four-Door Car,Small
EY86980,Oregon,8399.99,No,Extended,Bachelor,2011-01-14,Employed,M,"$1,00,265.00",Rural,Single,$105.00,45,3,0,7,Corporate Auto,Corporate L2,4,Agent,$165.36,Two-Door Car,Medsize
ZG69918,Oregon,11027.76,No,Basic,College,2011-01-14,Disabled,M,"$28,106.00",Urban,Married,$99.00,5,88,1,2,Special Auto,Special L2,1,Call Center,$279.27,Four-Door Car,Medsize
CH97666,California,4972.69,No,Basic,Bachelor,2011-01-14,Retired,M,"$16,813.00",Suburban,Married,$135.00,5,92,0,1,Personal Auto,Personal L1,3,Web,$972.00,Sports Car,Medsize
FA59186,California,6291.01,No,Basic,High School or Below,2011-01-14,Unemployed,M,$0.00,Suburban,Single,$90.00,15,117,0,3,Personal Auto,Personal L2,1,Web,$651.24,Two-Door Car,Medsize
AU91447,Oregon,17188.13,Yes,Basic,Doctor,2011-01-14,Employed,M,"$55,175.00",Suburban,Married,$142.00,4,76,0,2,Special Auto,Special L2,1,Agent,$680.40,SUV,Large
MV93555,Oregon,14928.6,No,Extended,High School or Below,2011-01-14,Employed,F,"$94,219.00",Suburban,Single,$185.00,1,128,0,3,Personal Auto,Personal L3,2,Web,$940.62,SUV,Medsize
QO62792,Oregon,10584.22,Yes,Extended,College,2011-01-14,Employed,M,"$78,859.00",Suburban,Single,$284.00,9,32,2,1,Personal Auto,Personal L3,2,Agent,"$1,360.80",Luxury SUV,Small
OZ64384,Oregon,11622.36,Yes,Basic,Bachelor,2011-01-14,Employed,F,"$1,06,772.00",Urban,Married,$144.00,3,100,0,3,Personal Auto,Personal L3,2,Branch,$390.20,SUV,Medsize
RO58812,California,6029.24,No,Basic,College,2011-01-14,Unemployed,M,$0.00,Suburban,Single,$86.00,34,45,0,5,Personal Auto,Personal L1,1,Call Center,$414.72,Four-Door Car,Medsize
VZ70667,Oregon,19179.42,No,Basic,College,2011-01-14,Disabled,F,"$35,176.00",Suburban,Married,$99.00,23,99,0,2,Personal Auto,Personal L3,1,Branch,$480.00,Four-Door Car,Medsize
MM10866,California,11622.36,Yes,Basic,Bachelor,2011-01-14,Employed,F,"$1,06,772.00",Urban,Married,$144.00,3,100,0,3,Personal Auto,Personal L2,2,Branch,$390.20,SUV,Medsize
VB94165,Nevada,9064,No,Extended,Master,2011-01-14,Unemployed,M,$0.00,Suburban,Married,$126.00,11,57,1,3,Special Auto,Special L2,1,Agent,$815.76,Two-Door Car,Small
CI60365,California,46725.36,Yes,Basic,High School or Below,2011-01-14,Employed,F,"$27,122.00",Suburban,Married,$147.00,14,80,0,2,Special Auto,Special L3,2,Agent,$706.32,Sports Car,Medsize
AN79079,Arizona,17188.13,Yes,Basic,Doctor,2011-01-14,Employed,M,"$55,175.00",Suburban,Married,$142.00,4,76,0,2,Personal Auto,Personal L2,1,Agent,$680.40,SUV,Large
OR40901,California,17188.13,Yes,Basic,Doctor,2011-01-14,Employed,M,"$55,175.00",Suburban,Married,$142.00,4,76,0,2,Corporate Auto,Corporate L3,1,Agent,$680.40,SUV,Large
NQ45562,California,9575.06,No,Premium,Master,2011-01-14,Employed,M,"$47,484.00",Rural,Married,$243.00,32,12,2,1,Personal Auto,Personal L2,1,Agent,$560.70,Sports Car,Medsize
OM13505,Washington,6814.1,No,Basic,Bachelor,2011-01-14,Employed,M,"$1,10,350.00",Urban,Single,$86.00,14,127,0,8,Corporate Auto,Corporate L2,1,Agent,$251.71,Four-Door Car,Medsize
GK24074,Arizona,4983.88,No,Extended,College,2011-01-14,Employed,F,"$50,223.00",Urban,Married,$126.00,41,116,0,1,Personal Auto,Personal L3,3,Branch,$435.41,Two-Door Car,Medsize
GA27295,California,53143.15,No,Basic,Master,2011-01-14,Employed,F,"$1,34,831.00",Rural,Divorced,$146.00,16,50,0,2,Personal Auto,Personal L3,3,Call Center,$155.21,SUV,Medsize
AZ75509,Arizona,3347.89,No,Basic,Bachelor,2011-01-14,Employed,F,"$42,765.00",Rural,Married,$85.00,9,4,0,1,Personal Auto,Personal L2,2,Branch,$103.45,Two-Door Car,Medsize
CD27895,California,10310.1,No,Basic,Bachelor,2011-01-14,Unemployed,F,$0.00,Suburban,Single,$96.00,1,39,0,2,Personal Auto,Personal L2,1,Call Center,$460.08,Four-Door Car,Large
IW78492,Arizona,5572.12,No,Basic,College,2011-01-14,Unemployed,F,$0.00,Suburban,Single,$161.00,27,120,3,1,Personal Auto,Personal L2,1,Web,"$1,156.68",Sports Car,Medsize
FG46631,Oregon,22544.27,No,Premium,Bachelor,2011-01-14,Employed,F,"$1,09,890.00",Suburban,Married,$140.00,8,26,0,2,Special Auto,Special L2,2,Web,$673.92,Four-Door Car,Small
RQ99149,California,3710.95,No,Basic,Master,2011-01-14,Employed,M,"$43,790.00",Suburban,Married,$93.00,5,99,0,1,Corporate Auto,Corporate L2,2,Branch,$639.04,Two-Door Car,Medsize
SU95720,California,12046.2,No,Extended,High School or Below,2011-01-14,Unemployed,M,$0.00,Suburban,Married,$169.00,30,108,0,9,Personal Auto,Personal L3,4,Branch,"$1,215.00",SUV,Small
PZ53130,California,11430.81,No,Basic,College,2011-01-14,Medical Leave,F,"$22,100.00",Urban,Married,$100.00,5,73,0,2,Personal Auto,Personal L2,3,Branch,$399.67,Two-Door Car,Large
QY78671,Arizona,3928.93,No,Extended,High School or Below,2011-01-14,Medical Leave,M,"$16,265.00",Suburban,Married,$104.00,8,62,0,1,Corporate Auto,Corporate L1,2,Agent,$498.96,Four-Door Car,Large
XR74789,Washington,9719.52,No,Extended,College,2011-01-14,Employed,F,"$85,493.00",Suburban,Married,$120.00,26,26,0,9,Personal Auto,Personal L2,2,Web,$576.72,Two-Door Car,Medsize
GB39602,Nevada,5284.87,No,Basic,High School or Below,2011-01-14,Unemployed,M,$0.00,Suburban,Single,$151.00,8,0,0,1,Corporate Auto,Corporate L1,1,Call Center,$793.61,Sports Car,Medsize
WE90911,Arizona,7279.79,No,Extended,Bachelor,2011-01-14,Employed,F,"$1,01,841.00",Urban,Single,$184.00,15,131,0,1,Personal Auto,Personal L3,1,Call Center,$591.95,SUV,Medsize
HR44460,California,35557.09,No,Basic,Bachelor,2011-01-14,Employed,F,"$82,310.00",Rural,Divorced,$149.00,27,14,0,2,Personal Auto,Personal L3,1,Agent,$127.57,SUV,Medsize
CZ72326,Oregon,11415.96,No,Extended,High School or Below,2011-01-14,Unemployed,F,$0.00,Suburban,Single,$122.00,19,22,3,2,Corporate Auto,Corporate L3,1,Agent,$874.80,Two-Door Car,Medsize
FM30352,Oregon,12279.26,No,Premium,High School or Below,2011-01-14,Unemployed,F,$0.00,Suburban,Single,$346.00,41,43,0,1,Personal Auto,Personal L3,3,Agent,"$2,624.09",Luxury Car,Medsize
VU99589,Arizona,46725.36,Yes,Basic,High School or Below,2011-01-14,Employed,F,"$27,122.00",Suburban,Married,$147.00,14,80,0,2,Personal Auto,Personal L3,2,Agent,$706.32,Sports Car,Medsize
FH22442,California,3535.69,No,Basic,High School or Below,2011-01-14,Employed,F,"$81,644.00",Rural,Married,$88.00,16,51,0,1,Corporate Auto,Corporate L3,2,Agent,$188.79,Four-Door Car,Medsize
MT27589,Oregon,10584.22,Yes,Extended,College,2011-01-14,Employed,M,"$78,859.00",Suburban,Single,$284.00,9,32,2,1,Corporate Auto,Corporate L1,2,Agent,"$1,360.80",Luxury SUV,Small
IF30418,California,3474.93,Yes,Basic,Master,2011-01-14,Employed,F,"$47,237.00",Rural,Single,$88.00,31,99,0,1,Personal Auto,Personal L3,2,Web,$57.63,Four-Door Car,Medsize
BL79888,Oregon,46725.36,Yes,Basic,High School or Below,2011-01-14,Employed,F,"$27,122.00",Suburban,Married,$147.00,14,80,0,2,Personal Auto,Personal L2,2,Agent,$706.32,Sports Car,Medsize
AD33971,California,16961.49,No,Basic,Doctor,2011-01-14,Unemployed,M,$0.00,Suburban,Married,$92.00,20,70,0,2,Personal Auto,Personal L3,2,Web,$440.64,Four-Door Car,Medsize
FX55409,Oregon,11109.48,No,Basic,Master,2011-01-14,Unemployed,F,$0.00,Urban,Married,$147.00,7,85,0,3,Personal Auto,Personal L2,3,Web,$403.16,SUV,Medsize
FQ24781,Oregon,3474.93,Yes,Basic,Master,2011-01-14,Employed,F,"$47,237.00",Rural,Single,$88.00,31,99,0,1,Personal Auto,Personal L1,2,Web,$57.63,Four-Door Car,Medsize
CR86548,Nevada,16672.1,No,Basic,Master,2011-01-14,Employed,F,"$90,785.00",Suburban,Divorced,$138.00,26,5,0,2,Personal Auto,Personal L2,3,Call Center,$660.96,SUV,Medsize
MS41043,Arizona,10083.35,No,Basic,College,2011-01-14,Unemployed,F,$0.00,Suburban,Married,$269.00,14,23,0,1,Personal Auto,Personal L3,2,Call Center,"$2,641.10",Luxury SUV,Medsize
HE29300,California,52036.7,No,Basic,College,2011-01-14,Employed,M,"$55,490.00",Urban,Married,$147.00,5,14,0,2,Corporate Auto,Corporate L2,4,Call Center,$594.04,SUV,Large
ML93514,California,6396.09,No,Premium,Bachelor,2011-01-14,Employed,M,"$86,369.00",Rural,Married,$159.00,14,105,0,1,Personal Auto,Personal L3,1,Agent,$44.32,Four-Door Car,Medsize
LQ45358,Nevada,5448.29,No,Premium,Bachelor,2011-01-14,Unemployed,M,$0.00,Suburban,Married,$151.00,8,99,0,1,Personal Auto,Personal L1,3,Call Center,$725.76,Four-Door Car,Medsize
JQ22359,Oregon,4412.24,No,Extended,College,2011-01-14,Unemployed,F,$0.00,Suburban,Single,$126.00,12,47,0,1,Personal Auto,Personal L2,4,Branch,$741.29,Two-Door Car,Medsize
DB34757,Arizona,3550.79,No,Basic,College,2011-01-14,Employed,M,"$1,08,174.00",Rural,Married,$89.00,8,95,0,1,Personal Auto,Personal L1,4,Branch,$223.08,Four-Door Car,Medsize
XO70106,Oregon,16769.51,No,Basic,Bachelor,2011-01-14,Employed,M,"$79,354.00",Urban,Divorced,$143.00,42,50,0,2,Personal Auto,Personal L2,1,Agent,$678.32,SUV,Small
HO94329,Arizona,34965.27,No,Basic,College,2011-01-14,Employed,M,"$71,692.00",Urban,Married,$149.00,8,88,0,2,Corporate Auto,Corporate L1,3,Agent,$493.24,SUV,Medsize
DK66277,California,3786.99,No,Basic,High School or Below,2011-01-14,Employed,M,"$1,33,460.00",Suburban,Divorced,$95.00,4,77,0,1,Personal Auto,Personal L1,4,Web,$680.40,Four-Door Car,Small
TE50227,Arizona,25512.74,No,Extended,College,2011-01-14,Unemployed,M,$0.00,Suburban,Single,$178.00,31,45,0,2,Personal Auto,Personal L1,1,Agent,"$1,897.15",SUV,Medsize
JK53304,California,8314.67,No,Extended,High School or Below,2011-01-14,Employed,F,"$1,31,838.00",Suburban,Married,$103.00,9,111,1,3,Personal Auto,Personal L3,1,Call Center,$492.48,Four-Door Car,Medsize
BA49679,Arizona,10247.73,No,Basic,Bachelor,2011-01-14,Employed,F,"$70,670.00",Suburban,Divorced,$88.00,45,24,1,2,Personal Auto,Personal L2,3,Branch,$421.20,Two-Door Car,Medsize
TD86744,Arizona,46725.36,Yes,Basic,High School or Below,2011-01-14,Employed,F,"$27,122.00",Suburban,Married,$147.00,14,80,0,2,Personal Auto,Personal L3,2,Agent,$706.32,Sports Car,Medsize
LR82946,Oregon,8933.14,No,Basic,Bachelor,2011-01-14,Unemployed,M,$0.00,Suburban,Single,$263.00,27,82,0,1,Personal Auto,Personal L3,3,Branch,"$1,895.40",Luxury SUV,Medsize
LA31975,Arizona,17745.06,No,Basic,College,2011-01-14,Unemployed,M,$0.00,Suburban,Single,$262.00,31,46,0,7,Personal Auto,Personal L3,1,Branch,"$1,257.12",Luxury SUV,Small
LX27768,Oregon,5673.6,No,Basic,Bachelor,2011-01-14,Employed,F,"$99,977.00",Suburban,Married,$142.00,16,101,1,1,Personal Auto,Personal L2,3,Branch,$853.53,SUV,Small
BP54465,Arizona,14237.98,No,Extended,Master,2011-01-14,Employed,F,"$59,295.00",Rural,Married,$119.00,35,119,0,2,Personal Auto,Personal L3,2,Web,$146.75,Four-Door Car,Medsize
SZ86381,Oregon,6901.97,No,Basic,Bachelor,2011-01-14,Employed,M,"$76,392.00",Suburban,Divorced,$88.00,5,119,1,6,Personal Auto,Personal L3,1,Web,$421.20,Four-Door Car,Medsize
KS42294,California,28255.57,No,Basic,College,2011-01-14,Employed,F,"$41,222.00",Rural,Married,$89.00,30,24,0,2,Personal Auto,Personal L3,2,Call Center,$127.09,Four-Door Car,Small
TJ58873,Oregon,3710.88,No,Basic,High School or Below,2011-01-14,Employed,M,"$76,815.00",Urban,Married,$92.00,15,46,0,1,Personal Auto,Personal L3,3,Agent,$410.56,Four-Door Car,Medsize
ZG59671,Oregon,13193.19,No,Extended,College,2011-01-14,Employed,M,"$80,089.00",Rural,Divorced,$112.00,27,103,0,2,Personal Auto,Personal L2,1,Branch,$110.16,Four-Door Car,Medsize
VW88885,California,22958.1,No,Basic,Bachelor,2011-01-14,Employed,F,"$79,137.00",Suburban,Married,$96.00,15,69,0,2,Corporate Auto,Corporate L2,3,Call Center,$460.08,Four-Door Car,Medsize
FG43850,Oregon,10088.11,No,Extended,High School or Below,2011-01-14,Employed,M,"$59,920.00",Suburban,Single,$131.00,8,42,0,7,Corporate Auto,Corporate L3,4,Call Center,$628.56,Four-Door Car,Small
BF45697,California,7654.68,No,Basic,College,2011-01-14,Employed,M,"$1,12,166.00",Urban,Married,$96.00,1,58,3,3,Personal Auto,Personal L3,3,Agent,$432.66,Four-Door Car,Medsize
TJ68521,Washington,7090.16,No,Basic,Master,2011-01-14,Employed,M,"$56,688.00",Rural,Single,$90.00,19,101,0,3,Personal Auto,Personal L2,1,Call Center,$119.32,Four-Door Car,Large
QQ18636,Arizona,18753.76,No,Basic,College,2011-01-14,Employed,F,"$95,479.00",Suburban,Divorced,$95.00,3,0,0,2,Corporate Auto,Corporate L3,2,Web,$453.60,Four-Door Car,Medsize
CA14631,California,8845.74,No,Extended,High School or Below,2011-01-14,Employed,M,"$75,854.00",Rural,Married,$116.00,27,70,3,3,Special Auto,Special L2,2,Web,$237.56,Four-Door Car,Large
QN68814,Oregon,3204.62,No,Basic,Bachelor,2011-01-14,Unemployed,M,$0.00,Suburban,Married,$88.00,43,119,0,1,Corporate Auto,Corporate L2,1,Agent,$421.20,Two-Door Car,Medsize
WC34456,California,5380.29,No,Extended,Bachelor,2011-01-14,Employed,F,"$1,04,948.00",Urban,Married,$132.00,42,82,0,1,Personal Auto,Personal L3,2,Call Center,$578.56,Four-Door Car,Large
WO81184,California,6820.72,No,Basic,Bachelor,2011-01-14,Employed,M,"$46,771.00",Urban,Single,$93.00,1,3,3,5,Special Auto,Special L3,3,Agent,$297.60,Two-Door Car,Large
EP26605,Washington,7679.08,No,Basic,Bachelor,2011-01-14,Employed,F,"$60,525.00",Suburban,Divorced,$97.00,32,80,0,3,Personal Auto,Personal L2,1,Agent,$466.56,Two-Door Car,Medsize
PF26758,Oregon,8466.28,No,Extended,College,2011-01-14,Employed,F,"$1,28,088.00",Urban,Single,$107.00,24,99,3,3,Special Auto,Special L2,1,Agent,$469.25,Four-Door Car,Medsize
QI89498,Oregon,2974.84,No,Basic,College,2011-01-14,Unemployed,F,$0.00,Suburban,Single,$86.00,11,16,0,1,Personal Auto,Personal L3,2,Agent,"$1,022.23",Four-Door Car,Small
GP83239,California,10584.22,Yes,Extended,College,2011-01-14,Employed,M,"$78,859.00",Suburban,Single,$284.00,9,32,2,1,Personal Auto,Personal L3,2,Agent,"$1,360.80",Luxury SUV,Small
CL73599,Arizona,11622.36,Yes,Basic,Bachelor,2011-01-14,Employed,F,"$1,06,772.00",Urban,Married,$144.00,3,100,0,3,Personal Auto,Personal L3,2,Branch,$390.20,SUV,Medsize
GY69750,Oregon,7150.73,No,Basic,Master,2011-01-14,Unemployed,M,$0.00,Rural,Divorced,$99.00,45,59,0,3,Personal Auto,Personal L3,1,Branch,$205.31,Four-Door Car,Large
OO72857,Oregon,23292.95,No,Basic,Bachelor,2011-01-14,Unemployed,M,$0.00,Suburban,Married,$93.00,45,66,1,2,Personal Auto,Personal L1,1,Agent,$447.12,Four-Door Car,Medsize
LR69185,Nevada,7748.76,No,Extended,College,2011-01-14,Unemployed,M,$0.00,Suburban,Single,$108.00,36,119,0,3,Personal Auto,Personal L2,2,Agent,"$1,145.07",Four-Door Car,Medsize
AG85127,Oregon,10915.36,No,Basic,Bachelor,2011-01-14,Employed,M,"$82,902.00",Urban,Married,$92.00,41,108,0,2,Special Auto,Special L3,3,Web,$356.45,Four-Door Car,Medsize
CU10179,California,7106.29,No,Extended,College,2011-01-14,Employed,F,"$1,11,413.00",Rural,Married,$177.00,14,88,0,1,Personal Auto,Personal L1,2,Agent,$348.35,Sports Car,Small
MD41042,Arizona,7960.32,No,Basic,College,2011-01-14,Employed,F,"$53,046.00",Urban,Married,$100.00,23,65,0,6,Personal Auto,Personal L3,2,Web,$476.20,Two-Door Car,Medsize
SG82836,Oregon,8693.7,No,Extended,High School or Below,2011-01-14,Employed,M,"$64,006.00",Suburban,Married,$109.00,14,53,0,7,Personal Auto,Personal L2,1,Branch,$569.46,Two-Door Car,Small
LM58227,Oregon,7135.17,No,Basic,High School or Below,2011-01-14,Employed,F,"$87,880.00",Suburban,Married,$90.00,4,109,3,8,Personal Auto,Personal L2,1,Call Center,$434.16,Four-Door Car,Medsize
BQ32117,California,17188.13,Yes,Basic,Doctor,2011-01-14,Employed,M,"$55,175.00",Suburban,Married,$142.00,4,76,0,2,Personal Auto,Personal L1,1,Agent,$680.40,SUV,Large
PD36660,California,11940.85,No,Basic,High School or Below,2011-01-14,Employed,F,"$1,29,398.00",Urban,Married,$147.00,4,22,0,3,Corporate Auto,Corporate L1,1,Agent,$443.48,Sports Car,Medsize
BQ60673,California,7026.78,No,Basic,Bachelor,2011-01-14,Employed,M,"$44,477.00",Suburban,Married,$89.00,18,9,0,6,Corporate Auto,Corporate L3,1,Branch,$427.68,Two-Door Car,Small
VQ53427,California,7299.04,No,Basic,College,2011-01-14,Medical Leave,M,"$29,504.00",Suburban,Married,$100.00,28,66,1,6,Corporate Auto,Corporate L2,1,Web,$479.52,Four-Door Car,Medsize
GC69429,California,20002.88,No,Extended,Master,2011-01-14,Unemployed,M,$0.00,Suburban,Divorced,$182.00,24,76,0,2,Personal Auto,Personal L2,1,Branch,$874.80,SUV,Medsize
HX41374,California,20566.91,No,Extended,High School or Below,2011-01-14,Employed,M,"$98,534.00",Rural,Married,$171.00,8,104,0,2,Personal Auto,Personal L3,3,Call Center,$373.28,SUV,Medsize
ZA60820,California,3252.15,No,Basic,High School or Below,2011-01-14,Unemployed,M,$0.00,Suburban,Single,$90.00,9,97,0,1,Personal Auto,Personal L2,2,Call Center,$651.24,Two-Door Car,Medsize
YN69214,California,10381.11,No,Basic,Bachelor,2011-01-14,Unemployed,M,$0.00,Suburban,Single,$99.00,4,99,0,2,Personal Auto,Personal L1,2,Web,$833.90,Four-Door Car,Medsize
RA89822,California,46725.36,Yes,Basic,High School or Below,2011-01-14,Employed,F,"$27,122.00",Suburban,Married,$147.00,14,80,0,2,Personal Auto,Personal L2,2,Agent,$706.32,Sports Car,Medsize
YV55495,Arizona,7754.71,No,Basic,High School or Below,2011-01-15,Employed,F,"$93,132.00",Urban,Married,$96.00,15,54,0,6,Personal Auto,Personal L1,1,Branch,$276.04,Four-Door Car,Medsize
FG63582,Oregon,4508.68,No,Extended,Bachelor,2011-01-15,Unemployed,M,$0.00,Suburban,Single,$127.00,27,72,0,1,Personal Auto,Personal L3,1,Agent,"$1,165.49",Two-Door Car,Small
SK55033,California,3334.2,No,Basic,Bachelor,2011-01-15,Employed,F,"$1,25,160.00",Suburban,Single,$84.00,32,14,0,1,Personal Auto,Personal L2,3,Agent,$497.34,Two-Door Car,Medsize
RB81636,Washington,3070.95,No,Basic,College,2011-01-15,Unemployed,F,$0.00,Suburban,Single,$85.00,3,7,0,1,Personal Auto,Personal L2,2,Agent,$818.97,Four-Door Car,Small
LP45550,Oregon,20741.19,No,Premium,Doctor,2011-01-15,Disabled,F,"$21,461.00",Urban,Divorced,$136.00,41,134,0,2,Personal Auto,Personal L3,2,Agent,$409.25,Four-Door Car,Medsize
VE89726,California,10833.61,No,Basic,High School or Below,2011-01-15,Unemployed,F,$0.00,Suburban,Single,$161.00,8,65,1,8,Personal Auto,Personal L1,3,Branch,"$1,156.68",SUV,Medsize
RZ13254,Nevada,10209.81,No,Basic,Bachelor,2011-01-15,Unemployed,F,$0.00,Suburban,Single,$99.00,31,123,0,2,Personal Auto,Personal L1,2,Branch,$473.04,Four-Door Car,Large
OY74069,Arizona,4776.38,No,Basic,College,2011-01-15,Unemployed,F,$0.00,Suburban,Single,$90.00,16,90,5,7,Personal Auto,Personal L2,4,Call Center,$434.16,Four-Door Car,Medsize
GL67540,California,7970.52,No,Basic,College,2011-01-15,Employed,F,"$1,31,508.00",Urban,Married,$99.00,28,108,0,6,Personal Auto,Personal L3,1,Agent,$362.91,Four-Door Car,Medsize
DF95759,Oregon,12814.66,No,Extended,College,2011-01-15,Unemployed,M,$0.00,Suburban,Married,$178.00,12,115,0,6,Personal Auto,Personal L3,2,Agent,$855.36,SUV,Medsize
WT43034,California,16876.14,No,Premium,High School or Below,2011-01-15,Unemployed,F,$0.00,Suburban,Married,$223.00,22,58,0,3,Personal Auto,Personal L3,3,Call Center,"$1,069.20",SUV,Medsize
TC14209,Arizona,12279.26,No,Extended,High School or Below,2011-01-15,Unemployed,F,$0.00,Suburban,Single,$173.00,7,103,0,8,Personal Auto,Personal L2,1,Agent,"$1,244.16",SUV,Medsize
NG27780,Oregon,3402.17,No,Basic,College,2011-01-15,Unemployed,M,$0.00,Rural,Married,$95.00,24,63,0,1,Corporate Auto,Corporate L1,2,Agent,$85.11,Four-Door Car,Medsize
JJ76159,California,3286.82,No,Basic,College,2011-01-15,Employed,M,"$1,29,661.00",Rural,Divorced,$82.00,32,47,0,1,Corporate Auto,Corporate L3,2,Web,$11.59,Four-Door Car,Large
RM42344,Oregon,3705.93,No,Basic,College,2011-01-15,Employed,M,"$1,23,872.00",Suburban,Married,$93.00,39,78,1,1,Personal Auto,Personal L3,2,Web,$447.12,Four-Door Car,Medsize
RN78170,Arizona,11014.83,No,Basic,College,2011-01-15,Employed,F,"$54,795.00",Suburban,Divorced,$93.00,31,92,0,2,Corporate Auto,Corporate L3,4,Branch,$447.12,Four-Door Car,Medsize
QC55306,Washington,42069.64,No,Extended,High School or Below,2011-01-15,Employed,M,"$1,12,280.00",Urban,Married,$131.00,0,72,0,2,Personal Auto,Personal L2,2,Agent,$464.56,Four-Door Car,Medsize
AS55677,California,11257.64,No,Premium,High School or Below,2011-01-15,Employed,F,"$95,221.00",Rural,Divorced,$140.00,42,96,0,3,Personal Auto,Personal L2,3,Branch,$72.99,Four-Door Car,Medsize
CH85057,Oregon,15476.39,No,Premium,Doctor,2011-01-15,Employed,F,"$61,228.00",Rural,Married,$385.00,7,69,0,1,Personal Auto,Personal L3,4,Agent,$729.19,Luxury SUV,Medsize
SI31236,Oregon,13731.31,No,Basic,Bachelor,2011-01-15,Employed,M,"$94,770.00",Suburban,Divorced,$88.00,34,14,0,2,Corporate Auto,Corporate L3,2,Agent,$421.20,Four-Door Car,Medsize
OV50124,Oregon,6664.8,No,Basic,College,2011-01-15,Unemployed,F,$0.00,Suburban,Single,$97.00,9,46,2,7,Personal Auto,Personal L3,2,Agent,$528.71,Two-Door Car,Medsize
MY31220,California,12146,No,Premium,College,2011-01-15,Employed,F,"$73,211.00",Suburban,Married,$151.00,14,28,0,9,Personal Auto,Personal L2,2,Agent,$725.76,Two-Door Car,Medsize
IA96447,California,9009.55,No,Premium,College,2011-01-15,Employed,M,"$1,14,776.00",Suburban,Married,$225.00,35,124,0,1,Personal Auto,Personal L3,2,Agent,"$1,082.16",Sports Car,Medsize
BT76268,California,7935.57,No,Basic,College,2011-01-15,Employed,F,"$29,782.00",Suburban,Married,$100.00,34,34,0,8,Personal Auto,Personal L2,2,Branch,$479.52,Four-Door Car,Medsize
VG56765,Arizona,3336.56,Yes,Basic,High School or Below,2011-01-15,Employed,M,"$1,29,191.00",Rural,Married,$82.00,22,74,0,1,Personal Auto,Personal L2,2,Agent,$154.27,Two-Door Car,Medsize
UW37050,Oregon,26860.17,No,Extended,Bachelor,2011-01-15,Employed,F,"$81,567.00",Urban,Married,$335.00,11,100,0,8,Personal Auto,Personal L2,2,Web,$854.47,Luxury SUV,Medsize
SJ74501,Arizona,7919.67,No,Basic,Bachelor,2011-01-15,Employed,F,"$35,921.00",Urban,Married,$99.00,16,19,0,6,Personal Auto,Personal L2,3,Agent,$316.22,Two-Door Car,Medsize
GE29173,Nevada,11598.26,No,Extended,Bachelor,2011-01-15,Unemployed,M,$0.00,Suburban,Single,$173.00,5,32,0,6,Corporate Auto,Corporate L2,1,Branch,"$1,956.14",SUV,Medsize
PC83755,Oregon,3336.56,Yes,Basic,High School or Below,2011-01-15,Employed,M,"$1,29,191.00",Rural,Married,$82.00,22,74,0,1,Personal Auto,Personal L2,2,Agent,$154.27,Two-Door Car,Medsize
ED29955,California,7133.46,No,Basic,Bachelor,2011-01-15,Employed,M,"$83,082.00",Suburban,Married,$90.00,45,112,0,6,Personal Auto,Personal L3,1,Agent,$434.16,Four-Door Car,Medsize
EQ69638,Washington,6895.29,No,Extended,College,2011-01-15,Unemployed,M,$0.00,Suburban,Single,$104.00,3,96,0,9,Personal Auto,Personal L3,3,Branch,$748.44,Four-Door Car,Small
ZR40902,Oregon,5682.53,No,Premium,Bachelor,2011-01-15,Medical Leave,F,"$35,687.00",Suburban,Married,$150.00,43,68,1,1,Corporate Auto,Corporate L2,1,Agent,"$1,366.54",Four-Door Car,Small
MJ14480,Arizona,7559.17,No,Basic,High School or Below,2011-01-15,Employed,F,"$47,266.00",Suburban,Single,$97.00,0,68,0,6,Personal Auto,Personal L3,2,Agent,$466.56,Four-Door Car,Medsize
DQ98402,Nevada,4920.53,Yes,Extended,High School or Below,2011-01-15,Employed,F,"$1,11,344.00",Suburban,Married,$122.00,1,93,0,1,Corporate Auto,Corporate L3,2,Agent,$583.20,Two-Door Car,Large
WN53966,California,4986.15,No,Extended,Master,2011-01-15,Employed,M,"$1,15,926.00",Rural,Married,$124.00,5,34,1,1,Personal Auto,Personal L3,4,Call Center,$152.06,Four-Door Car,Medsize
SZ75668,Oregon,10090.72,No,Basic,College,2011-01-15,Employed,M,"$59,651.00",Urban,Married,$86.00,12,130,2,2,Personal Auto,Personal L1,1,Agent,$398.32,Four-Door Car,Medsize
AT49447,California,10248.97,No,Extended,Bachelor,2011-01-15,Employed,M,"$1,34,135.00",Rural,Married,$128.00,22,26,0,9,Personal Auto,Personal L3,2,Call Center,$314.91,Two-Door Car,Medsize
FB25242,Oregon,7677.34,No,Basic,College,2011-01-15,Employed,M,"$85,243.00",Suburban,Married,$96.00,42,115,0,3,Corporate Auto,Corporate L3,1,Call Center,$460.08,Four-Door Car,Medsize
OM85313,California,3944.61,No,Basic,Master,2011-01-15,Employed,M,"$85,724.00",Urban,Married,$99.00,28,107,0,1,Personal Auto,Personal L3,2,Agent,$376.60,Four-Door Car,Medsize
PE47967,Oregon,9833.31,No,Basic,College,2011-01-15,Employed,F,"$1,06,724.00",Rural,Divorced,$251.00,43,32,1,1,Personal Auto,Personal L1,2,Branch,$239.81,Luxury SUV,Medsize
QR47308,Nevada,3706.09,No,Basic,College,2011-01-15,Employed,F,"$61,008.00",Urban,Married,$93.00,24,46,0,1,Personal Auto,Personal L3,2,Web,$446.56,Four-Door Car,Large
TB86706,Arizona,3378.56,No,Basic,Master,2011-01-15,Unemployed,M,$0.00,Rural,Married,$89.00,11,15,0,1,Personal Auto,Personal L1,4,Branch,$4.68,Two-Door Car,Medsize
No73819,California,14709.67,No,Extended,Master,2011-01-15,Employed,F,"$39,643.00",Suburban,Married,$185.00,19,105,0,7,Personal Auto,Personal L1,2,Agent,$887.76,Sports Car,Large
QF74147,California,11416.58,No,Basic,College,2011-01-15,Employed,F,"$1,14,175.00",Rural,Divorced,$95.00,18,101,0,2,Special Auto,Special L2,1,Call Center,$226.07,Four-Door Car,Medsize
TC88451,Nevada,7746.67,No,Basic,High School or Below,2011-01-15,Employed,F,"$1,18,874.00",Urban,Married,$96.00,15,50,0,6,Personal Auto,Personal L1,4,Call Center,$455.93,Four-Door Car,Medsize
EQ62488,Oregon,20292.61,No,Basic,College,2011-01-15,Employed,F,"$80,266.00",Suburban,Married,$255.00,15,9,0,8,Personal Auto,Personal L3,2,Call Center,"$1,224.72",Luxury Car,Large
HX74855,Washington,3336.56,Yes,Basic,High School or Below,2011-01-15,Employed,M,"$1,29,191.00",Rural,Married,$82.00,22,74,0,1,Personal Auto,Personal L3,2,Agent,$154.27,Two-Door Car,Medsize
ML23548,Arizona,14240.52,No,Extended,Doctor,2011-01-15,Employed,F,"$37,068.00",Suburban,Married,$177.00,24,84,1,3,Personal Auto,Personal L1,3,Call Center,$986.00,Sports Car,Medsize
JO17193,Washington,3105.93,Yes,Basic,Bachelor,2011-01-15,Retired,M,"$34,972.00",Suburban,Divorced,$85.00,28,16,0,1,Personal Auto,Personal L3,1,Agent,$408.24,Four-Door Car,Large
GI70742,Oregon,11585.21,No,Basic,High School or Below,2011-01-15,Employed,F,"$89,729.00",Urban,Married,$96.00,27,47,0,2,Personal Auto,Personal L3,2,Call Center,$395.57,Four-Door Car,Medsize
SH85263,California,10409.73,No,Basic,Bachelor,2011-01-15,Employed,M,"$1,04,817.00",Urban,Married,$86.00,27,19,0,2,Personal Auto,Personal L3,1,Branch,$380.90,Two-Door Car,Large
JP64518,Nevada,3243.8,No,Basic,Bachelor,2011-01-15,Employed,M,"$29,199.00",Suburban,Divorced,$84.00,26,73,0,1,Corporate Auto,Corporate L2,1,Call Center,$403.15,Two-Door Car,Small
FM67585,California,7952.21,No,Basic,High School or Below,2011-01-15,Employed,M,"$1,03,781.00",Rural,Married,$99.00,28,5,0,9,Personal Auto,Personal L3,3,Agent,$23.46,Four-Door Car,Medsize
YO62357,California,10034.36,No,Basic,College,2011-01-15,Employed,F,"$79,433.00",Rural,Single,$88.00,5,88,3,2,Personal Auto,Personal L3,1,Call Center,$25.60,Two-Door Car,Medsize
TG75223,California,5822.37,No,Basic,Bachelor,2011-01-15,Retired,M,"$28,355.00",Suburban,Single,$84.00,36,27,0,3,Personal Auto,Personal L3,2,Call Center,$401.76,Two-Door Car,Medsize
FP60372,Nevada,10898.21,No,Basic,Bachelor,2011-01-15,Employed,M,"$41,288.00",Rural,Married,$92.00,14,50,0,2,Personal Auto,Personal L2,3,Branch,$69.74,Two-Door Car,Medsize
AS26192,Oregon,7450.76,No,Basic,High School or Below,2011-01-15,Employed,M,"$68,048.00",Rural,Divorced,$95.00,27,31,0,9,Corporate Auto,Corporate L3,1,Call Center,$178.48,Four-Door Car,Medsize
AS17174,Oregon,3336.56,Yes,Basic,High School or Below,2011-01-15,Employed,M,"$1,29,191.00",Rural,Married,$82.00,22,74,0,1,Personal Auto,Personal L2,2,Agent,$154.27,Two-Door Car,Medsize
NC68853,Oregon,15246.88,No,Basic,High School or Below,2011-01-15,Unemployed,M,$0.00,Suburban,Married,$140.00,26,43,0,2,Personal Auto,Personal L3,1,Call Center,$673.92,SUV,Medsize
UY94269,Oregon,4038.42,No,Basic,Master,2011-01-15,Employed,F,"$48,067.00",Suburban,Married,$100.00,0,128,0,1,Personal Auto,Personal L3,3,Agent,$479.52,Two-Door Car,Medsize
WB43408,Oregon,6207.62,No,Basic,College,2011-01-15,Employed,F,"$69,556.00",Suburban,Married,$157.00,15,27,0,1,Personal Auto,Personal L3,4,Branch,$997.44,SUV,Medsize
BH28530,California,29149.34,No,Premium,High School or Below,2011-01-15,Employed,M,"$69,125.00",Suburban,Married,$244.00,38,31,0,2,Personal Auto,Personal L2,4,Web,"$1,254.90",Sports Car,Medsize
LO57874,Oregon,3105.93,Yes,Basic,Bachelor,2011-01-15,Retired,M,"$34,972.00",Suburban,Divorced,$85.00,28,16,0,1,Corporate Auto,Corporate L3,1,Agent,$408.24,Four-Door Car,Large
PY80506,Oregon,6432.56,No,Basic,High School or Below,2011-01-15,Employed,M,"$1,06,322.00",Urban,Married,$161.00,11,76,3,1,Personal Auto,Personal L2,4,Agent,$518.13,Sports Car,Medsize
CI95726,Nevada,4920.53,Yes,Extended,High School or Below,2011-01-15,Employed,F,"$1,11,344.00",Suburban,Married,$122.00,1,93,0,1,Personal Auto,Personal L3,2,Agent,$583.20,Two-Door Car,Large
WO17738,Oregon,11769.1,No,Premium,High School or Below,2011-01-15,Employed,F,"$49,471.00",Suburban,Single,$151.00,28,68,0,7,Corporate Auto,Corporate L3,2,Agent,$829.01,Four-Door Car,Large
XL44677,California,3105.93,Yes,Basic,Bachelor,2011-01-15,Retired,M,"$34,972.00",Suburban,Divorced,$85.00,28,16,0,1,Personal Auto,Personal L1,1,Agent,$408.24,Four-Door Car,Large
QB86817,Oregon,10053.2,No,Extended,High School or Below,2011-01-15,Employed,F,"$1,32,617.00",Urban,Divorced,$126.00,28,92,0,8,Personal Auto,Personal L1,2,Agent,$509.52,Four-Door Car,Medsize
IN41344,Washington,3924.94,No,Basic,College,2011-01-15,Employed,M,"$32,466.00",Suburban,Married,$100.00,46,108,0,1,Personal Auto,Personal L3,4,Branch,$663.45,Four-Door Car,Medsize
YU79270,Arizona,6255,No,Basic,College,2011-01-15,Medical Leave,M,"$36,628.00",Suburban,Single,$85.00,43,80,1,4,Personal Auto,Personal L1,1,Branch,$408.24,Four-Door Car,Medsize
TC18805,Washington,13417.99,No,Extended,Bachelor,2011-01-15,Disabled,M,"$17,829.00",Urban,Married,$185.00,22,111,2,3,Personal Auto,Personal L1,1,Agent,$530.44,SUV,Medsize
LQ50657,Arizona,4920.53,Yes,Extended,High School or Below,2011-01-15,Employed,F,"$1,11,344.00",Suburban,Married,$122.00,1,93,0,1,Personal Auto,Personal L1,2,Agent,$583.20,Two-Door Car,Large
LK51620,California,17417.83,No,Premium,High School or Below,2011-01-15,Employed,M,"$1,32,945.00",Suburban,Married,$143.00,28,108,0,2,Corporate Auto,Corporate L3,1,Branch,$686.88,Four-Door Car,Small
PW23851,Oregon,20589.63,No,Extended,Bachelor,2011-01-15,Employed,F,"$85,437.00",Suburban,Married,$171.00,7,113,0,2,Personal Auto,Personal L2,1,Agent,$833.22,SUV,Small
LR79755,California,3863.94,No,Basic,College,2011-01-15,Employed,M,"$99,946.00",Urban,Divorced,$97.00,27,86,0,1,Personal Auto,Personal L3,2,Branch,$361.01,Four-Door Car,Medsize
UV54104,Oregon,3105.93,Yes,Basic,Bachelor,2011-01-15,Retired,M,"$34,972.00",Suburban,Divorced,$85.00,28,16,0,1,Personal Auto,Personal L3,1,Agent,$408.24,Four-Door Car,Large
ES87355,Oregon,10212.23,No,Basic,Bachelor,2011-01-15,Employed,F,"$65,314.00",Suburban,Married,$85.00,3,96,0,2,Personal Auto,Personal L3,1,Agent,$408.24,Two-Door Car,Small
KX55910,Oregon,6692,No,Basic,College,2011-01-15,Employed,F,"$84,784.00",Suburban,Married,$84.00,22,16,0,5,Personal Auto,Personal L3,2,Web,$541.30,Two-Door Car,Small
CX85598,Arizona,7244.07,No,Basic,Bachelor,2011-01-15,Employed,M,"$69,174.00",Urban,Single,$95.00,0,50,2,5,Personal Auto,Personal L1,2,Branch,$383.20,Four-Door Car,Medsize
WH63678,Oregon,3682.37,No,Basic,Master,2011-01-15,Employed,M,"$1,00,721.00",Suburban,Married,$92.00,15,5,1,1,Corporate Auto,Corporate L2,3,Web,$550.37,Four-Door Car,Medsize
OT40088,Oregon,13371.72,No,Basic,High School or Below,2011-01-15,Unemployed,F,$0.00,Suburban,Single,$89.00,1,99,0,2,Personal Auto,Personal L3,1,Web,$641.52,Four-Door Car,Small
FP78531,California,18133.2,No,Basic,Bachelor,2011-01-15,Employed,F,"$93,091.00",Rural,Single,$159.00,16,11,2,2,Personal Auto,Personal L3,3,Call Center,$160.03,SUV,Medsize
ZO29478,Washington,35366.51,Yes,Basic,High School or Below,2011-01-15,Disabled,F,"$24,968.00",Suburban,Married,$153.00,14,20,0,2,Personal Auto,Personal L2,1,Branch,$732.24,SUV,Large
QF21628,California,4179.1,No,Extended,High School or Below,2011-01-15,Employed,M,"$72,344.00",Suburban,Married,$104.00,14,96,0,1,Personal Auto,Personal L3,2,Branch,$498.96,Four-Door Car,Medsize
RD15786,Oregon,3105.93,Yes,Basic,Bachelor,2011-01-15,Retired,M,"$34,972.00",Suburban,Divorced,$85.00,28,16,0,1,Personal Auto,Personal L3,1,Agent,$408.24,Four-Door Car,Large
LZ34164,Nevada,6605.03,No,Basic,Bachelor,2011-01-15,Employed,F,"$58,319.00",Suburban,Married,$82.00,31,42,0,3,Personal Auto,Personal L3,4,Call Center,$450.91,Four-Door Car,Medsize
SZ35936,Oregon,35366.51,Yes,Basic,High School or Below,2011-01-15,Disabled,F,"$24,968.00",Suburban,Married,$153.00,14,20,0,2,Corporate Auto,Corporate L3,1,Branch,$732.24,SUV,Large
KC16062,Arizona,10193.07,No,Basic,High School or Below,2011-01-15,Unemployed,F,$0.00,Suburban,Married,$135.00,27,65,0,6,Corporate Auto,Corporate L3,1,Agent,$648.00,SUV,Small
JZ54775,Arizona,10032.75,No,Extended,Bachelor,2011-01-15,Employed,F,"$37,379.00",Suburban,Married,$124.00,11,116,0,9,Personal Auto,Personal L3,1,Agent,$772.68,Four-Door Car,Small
DA99797,Oregon,21571.53,No,Extended,Bachelor,2011-01-15,Employed,F,"$45,726.00",Suburban,Single,$184.00,3,31,0,2,Personal Auto,Personal L3,1,Call Center,"$1,260.39",SUV,Medsize
GU33167,Oregon,7518.13,No,Basic,College,2011-01-15,Employed,M,"$72,896.00",Suburban,Married,$93.00,35,4,0,3,Personal Auto,Personal L3,1,Branch,$465.96,Four-Door Car,Medsize
XX31571,Washington,22583.26,No,Extended,High School or Below,2011-01-15,Unemployed,M,$0.00,Suburban,Single,$320.00,1,39,0,5,Personal Auto,Personal L1,3,Agent,"$2,303.64",Luxury Car,Medsize
ZE82255,California,25219.34,No,Basic,College,2011-01-15,Employed,F,"$1,00,764.00",Suburban,Married,$89.00,0,59,0,2,Corporate Auto,Corporate L2,1,Branch,$506.94,Four-Door Car,Large
GS44464,California,4920.53,Yes,Extended,High School or Below,2011-01-15,Employed,F,"$1,11,344.00",Suburban,Married,$122.00,1,93,0,1,Personal Auto,Personal L3,2,Agent,$583.20,Two-Door Car,Large
OM69210,Arizona,7306.11,No,Extended,Bachelor,2011-01-15,Employed,M,"$1,10,067.00",Urban,Married,$182.00,31,68,0,1,Personal Auto,Personal L3,2,Web,$567.59,SUV,Small
LM54297,Nevada,6363.1,No,Basic,Bachelor,2011-01-15,Unemployed,M,$0.00,Suburban,Single,$93.00,9,122,0,8,Personal Auto,Personal L3,1,Agent,"$1,088.82",Four-Door Car,Medsize
NP30139,Oregon,9264.87,No,Extended,College,2011-01-15,Employed,M,"$76,652.00",Suburban,Divorced,$116.00,28,22,0,3,Corporate Auto,Corporate L1,3,Web,$587.78,Four-Door Car,Medsize
RZ79717,Arizona,4707.04,No,Extended,High School or Below,2011-01-15,Unemployed,M,$0.00,Suburban,Single,$128.00,16,7,0,1,Corporate Auto,Corporate L3,1,Branch,$923.40,Four-Door Car,Medsize
IC44995,Oregon,5774.71,No,Basic,College,2011-01-15,Employed,F,"$1,02,493.00",Suburban,Married,$143.00,43,5,0,1,Personal Auto,Personal L3,3,Agent,$823.07,SUV,Medsize
NM70181,Oregon,4841.02,No,Extended,Master,2011-01-15,Employed,M,"$34,760.00",Rural,Married,$122.00,12,31,0,1,Personal Auto,Personal L1,3,Call Center,$159.13,Four-Door Car,Medsize
YE12395,Oregon,54859.5,No,Extended,High School or Below,2011-01-15,Employed,M,"$42,210.00",Suburban,Married,$174.00,5,61,0,2,Personal Auto,Personal L2,4,Web,$835.92,Sports Car,Large
EJ97834,Nevada,3536.3,No,Basic,High School or Below,2011-01-15,Employed,F,"$1,26,882.00",Urban,Single,$88.00,12,1,0,1,Personal Auto,Personal L2,2,Branch,$339.28,Two-Door Car,Medsize
IN65727,Washington,3636.27,No,Basic,Master,2011-01-15,Employed,F,"$85,973.00",Suburban,Single,$92.00,8,117,0,1,Personal Auto,Personal L3,2,Agent,$464.25,Two-Door Car,Medsize
IG15771,Oregon,5200.77,No,Premium,College,2011-01-15,Unemployed,M,$0.00,Suburban,Single,$150.00,45,103,0,1,Personal Auto,Personal L3,3,Agent,"$1,266.06",Four-Door Car,Small
YA10507,California,3336.56,Yes,Basic,High School or Below,2011-01-15,Employed,M,"$1,29,191.00",Rural,Married,$82.00,22,74,0,1,Special Auto,Special L3,2,Agent,$154.27,Two-Door Car,Medsize
TS98462,Washington,30238.82,No,Basic,High School or Below,2011-01-15,Employed,F,"$1,05,967.00",Rural,Married,$93.00,28,72,0,2,Personal Auto,Personal L3,3,Branch,$105.56,Two-Door Car,Medsize
CL52383,Arizona,15066.1,No,Extended,Bachelor,2011-01-15,Employed,F,"$44,863.00",Urban,Married,$127.00,28,109,0,2,Special Auto,Special L2,3,Branch,$587.96,Four-Door Car,Medsize
MW40110,California,6332.91,No,Basic,Bachelor,2011-01-15,Unemployed,M,$0.00,Suburban,Single,$100.00,26,15,1,3,Personal Auto,Personal L3,2,Agent,$549.75,Four-Door Car,Medsize
GR12431,California,49761.98,No,Basic,College,2011-01-15,Employed,F,"$89,392.00",Rural,Single,$139.00,46,78,0,2,Personal Auto,Personal L2,2,Web,$130.58,Sports Car,Medsize
NA27429,Nevada,4920.53,Yes,Extended,High School or Below,2011-01-15,Employed,F,"$1,11,344.00",Suburban,Married,$122.00,1,93,0,1,Personal Auto,Personal L3,2,Agent,$583.20,Two-Door Car,Large
TZ65661,California,3702.78,No,Basic,College,2011-01-15,Employed,F,"$43,790.00",Suburban,Married,$93.00,34,130,0,1,Corporate Auto,Corporate L1,4,Branch,$447.12,Two-Door Car,Small
RP12388,Arizona,16712.42,No,Basic,Bachelor,2011-01-15,Employed,M,"$53,846.00",Urban,Married,$86.00,46,80,1,2,Personal Auto,Personal L3,3,Web,$391.98,Two-Door Car,Medsize
WL21375,Arizona,10652.31,No,Premium,High School or Below,2011-01-15,Unemployed,F,$0.00,Suburban,Married,$151.00,20,39,3,7,Personal Auto,Personal L3,1,Call Center,"$1,009.34",Four-Door Car,Medsize
AN53225,Washington,33308.08,No,Extended,High School or Below,2011-01-15,Unemployed,M,$0.00,Suburban,Single,$103.00,11,104,0,2,Personal Auto,Personal L1,1,Agent,$492.48,Two-Door Car,Medsize
RL12319,Oregon,10103.92,No,Basic,High School or Below,2011-01-15,Employed,F,"$69,784.00",Suburban,Married,$251.00,16,38,0,1,Special Auto,Special L3,1,Agent,"$1,205.28",Luxury Car,Medsize
ES88339,California,4506.27,No,Extended,Master,2011-01-15,Employed,M,"$81,819.00",Urban,Married,$112.00,3,111,0,1,Corporate Auto,Corporate L1,2,Web,$512.44,Four-Door Car,Medsize
BX45636,California,12368.23,No,Basic,High School or Below,2011-01-15,Employed,F,"$1,23,880.00",Urban,Married,$153.00,30,86,0,3,Special Auto,Special L3,1,Call Center,$596.69,SUV,Small
TM43177,Oregon,4192.22,No,Extended,High School or Below,2011-01-15,Employed,F,"$1,31,266.00",Urban,Single,$105.00,18,53,0,1,Personal Auto,Personal L3,2,Branch,$429.28,Four-Door Car,Large
LD68165,Arizona,35366.51,Yes,Basic,High School or Below,2011-01-15,Disabled,F,"$24,968.00",Suburban,Married,$153.00,14,20,0,2,Corporate Auto,Corporate L2,1,Branch,$732.24,SUV,Large
YQ98465,California,35366.51,Yes,Basic,High School or Below,2011-01-15,Disabled,F,"$24,968.00",Suburban,Married,$153.00,14,20,0,2,Personal Auto,Personal L3,1,Branch,$732.24,SUV,Large
XF92956,Oregon,3305.96,No,Basic,High School or Below,2011-01-15,Unemployed,M,$0.00,Suburban,Single,$92.00,47,70,0,1,Personal Auto,Personal L2,3,Branch,$660.96,Four-Door Car,Medsize
TW11712,Arizona,6176.15,No,Basic,Master,2011-01-15,Employed,M,"$44,423.00",Suburban,Single,$155.00,24,23,0,1,Personal Auto,Personal L3,1,Branch,$745.20,SUV,Medsize
PH97342,Arizona,35366.51,Yes,Basic,High School or Below,2011-01-15,Disabled,F,"$24,968.00",Suburban,Married,$153.00,14,20,0,2,Personal Auto,Personal L2,1,Branch,$732.24,SUV,Large
HD82971,Arizona,4233.71,No,Extended,High School or Below,2011-01-15,Unemployed,F,$0.00,Suburban,Single,$120.00,20,112,0,1,Personal Auto,Personal L1,3,Agent,$865.08,Four-Door Car,Medsize
ZC17276,California,10469.53,No,Premium,Master,2011-01-15,Unemployed,M,$0.00,Suburban,Single,$149.00,9,122,0,5,Personal Auto,Personal L3,1,Branch,$712.80,Four-Door Car,Medsize
VE52406,California,3336.56,Yes,Basic,High School or Below,2011-01-15,Employed,M,"$1,29,191.00",Rural,Married,$82.00,22,74,0,1,Corporate Auto,Corporate L3,2,Agent,$154.27,Two-Door Car,Medsize
UV89069,Nevada,3783.54,No,Basic,Bachelor,2011-01-15,Employed,F,"$46,748.00",Rural,Married,$96.00,28,42,0,1,Personal Auto,Personal L3,2,Branch,$178.90,Four-Door Car,Medsize
VF15321,Washington,3691.49,No,Basic,College,2011-01-15,Employed,M,"$72,914.00",Suburban,Married,$93.00,7,120,0,1,Personal Auto,Personal L2,2,Branch,$447.12,Four-Door Car,Medsize
XT35473,Arizona,3105.93,Yes,Basic,Bachelor,2011-01-15,Retired,M,"$34,972.00",Suburban,Divorced,$85.00,28,16,0,1,Personal Auto,Personal L3,1,Agent,$408.24,Four-Door Car,Large
EV34073,California,6021.56,No,Basic,College,2011-01-15,Unemployed,F,$0.00,Suburban,Divorced,$88.00,32,61,1,4,Corporate Auto,Corporate L3,3,Branch,$421.20,Four-Door Car,Small
BT61680,Arizona,43294.33,No,Basic,High School or Below,2011-01-15,Employed,F,"$33,549.00",Suburban,Single,$139.00,11,134,0,2,Personal Auto,Personal L3,1,Agent,$815.79,SUV,Medsize
WE52979,California,4920.53,Yes,Extended,High School or Below,2011-01-15,Employed,F,"$1,11,344.00",Suburban,Married,$122.00,1,93,0,1,Personal Auto,Personal L3,2,Agent,$583.20,Two-Door Car,Large
RO57944,Nevada,35366.51,Yes,Basic,High School or Below,2011-01-15,Disabled,F,"$24,968.00",Suburban,Married,$153.00,14,20,0,2,Personal Auto,Personal L2,1,Branch,$732.24,SUV,Large
CO15448,California,3925.83,No,Basic,College,2011-01-15,Employed,M,"$1,00,186.00",Urban,Married,$99.00,22,35,0,1,Personal Auto,Personal L2,2,Call Center,$254.99,Four-Door Car,Small
DE71115,Washington,3742.88,No,Basic,High School or Below,2011-01-15,Employed,M,"$92,425.00",Suburban,Married,$95.00,26,90,1,1,Personal Auto,Personal L1,2,Call Center,$453.60,Four-Door Car,Medsize
HJ89045,California,13890.05,No,Extended,Bachelor,2011-01-15,Employed,F,"$1,30,055.00",Suburban,Married,$171.00,26,16,0,3,Personal Auto,Personal L2,3,Branch,$822.96,SUV,Medsize
AU11344,Oregon,6942.23,No,Extended,Bachelor,2011-01-15,Employed,F,"$48,149.00",Rural,Divorced,$177.00,16,103,0,1,Personal Auto,Personal L2,2,Call Center,$421.35,SUV,Small
BG42047,Nevada,3391.12,No,Basic,College,2011-01-15,Medical Leave,M,"$23,838.00",Suburban,Married,$88.00,14,59,0,1,Personal Auto,Personal L3,3,Web,$421.20,Four-Door Car,Large
DP19820,Oregon,15439.18,No,Extended,College,2011-01-15,Unemployed,M,$0.00,Suburban,Single,$182.00,16,113,4,2,Personal Auto,Personal L2,2,Branch,"$1,323.71",SUV,Small
DN71979,Arizona,10492.98,No,Basic,College,2011-01-15,Employed,M,"$1,00,919.00",Suburban,Divorced,$263.00,14,14,0,1,Personal Auto,Personal L3,1,Web,"$1,895.40",Luxury Car,Medsize
YB79192,California,13761.6,No,Extended,Bachelor,2011-01-15,Employed,F,"$28,511.00",Suburban,Married,$173.00,1,107,0,4,Personal Auto,Personal L2,1,Branch,$829.44,SUV,Medsize
AA30683,California,8903.39,No,Premium,Bachelor,2011-01-15,Unemployed,M,$0.00,Suburban,Single,$142.00,3,51,2,7,Personal Auto,Personal L3,1,Web,"$1,144.42",Four-Door Car,Medsize
XR99310,California,4270.43,No,Extended,College,2011-01-15,Employed,M,"$1,31,309.00",Suburban,Married,$107.00,39,113,0,1,Special Auto,Special L3,2,Agent,$737.17,Two-Door Car,Medsize
XG66314,California,16829,No,Basic,College,2011-01-15,Employed,M,"$45,365.00",Urban,Married,$142.00,7,108,0,2,Personal Auto,Personal L3,1,Branch,$482.79,SUV,Medsize
BY75330,California,36368.34,No,Basic,Bachelor,2011-01-15,Employed,M,"$1,30,769.00",Urban,Divorced,$153.00,35,119,1,2,Personal Auto,Personal L2,1,Agent,$509.47,SUV,Small
EJ86526,Oregon,7412.55,No,Basic,Bachelor,2011-01-15,Employed,F,"$66,798.00",Rural,Married,$95.00,23,77,1,4,Corporate Auto,Corporate L2,2,Web,$98.13,Four-Door Car,Medsize
FZ94690,California,35397.04,No,Extended,High School or Below,2011-01-15,Employed,M,"$33,403.00",Suburban,Divorced,$113.00,11,31,0,2,Personal Auto,Personal L2,2,Branch,"$1,360.85",Four-Door Car,Small
TT86956,California,14225.5,No,Basic,Master,2011-01-15,Employed,F,"$64,733.00",Urban,Married,$88.00,36,19,0,2,Personal Auto,Personal L3,3,Call Center,$407.52,Four-Door Car,Large
CE68841,California,5573.32,No,Basic,Bachelor,2011-01-15,Employed,F,"$1,29,453.00",Rural,Married,$138.00,4,18,0,1,Corporate Auto,Corporate L1,1,Agent,$46.22,SUV,Medsize
QK82654,California,26797.14,No,Premium,College,2011-01-15,Unemployed,M,$0.00,Suburban,Single,$386.00,4,4,0,9,Personal Auto,Personal L2,1,Agent,"$2,779.92",Luxury SUV,Small
EA61783,California,35414.35,No,Basic,Bachelor,2011-01-15,Employed,F,"$48,422.00",Suburban,Single,$149.00,27,69,0,2,Personal Auto,Personal L3,2,Branch,$712.80,SUV,Medsize
EQ96084,California,10560.11,No,Extended,Bachelor,2011-01-15,Employed,F,"$45,850.00",Rural,Divorced,$134.00,14,4,0,4,Corporate Auto,Corporate L3,4,Web,$300.55,Four-Door Car,Medsize
SM87252,California,7888.88,No,Basic,College,2011-01-15,Employed,M,"$1,04,622.00",Urban,Single,$100.00,23,14,0,5,Personal Auto,Personal L3,1,Branch,$336.35,Two-Door Car,Medsize
YJ88573,Nevada,3406.14,No,Basic,Master,2011-01-16,Employed,M,"$58,147.00",Suburban,Married,$85.00,47,20,0,1,Personal Auto,Personal L3,2,Call Center,$408.24,Four-Door Car,Large
HT87217,Oregon,26698.36,No,Extended,High School or Below,2011-01-16,Employed,F,"$95,444.00",Urban,Divorced,$111.00,1,77,0,2,Personal Auto,Personal L2,3,Agent,$346.70,Four-Door Car,Medsize
JU93290,Arizona,24206.32,No,Basic,College,2011-01-16,Medical Leave,F,"$29,306.00",Suburban,Divorced,$92.00,38,104,0,2,Personal Auto,Personal L2,1,Web,$440.64,Four-Door Car,Medsize
WV76014,Arizona,3429.55,No,Basic,Doctor,2011-01-16,Employed,M,"$94,669.00",Rural,Single,$86.00,28,104,0,1,Special Auto,Special L2,2,Branch,$125.30,Four-Door Car,Medsize
YH86390,California,6500.26,No,Basic,Bachelor,2011-01-16,Disabled,F,"$34,287.00",Suburban,Divorced,$86.00,41,108,0,6,Corporate Auto,Corporate L3,2,Agent,$414.72,Four-Door Car,Medsize
YH92099,Arizona,4168.8,No,Extended,Bachelor,2011-01-16,Disabled,F,"$25,053.00",Suburban,Married,$108.00,23,31,0,1,Special Auto,Special L1,1,Agent,$518.40,Four-Door Car,Medsize
GK71720,Oregon,8186.86,No,Extended,High School or Below,2011-01-16,Unemployed,F,$0.00,Suburban,Single,$116.00,46,108,0,5,Personal Auto,Personal L3,1,Call Center,$736.07,Four-Door Car,Medsize
DA69469,Oregon,36238.22,No,Extended,College,2011-01-16,Employed,F,"$48,692.00",Rural,Married,$131.00,0,14,0,2,Personal Auto,Personal L3,2,Branch,$153.05,Two-Door Car,Medsize
UG34438,Washington,14837.3,No,Extended,College,2011-01-16,Employed,F,"$60,145.00",Rural,Married,$185.00,9,57,0,3,Personal Auto,Personal L3,1,Branch,$419.99,SUV,Medsize
PM19162,Oregon,19624.66,No,Basic,Bachelor,2011-01-16,Employed,M,"$34,837.00",Suburban,Divorced,$89.00,34,0,2,2,Personal Auto,Personal L2,2,Call Center,$507.42,Four-Door Car,Medsize
XV95530,Oregon,15431.29,No,Basic,Bachelor,2011-01-16,Employed,M,"$1,25,834.00",Rural,Married,$96.00,47,84,0,2,Personal Auto,Personal L3,4,Web,$100.61,Two-Door Car,Large
WR63188,Arizona,10604.2,No,Basic,College,2011-01-16,Employed,M,"$34,260.00",Suburban,Married,$89.00,30,43,1,2,Personal Auto,Personal L2,1,Agent,$566.28,Four-Door Car,Medsize
RT65829,Oregon,5773.09,No,Premium,Bachelor,2011-01-16,Employed,M,"$49,534.00",Suburban,Married,$147.00,1,8,1,1,Personal Auto,Personal L3,2,Call Center,$706.32,Four-Door Car,Medsize
OH55411,California,6246.18,Yes,Basic,Master,2011-01-16,Employed,F,"$1,07,307.00",Suburban,Divorced,$154.00,27,117,0,1,Corporate Auto,Corporate L2,2,Branch,$738.72,SUV,Medsize
ND41876,Arizona,9784.41,No,Basic,High School or Below,2011-01-16,Employed,M,"$1,16,265.00",Suburban,Married,$246.00,45,73,1,1,Personal Auto,Personal L2,2,Agent,"$1,179.36",Luxury SUV,Small
SP58110,California,6646.3,No,Basic,Bachelor,2011-01-16,Employed,F,"$82,983.00",Suburban,Married,$85.00,22,88,5,3,Personal Auto,Personal L3,3,Branch,$408.24,Four-Door Car,Small
CW49887,California,6246.18,Yes,Basic,Master,2011-01-16,Employed,F,"$1,07,307.00",Suburban,Divorced,$154.00,27,117,0,1,Special Auto,Special L1,2,Branch,$738.72,SUV,Medsize
OU62604,Washington,23604.12,No,Basic,Bachelor,2011-01-16,Employed,F,"$1,05,789.00",Suburban,Divorced,$99.00,22,89,0,2,Personal Auto,Personal L3,1,Agent,$709.56,Four-Door Car,Small
FN50615,Washington,10839.68,No,Premium,High School or Below,2011-01-16,Employed,F,"$1,30,773.00",Suburban,Single,$136.00,34,131,0,3,Personal Auto,Personal L3,2,Agent,$848.47,Four-Door Car,Medsize
NL80137,Oregon,4671.9,No,Extended,College,2011-01-16,Disabled,F,"$19,254.00",Urban,Married,$122.00,36,12,0,1,Personal Auto,Personal L3,1,Agent,$392.08,Four-Door Car,Medsize
EN38348,Oregon,31329.81,No,Extended,High School or Below,2011-01-16,Employed,F,"$60,803.00",Rural,Married,$130.00,36,127,0,2,Personal Auto,Personal L2,1,Agent,$259.40,Four-Door Car,Large
WV79842,California,12533.05,No,Extended,High School or Below,2011-01-16,Employed,M,"$32,824.00",Suburban,Married,$317.00,27,81,0,1,Personal Auto,Personal L3,2,Call Center,"$1,522.80",Luxury SUV,Medsize
IC78105,Arizona,10455.27,No,Basic,High School or Below,2011-01-16,Disabled,F,"$35,699.00",Suburban,Married,$265.00,5,19,0,1,Personal Auto,Personal L1,1,Branch,"$1,270.08",Luxury Car,Medsize
CV48634,Nevada,16373.4,No,Basic,College,2011-01-16,Employed,M,"$39,732.00",Rural,Married,$139.00,39,47,0,2,Personal Auto,Personal L2,4,Call Center,$321.16,SUV,Medsize
DE18949,Oregon,22065.22,No,Basic,College,2011-01-16,Employed,F,"$76,989.00",Rural,Married,$92.00,32,131,0,2,Corporate Auto,Corporate L3,1,Call Center,$183.31,Two-Door Car,Small
RC95515,Arizona,6470.32,No,Basic,College,2011-01-16,Medical Leave,M,"$27,873.00",Urban,Divorced,$85.00,23,14,0,7,Personal Auto,Personal L3,3,Branch,$249.83,Four-Door Car,Medsize
GP67816,California,31331.33,No,Premium,High School or Below,2011-01-16,Employed,F,"$81,315.00",Urban,Married,$157.00,39,85,0,2,Personal Auto,Personal L2,2,Branch,$649.71,Two-Door Car,Medsize
EQ59908,California,4371.29,Yes,Extended,Master,2011-01-16,Employed,M,"$81,329.00",Urban,Married,$112.00,4,97,3,1,Corporate Auto,Corporate L3,3,Agent,$440.48,Four-Door Car,Medsize
SN23932,Arizona,4371.29,Yes,Extended,Master,2011-01-16,Employed,M,"$81,329.00",Urban,Married,$112.00,4,97,3,1,Personal Auto,Personal L3,3,Agent,$440.48,Four-Door Car,Medsize
CV90092,Oregon,11049.33,No,Basic,College,2011-01-16,Employed,M,"$1,11,618.00",Suburban,Married,$92.00,11,116,0,2,Corporate Auto,Corporate L3,1,Branch,$440.64,Four-Door Car,Medsize
AN67558,Nevada,4439.08,No,Basic,College,2011-01-16,Unemployed,M,$0.00,Suburban,Single,$138.00,22,1,1,1,Personal Auto,Personal L3,1,Call Center,$991.44,SUV,Large
CC94413,Oregon,7696.72,No,Basic,Bachelor,2011-01-16,Employed,F,"$55,558.00",Suburban,Married,$97.00,8,9,1,8,Personal Auto,Personal L2,2,Agent,$466.56,Four-Door Car,Small
PU78245,Arizona,17677.72,No,Basic,Bachelor,2011-01-16,Employed,F,"$1,19,136.00",Rural,Single,$146.00,12,96,0,2,Personal Auto,Personal L3,1,Agent,$330.49,SUV,Large
ZW10467,Arizona,21744.71,No,Basic,High School or Below,2011-01-16,Employed,F,"$85,439.00",Urban,Married,$269.00,16,124,0,5,Personal Auto,Personal L1,1,Web,$753.88,Luxury Car,Medsize
JY45326,Oregon,9937.18,No,Basic,College,2011-01-16,Employed,M,"$70,713.00",Suburban,Married,$251.00,36,103,2,1,Personal Auto,Personal L2,1,Call Center,"$1,205.28",Luxury SUV,Small
LD22387,California,8403.78,No,Extended,High School or Below,2011-01-16,Employed,F,"$71,655.00",Urban,Married,$107.00,39,109,2,8,Corporate Auto,Corporate L3,2,Branch,$271.32,Four-Door Car,Medsize
VS20668,Nevada,3681.23,No,Basic,Bachelor,2011-01-16,Unemployed,F,$0.00,Suburban,Single,$99.00,11,85,0,1,Personal Auto,Personal L3,4,Branch,$508.85,Four-Door Car,Medsize
ZV96574,California,9369.09,No,Basic,High School or Below,2011-01-16,Unemployed,F,$0.00,Suburban,Married,$84.00,42,41,1,2,Corporate Auto,Corporate L3,2,Branch,$401.76,Four-Door Car,Medsize
NX63627,Oregon,13672.49,No,Extended,Doctor,2011-01-16,Medical Leave,M,"$31,122.00",Suburban,Married,$178.00,7,131,0,8,Personal Auto,Personal L1,2,Agent,"$1,054.27",Sports Car,Medsize
JC98569,Oregon,8524.68,No,Extended,College,2011-01-16,Employed,F,"$73,451.00",Urban,Married,$107.00,39,23,0,4,Personal Auto,Personal L1,2,Branch,$389.25,Four-Door Car,Medsize
DG33206,Washington,11963.57,No,Premium,Doctor,2011-01-16,Employed,F,"$56,503.00",Urban,Married,$149.00,23,59,0,8,Personal Auto,Personal L3,1,Agent,$649.71,Four-Door Car,Medsize
AW71157,California,7467.83,No,Basic,College,2011-01-16,Employed,M,"$67,631.00",Rural,Divorced,$96.00,34,109,0,5,Personal Auto,Personal L1,3,Web,$23.60,Four-Door Car,Medsize
XZ51937,California,6246.18,Yes,Basic,Master,2011-01-16,Employed,F,"$1,07,307.00",Suburban,Divorced,$154.00,27,117,0,1,Personal Auto,Personal L1,2,Branch,$738.72,SUV,Medsize
KG57925,California,3254.17,No,Basic,Bachelor,2011-01-16,Employed,M,"$56,487.00",Suburban,Married,$82.00,1,19,0,1,Corporate Auto,Corporate L3,2,Call Center,$395.28,Two-Door Car,Medsize
FO74055,California,4166.12,No,Extended,College,2011-01-16,Employed,F,"$99,816.00",Rural,Married,$103.00,46,65,0,1,Personal Auto,Personal L3,4,Call Center,$71.68,Two-Door Car,Medsize
UX32931,California,6999.68,No,Basic,College,2011-01-16,Employed,F,"$66,571.00",Urban,Married,$88.00,41,74,1,4,Corporate Auto,Corporate L1,1,Branch,$310.64,Four-Door Car,Medsize
CA96568,Oregon,13108.16,No,Extended,College,2011-01-16,Unemployed,M,$0.00,Suburban,Married,$180.00,15,41,0,7,Corporate Auto,Corporate L3,1,Agent,"$1,116.57",SUV,Small
FS67103,Oregon,3709.49,No,Extended,Bachelor,2011-01-16,Unemployed,M,$0.00,Suburban,Single,$108.00,16,19,0,1,Special Auto,Special L2,3,Web,$777.60,Two-Door Car,Medsize
FK95213,California,25125.46,No,Extended,Master,2011-01-16,Employed,F,"$67,059.00",Urban,Married,$313.00,36,77,0,7,Personal Auto,Personal L3,2,Web,"$1,379.23",Luxury SUV,Medsize
GE50763,Washington,4713.85,No,Premium,Bachelor,2011-01-16,Unemployed,M,$0.00,Suburban,Single,$140.00,41,119,0,1,Corporate Auto,Corporate L1,1,Agent,"$1,010.88",Four-Door Car,Medsize
TO20795,Washington,43831.34,No,Premium,Doctor,2011-01-16,Employed,M,"$50,861.00",Suburban,Single,$140.00,31,24,0,2,Corporate Auto,Corporate L3,3,Agent,$988.16,Four-Door Car,Medsize
LM93586,Arizona,4965.01,No,Extended,High School or Below,2011-01-16,Employed,M,"$43,624.00",Suburban,Married,$124.00,9,108,0,1,Personal Auto,Personal L1,2,Agent,$894.24,Four-Door Car,Medsize
CR92272,Arizona,10869.61,No,Basic,Doctor,2011-01-16,Employed,F,"$77,846.00",Urban,Married,$135.00,28,65,0,7,Personal Auto,Personal L2,1,Agent,$465.65,SUV,Medsize
DN30013,Oregon,7518,No,Basic,College,2011-01-16,Employed,F,"$71,948.00",Urban,Married,$95.00,16,131,0,8,Personal Auto,Personal L3,3,Branch,$338.07,Four-Door Car,Small
XJ61632,Oregon,2747.24,No,Basic,Bachelor,2011-01-16,Unemployed,M,$0.00,Suburban,Single,$84.00,39,80,2,1,Personal Auto,Personal L1,1,Web,$602.64,Four-Door Car,Medsize
UN38117,California,3663.31,No,Basic,College,2011-01-16,Unemployed,F,$0.00,Urban,Married,$100.00,47,104,0,1,Personal Auto,Personal L3,4,Call Center,$404.51,Four-Door Car,Medsize
TA22923,Arizona,6674.72,No,Basic,Master,2011-01-16,Employed,M,"$54,625.00",Suburban,Married,$82.00,23,28,0,6,Personal Auto,Personal L3,3,Branch,$395.28,Four-Door Car,Small
YG87460,Arizona,3300.4,No,Basic,College,2011-01-16,Unemployed,M,$0.00,Urban,Married,$96.00,11,80,1,1,Personal Auto,Personal L2,3,Branch,$330.19,Four-Door Car,Medsize
AT24793,Oregon,9265.22,No,Premium,College,2011-01-16,Employed,M,"$34,225.00",Suburban,Married,$234.00,14,88,0,1,Special Auto,Special L3,3,Call Center,"$1,121.04",Sports Car,Medsize
EW16697,Arizona,3445.2,No,Basic,High School or Below,2011-01-16,Employed,F,"$67,771.00",Rural,Married,$86.00,28,134,0,1,Personal Auto,Personal L3,4,Agent,$134.86,Two-Door Car,Medsize
SE78641,Arizona,6284.04,No,Basic,Bachelor,2011-01-16,Unemployed,M,$0.00,Suburban,Single,$90.00,45,26,0,4,Personal Auto,Personal L2,1,Call Center,$779.47,Two-Door Car,Large
MA68039,California,4907.29,No,Extended,High School or Below,2011-01-16,Employed,M,"$47,326.00",Suburban,Married,$130.00,16,70,3,1,Personal Auto,Personal L3,4,Call Center,$622.08,Two-Door Car,Medsize
DZ89536,Oregon,4371.29,Yes,Extended,Master,2011-01-16,Employed,M,"$81,329.00",Urban,Married,$112.00,4,97,3,1,Corporate Auto,Corporate L3,3,Agent,$440.48,Four-Door Car,Medsize
KX32370,California,9556.58,No,Extended,College,2011-01-16,Employed,M,"$31,350.00",Urban,Married,$122.00,14,89,0,4,Corporate Auto,Corporate L3,3,Branch,$341.47,Two-Door Car,Large
NE67816,Oregon,3395.6,No,Basic,College,2011-01-16,Employed,M,"$34,503.00",Suburban,Married,$85.00,42,15,0,1,Personal Auto,Personal L3,2,Branch,$612.36,Four-Door Car,Small
NM51858,Oregon,6301.86,No,Basic,High School or Below,2011-01-16,Employed,M,"$71,890.00",Suburban,Married,$158.00,1,103,0,1,Personal Auto,Personal L3,2,Web,$758.16,SUV,Medsize
OR33365,California,6981.22,No,Basic,College,2011-01-16,Unemployed,F,$0.00,Suburban,Married,$93.00,18,122,0,3,Corporate Auto,Corporate L2,1,Agent,$465.03,Two-Door Car,Medsize
US90854,Oregon,15089.97,No,Basic,Bachelor,2011-01-16,Employed,M,"$28,002.00",Urban,Single,$135.00,23,70,0,2,Personal Auto,Personal L2,2,Web,$615.40,SUV,Medsize
HK30754,Arizona,12726.41,No,Extended,College,2011-01-16,Medical Leave,M,"$35,455.00",Suburban,Divorced,$115.00,15,42,0,2,Special Auto,Special L2,4,Agent,$641.47,Two-Door Car,Large
AU46604,California,2741.56,No,Basic,Bachelor,2011-01-16,Unemployed,M,$0.00,Suburban,Single,$86.00,0,11,1,1,Personal Auto,Personal L2,2,Agent,$987.50,Four-Door Car,Small
UF54329,California,8221.19,No,Extended,College,2011-01-16,Employed,M,"$95,704.00",Urban,Married,$103.00,28,43,0,5,Corporate Auto,Corporate L1,2,Call Center,$279.06,Two-Door Car,Medsize
OS96036,Arizona,55543.17,No,Basic,College,2011-01-16,Employed,F,"$85,892.00",Urban,Married,$155.00,14,54,2,2,Personal Auto,Personal L3,4,Agent,$413.56,SUV,Medsize
AF37776,California,14065.88,No,Extended,Bachelor,2011-01-16,Employed,F,"$1,08,259.00",Rural,Married,$174.00,11,93,0,9,Personal Auto,Personal L1,3,Call Center,$270.89,SUV,Large
CF62992,Oregon,3335.95,No,Basic,High School or Below,2011-01-16,Employed,F,"$71,650.00",Urban,Married,$82.00,7,116,0,1,Personal Auto,Personal L2,1,Agent,$362.84,Two-Door Car,Medsize
FX26050,Oregon,30661.23,No,Basic,Doctor,2011-01-16,Disabled,M,"$19,061.00",Rural,Married,$90.00,5,72,0,2,Special Auto,Special L1,4,Agent,$91.83,Two-Door Car,Medsize
DF74270,Nevada,51610.78,No,Basic,Bachelor,2011-01-16,Employed,M,"$1,08,433.00",Rural,Married,$142.00,34,1,0,2,Corporate Auto,Corporate L1,4,Agent,$225.41,SUV,Medsize
QM46642,California,3535.88,No,Basic,Bachelor,2011-01-16,Disabled,M,"$21,042.00",Rural,Married,$96.00,15,65,0,1,Special Auto,Special L1,2,Agent,$183.65,Two-Door Car,Medsize
UX93878,Oregon,11493.49,No,Basic,Bachelor,2011-01-16,Employed,F,"$46,582.00",Urban,Married,$143.00,18,59,0,9,Personal Auto,Personal L3,1,Branch,$485.81,SUV,Small
RD22761,Washington,27782.58,No,Basic,Bachelor,2011-01-16,Unemployed,M,$0.00,Suburban,Single,$93.00,7,35,0,2,Personal Auto,Personal L3,3,Call Center,$765.01,Four-Door Car,Medsize
WC11515,Arizona,26341.2,No,Basic,Bachelor,2011-01-16,Unemployed,F,$0.00,Suburban,Single,$95.00,38,35,0,2,Corporate Auto,Corporate L3,2,Web,$663.00,Four-Door Car,Medsize
FE20514,Oregon,6838.41,No,Basic,College,2011-01-16,Employed,M,"$36,090.00",Urban,Single,$89.00,9,74,0,5,Personal Auto,Personal L1,2,Web,$295.27,Four-Door Car,Medsize
DS47984,Arizona,4371.29,Yes,Extended,Master,2011-01-16,Employed,M,"$81,329.00",Urban,Married,$112.00,4,97,3,1,Personal Auto,Personal L1,3,Agent,$440.48,Four-Door Car,Medsize
GW89148,California,22010.8,No,Extended,Doctor,2011-01-16,Employed,M,"$1,21,511.00",Urban,Single,$185.00,18,4,0,2,Personal Auto,Personal L3,2,Web,$549.43,SUV,Medsize
RS85283,Oregon,29398.39,No,Premium,Bachelor,2011-01-16,Employed,M,"$75,659.00",Suburban,Married,$246.00,36,43,0,2,Personal Auto,Personal L3,1,Agent,"$1,286.35",SUV,Small
DJ42087,California,16097.07,No,Premium,High School or Below,2011-01-16,Employed,F,"$33,184.00",Suburban,Married,$136.00,3,116,0,2,Personal Auto,Personal L3,1,Branch,$654.48,Four-Door Car,Medsize
BG44829,Oregon,14526.24,No,Extended,High School or Below,2011-01-16,Employed,F,"$1,01,027.00",Rural,Married,$180.00,19,120,0,7,Corporate Auto,Corporate L2,1,Branch,$145.32,SUV,Medsize
BF55854,Nevada,15187.63,No,Premium,College,2011-01-16,Employed,F,"$39,832.00",Suburban,Married,$383.00,3,95,0,1,Personal Auto,Personal L3,2,Call Center,"$2,672.25",Luxury Car,Small
JH14651,Washington,4371.29,Yes,Extended,Master,2011-01-16,Employed,M,"$81,329.00",Urban,Married,$112.00,4,97,3,1,Personal Auto,Personal L3,3,Agent,$440.48,Four-Door Car,Medsize
FM70419,Oregon,6399.27,No,Basic,College,2011-01-16,Unemployed,M,$0.00,Suburban,Single,$97.00,5,82,1,4,Personal Auto,Personal L3,3,Web,$699.84,Four-Door Car,Medsize
VG16827,California,6246.18,Yes,Basic,Master,2011-01-16,Employed,F,"$1,07,307.00",Suburban,Divorced,$154.00,27,117,0,1,Personal Auto,Personal L2,2,Branch,$738.72,SUV,Medsize
EQ87425,California,9340.67,No,Basic,High School or Below,2011-01-16,Unemployed,F,$0.00,Rural,Single,$93.00,7,115,1,2,Corporate Auto,Corporate L3,1,Branch,$54.54,Four-Door Car,Medsize
AY26056,Arizona,10730.57,No,Basic,College,2011-01-16,Employed,F,"$86,254.00",Rural,Married,$89.00,3,108,0,2,Personal Auto,Personal L3,1,Agent,$122.46,Four-Door Car,Medsize
GY87675,Oregon,6939.53,No,Extended,College,2011-01-16,Retired,M,"$36,385.00",Suburban,Divorced,$103.00,1,0,1,8,Corporate Auto,Corporate L1,1,Branch,$492.48,Four-Door Car,Medsize
BP49831,Washington,3950.81,No,Extended,Bachelor,2011-01-16,Employed,F,"$31,936.00",Suburban,Single,$108.00,15,1,3,1,Corporate Auto,Corporate L3,2,Branch,$518.40,Four-Door Car,Medsize
SO43919,California,19208.12,No,Extended,Bachelor,2011-01-16,Employed,M,"$42,728.00",Suburban,Married,$163.00,34,23,0,2,Personal Auto,Personal L3,1,Branch,$784.08,SUV,Medsize
IY91183,Arizona,4973.12,No,Basic,Master,2011-01-16,Unemployed,F,$0.00,Suburban,Married,$135.00,18,34,1,1,Personal Auto,Personal L3,4,Call Center,$648.00,SUV,Medsize
NY55083,Oregon,19013.36,No,Basic,College,2011-01-16,Employed,F,"$1,01,137.00",Rural,Single,$84.00,11,46,4,2,Personal Auto,Personal L1,1,Branch,$166.71,Two-Door Car,Medsize
YB39959,Oregon,4371.29,Yes,Extended,Master,2011-01-16,Employed,M,"$81,329.00",Urban,Married,$112.00,4,97,3,1,Personal Auto,Personal L1,3,Agent,$440.48,Four-Door Car,Medsize
UO32521,California,2964.48,No,Basic,High School or Below,2011-01-16,Unemployed,F,$0.00,Suburban,Single,$85.00,36,63,0,1,Corporate Auto,Corporate L3,2,Branch,$833.22,Two-Door Car,Small
ZS73935,Washington,31638.23,No,Basic,High School or Below,2011-01-16,Employed,F,"$57,864.00",Urban,Married,$88.00,46,39,0,2,Personal Auto,Personal L3,3,Agent,$343.20,Four-Door Car,Medsize
ZQ22116,Arizona,7169.72,No,Basic,High School or Below,2011-01-16,Employed,F,"$98,688.00",Rural,Married,$89.00,47,62,0,4,Corporate Auto,Corporate L3,2,Branch,$159.20,Four-Door Car,Small
FY32647,California,16895.49,No,Basic,College,2011-01-16,Unemployed,M,$0.00,Suburban,Single,$85.00,47,20,0,2,Special Auto,Special L3,4,Branch,$779.73,Two-Door Car,Medsize
CQ57225,California,6761.87,No,Basic,Bachelor,2011-01-16,Unemployed,M,$0.00,Suburban,Single,$99.00,5,0,0,8,Corporate Auto,Corporate L3,1,Call Center,$473.04,Two-Door Car,Medsize
LT94367,California,35282.12,No,Basic,College,2011-01-16,Unemployed,M,$0.00,Suburban,Divorced,$150.00,1,97,0,2,Personal Auto,Personal L2,1,Branch,$908.90,Sports Car,Small
CH38655,Oregon,19174.89,No,Basic,Bachelor,2011-01-16,Employed,M,"$1,22,116.00",Rural,Married,$96.00,35,54,0,2,Personal Auto,Personal L3,4,Agent,$222.83,Four-Door Car,Medsize
KU94282,Oregon,13521.99,No,Basic,Master,2011-01-16,Employed,F,"$84,915.00",Rural,Married,$84.00,4,16,0,2,Personal Auto,Personal L2,2,Agent,$113.26,Two-Door Car,Medsize
WN76039,Nevada,3435.83,No,Basic,Bachelor,2011-01-16,Unemployed,F,$0.00,Suburban,Single,$96.00,8,88,0,1,Special Auto,Special L3,1,Agent,$460.08,Four-Door Car,Medsize
AT26484,Nevada,5154.93,No,Premium,College,2011-01-16,Employed,M,"$34,048.00",Suburban,Married,$139.00,14,55,5,1,Special Auto,Special L2,2,Web,$831.61,Four-Door Car,Small
NK40551,California,10064.74,No,Extended,High School or Below,2011-01-16,Employed,F,"$1,00,020.00",Suburban,Married,$127.00,18,120,2,7,Personal Auto,Personal L2,3,Agent,$875.73,Four-Door Car,Small
KT61396,California,5159.46,No,Extended,College,2011-01-16,Employed,F,"$1,06,905.00",Rural,Married,$128.00,27,68,0,1,Corporate Auto,Corporate L2,2,Branch,$67.73,Two-Door Car,Small
KZ60207,Arizona,6760.36,No,Basic,College,2011-01-16,Employed,M,"$69,556.00",Suburban,Married,$84.00,42,0,0,3,Personal Auto,Personal L2,4,Agent,$401.76,Four-Door Car,Small
GC81619,Oregon,6246.18,Yes,Basic,Master,2011-01-16,Employed,F,"$1,07,307.00",Suburban,Divorced,$154.00,27,117,0,1,Personal Auto,Personal L1,2,Branch,$738.72,SUV,Medsize
KN90631,Nevada,11556.22,No,Basic,High School or Below,2011-01-16,Retired,F,"$37,962.00",Suburban,Married,$151.00,9,70,0,3,Personal Auto,Personal L3,1,Web,$725.76,SUV,Medsize
SN53710,Washington,8431.35,No,Extended,High School or Below,2011-01-16,Employed,M,"$1,08,136.00",Suburban,Single,$107.00,22,11,0,3,Personal Auto,Personal L3,3,Call Center,$597.94,Four-Door Car,Medsize
SK27185,California,9007.28,No,Premium,College,2011-01-16,Employed,F,"$68,225.00",Rural,Married,$223.00,14,47,0,1,Personal Auto,Personal L3,1,Branch,$81.01,SUV,Medsize
BR76202,California,6246.18,Yes,Basic,Master,2011-01-16,Employed,F,"$1,07,307.00",Suburban,Divorced,$154.00,27,117,0,1,Personal Auto,Personal L2,2,Branch,$738.72,SUV,Medsize
ZN45349,Oregon,6500.28,No,Basic,College,2011-01-16,Unemployed,M,$0.00,Suburban,Single,$89.00,39,78,0,8,Personal Auto,Personal L3,1,Branch,$960.93,Two-Door Car,Small
IM55696,California,7106.97,No,Basic,High School or Below,2011-01-16,Employed,F,"$32,442.00",Suburban,Married,$89.00,43,50,0,3,Personal Auto,Personal L2,4,Call Center,$427.68,Four-Door Car,Small
SI13406,Arizona,4684.28,No,Extended,High School or Below,2011-01-16,Employed,F,"$44,164.00",Suburban,Married,$117.00,47,65,0,1,Personal Auto,Personal L1,4,Agent,$692.61,Four-Door Car,Medsize
UP30859,Nevada,10114.28,No,Basic,College,2011-01-16,Employed,F,"$53,750.00",Rural,Divorced,$86.00,23,92,0,2,Special Auto,Special L3,3,Branch,$123.38,Four-Door Car,Medsize
UG38549,California,11951.19,No,Extended,High School or Below,2011-01-16,Unemployed,F,$0.00,Suburban,Single,$112.00,16,131,0,2,Personal Auto,Personal L2,3,Agent,$806.76,Four-Door Car,Large
XY28151,Oregon,3128.33,No,Basic,Bachelor,2011-01-16,Unemployed,F,$0.00,Suburban,Single,$92.00,14,109,0,1,Corporate Auto,Corporate L2,1,Call Center,$660.96,Two-Door Car,Medsize
PD97837,Arizona,2969.35,No,Basic,Bachelor,2011-01-16,Unemployed,M,$0.00,Suburban,Married,$84.00,39,97,0,1,Corporate Auto,Corporate L1,2,Web,$401.76,Four-Door Car,Medsize
WC66749,Oregon,7037.64,No,Basic,College,2011-01-16,Disabled,F,"$17,028.00",Suburban,Divorced,$95.00,8,109,0,3,Personal Auto,Personal L3,1,Call Center,$453.60,Four-Door Car,Small
BW51534,California,11292.08,No,Basic,High School or Below,2011-01-16,Unemployed,F,$0.00,Suburban,Married,$149.00,9,54,0,5,Corporate Auto,Corporate L2,1,Branch,$712.80,SUV,Small
DM77491,Oregon,10012.23,No,Basic,Bachelor,2011-01-16,Unemployed,M,$0.00,Urban,Married,$93.00,8,70,0,2,Personal Auto,Personal L1,3,Call Center,$321.38,Four-Door Car,Medsize
CF26052,Arizona,11389.07,No,Basic,Bachelor,2011-01-16,Employed,F,"$66,396.00",Rural,Married,$95.00,8,116,0,2,Personal Auto,Personal L3,1,Web,$223.30,Two-Door Car,Medsize
JS53793,Arizona,3269.96,No,Basic,Doctor,2011-01-16,Employed,F,"$33,799.00",Suburban,Married,$82.00,15,41,1,1,Corporate Auto,Corporate L3,2,Agent,$395.28,Four-Door Car,Large
WK52692,Oregon,6246.57,No,Extended,College,2011-01-16,Medical Leave,F,"$39,317.00",Suburban,Married,$174.00,20,55,4,1,Personal Auto,Personal L2,1,Call Center,$835.92,SUV,Medsize
LB35863,California,9780.07,No,Basic,Bachelor,2011-01-16,Unemployed,F,$0.00,Suburban,Single,$139.00,1,69,0,3,Personal Auto,Personal L1,2,Agent,$667.44,SUV,Small
YU23754,California,7011.59,No,Basic,Master,2011-01-16,Employed,F,"$33,680.00",Urban,Married,$88.00,4,69,0,4,Personal Auto,Personal L3,2,Branch,$378.48,Four-Door Car,Medsize
PL59209,California,9386.08,No,Basic,College,2011-01-16,Unemployed,F,$0.00,Suburban,Single,$99.00,3,51,3,2,Corporate Auto,Corporate L1,2,Agent,$709.56,Four-Door Car,Medsize
ON68006,California,7452.2,No,Basic,Bachelor,2011-01-16,Employed,F,"$35,274.00",Suburban,Divorced,$95.00,5,51,0,3,Personal Auto,Personal L2,1,Agent,$565.90,Four-Door Car,Medsize
UR71715,California,4027.2,No,Extended,College,2011-01-16,Unemployed,M,$0.00,Suburban,Single,$123.00,4,77,0,1,Personal Auto,Personal L3,4,Call Center,$589.68,Four-Door Car,Small
XU43725,California,18995.36,No,Extended,College,2011-01-16,Unemployed,F,$0.00,Suburban,Single,$171.00,0,96,0,2,Corporate Auto,Corporate L2,1,Web,$915.12,SUV,Medsize
HI48554,California,3575.27,No,Basic,High School or Below,2011-01-16,Medical Leave,F,"$39,942.00",Suburban,Married,$93.00,11,92,0,1,Personal Auto,Personal L2,4,Web,$447.12,Two-Door Car,Small
XQ19310,California,6758.92,No,Basic,High School or Below,2011-01-16,Unemployed,F,$0.00,Suburban,Single,$96.00,22,5,0,5,Personal Auto,Personal L3,2,Call Center,$484.63,Two-Door Car,Medsize
NG15940,California,5396.59,No,Basic,High School or Below,2011-01-16,Unemployed,M,$0.00,Suburban,Single,$84.00,34,107,1,3,Corporate Auto,Corporate L3,3,Agent,$746.34,Four-Door Car,Medsize
IU71285,California,9300.85,No,Extended,Bachelor,2011-01-16,Employed,F,"$45,611.00",Rural,Divorced,$120.00,20,127,1,3,Personal Auto,Personal L2,1,Call Center,$101.40,Two-Door Car,Large
HZ68892,California,6188.59,No,Basic,College,2011-01-16,Employed,M,"$1,15,081.00",Suburban,Married,$155.00,8,130,0,1,Personal Auto,Personal L2,2,Call Center,$751.37,Sports Car,Large
FQ66351,California,7185.09,No,Extended,Bachelor,2011-01-16,Employed,F,"$45,469.00",Suburban,Single,$186.00,18,28,1,1,Personal Auto,Personal L2,1,Agent,"$1,178.72",SUV,Large
RY47606,California,5189.35,No,Extended,Bachelor,2011-01-16,Employed,M,"$59,382.00",Suburban,Married,$130.00,39,23,0,1,Personal Auto,Personal L3,2,Call Center,$622.08,Four-Door Car,Medsize
BW63560,Oregon,10075.24,No,Basic,Bachelor,2011-01-17,Employed,F,"$33,209.00",Rural,Married,$86.00,16,68,1,2,Corporate Auto,Corporate L2,2,Branch,$57.94,Four-Door Car,Medsize
WE95729,Oregon,49555.03,No,Basic,College,2011-01-17,Employed,M,"$33,485.00",Suburban,Married,$140.00,1,38,0,2,Personal Auto,Personal L2,1,Agent,$801.67,SUV,Small
FR46645,California,5796.9,No,Premium,Bachelor,2011-01-17,Disabled,M,"$22,546.00",Suburban,Married,$153.00,27,35,0,1,Personal Auto,Personal L2,1,Branch,"$1,122.70",Four-Door Car,Small
CZ33664,Oregon,3412.33,No,Basic,Bachelor,2011-01-17,Employed,F,"$1,09,004.00",Rural,Married,$85.00,32,113,0,1,Corporate Auto,Corporate L3,1,Agent,$16.04,Four-Door Car,Medsize
TE49565,Oregon,15975.59,No,Basic,College,2011-01-17,Disabled,F,"$22,345.00",Suburban,Married,$139.00,31,72,0,2,Personal Auto,Personal L3,2,Call Center,$667.44,SUV,Small
RA88421,Oregon,8263.5,No,Extended,College,2011-01-17,Employed,F,"$36,162.00",Suburban,Married,$104.00,9,68,0,5,Personal Auto,Personal L3,3,Branch,$498.96,Four-Door Car,Medsize
KU84464,Nevada,12720.47,No,Extended,Bachelor,2011-01-17,Employed,F,"$63,817.00",Rural,Married,$107.00,23,23,3,2,Personal Auto,Personal L3,1,Call Center,$87.14,Four-Door Car,Medsize
AG85615,Oregon,32594.23,No,Extended,College,2011-01-17,Unemployed,M,$0.00,Suburban,Single,$117.00,12,101,0,2,Special Auto,Special L1,1,Web,$845.64,Four-Door Car,Medsize
IS50283,California,7691.19,No,Basic,Bachelor,2011-01-17,Employed,F,"$36,515.00",Suburban,Married,$97.00,7,115,0,4,Corporate Auto,Corporate L3,3,Agent,$466.56,Four-Door Car,Medsize
GN46207,Oregon,5630.43,Yes,Basic,Master,2011-01-17,Employed,F,"$39,774.00",Suburban,Single,$144.00,38,31,1,1,Personal Auto,Personal L3,2,Branch,$693.36,SUV,Large
YI92916,Nevada,6315.87,No,Premium,Master,2011-01-17,Employed,M,"$1,12,188.00",Urban,Married,$157.00,20,47,0,1,Corporate Auto,Corporate L3,2,Call Center,$598.96,Four-Door Car,Small
ZQ59828,California,5700.55,No,Basic,High School or Below,2011-01-17,Employed,M,"$1,00,690.00",Rural,Married,$143.00,1,66,0,1,Personal Auto,Personal L3,2,Agent,$295.11,SUV,Medsize
BA17836,California,10622.02,No,Basic,High School or Below,2011-01-17,Employed,M,"$77,409.00",Rural,Single,$90.00,9,26,0,2,Corporate Auto,Corporate L3,1,Agent,$215.18,Four-Door Car,Medsize
KR43119,California,6083.99,No,Basic,College,2011-01-17,Unemployed,M,$0.00,Suburban,Single,$89.00,0,14,0,9,Personal Auto,Personal L3,1,Call Center,$427.68,Four-Door Car,Medsize
HP94242,Arizona,7139.03,No,Basic,Bachelor,2011-01-17,Employed,F,"$57,538.00",Suburban,Married,$89.00,11,4,0,3,Personal Auto,Personal L1,2,Call Center,$427.68,Four-Door Car,Medsize
WI69346,California,12096.38,No,Basic,Master,2011-01-17,Employed,F,"$97,123.00",Urban,Single,$151.00,11,69,0,4,Corporate Auto,Corporate L2,3,Agent,$412.63,SUV,Medsize
IB67546,California,11120,No,Basic,Bachelor,2011-01-17,Medical Leave,F,"$32,319.00",Suburban,Married,$144.00,18,46,0,7,Personal Auto,Personal L3,1,Call Center,$693.36,SUV,Small
QW67581,Arizona,6979.54,No,Basic,High School or Below,2011-01-17,Unemployed,F,$0.00,Suburban,Married,$93.00,36,65,0,9,Personal Auto,Personal L2,2,Call Center,$447.12,Four-Door Car,Small
NT59303,Oregon,13655.85,No,Premium,College,2011-01-17,Employed,F,"$85,763.00",Suburban,Divorced,$346.00,20,31,0,1,Personal Auto,Personal L3,2,Agent,"$1,658.88",Luxury Car,Large
AA71604,Arizona,16181.9,No,Extended,Master,2011-01-17,Employed,F,"$1,18,206.00",Suburban,Married,$132.00,5,116,1,2,Personal Auto,Personal L2,1,Web,$635.04,Two-Door Car,Medsize
VT78274,Arizona,6657.15,No,Basic,College,2011-01-17,Unemployed,M,$0.00,Suburban,Married,$92.00,8,126,0,8,Personal Auto,Personal L3,1,Agent,$648.21,Four-Door Car,Medsize
PV55726,Oregon,5630.43,Yes,Basic,Master,2011-01-17,Employed,F,"$39,774.00",Suburban,Single,$144.00,38,31,1,1,Personal Auto,Personal L2,2,Branch,$693.36,SUV,Large
KC71643,Oregon,3325.37,No,Basic,High School or Below,2011-01-17,Employed,M,"$1,33,844.00",Suburban,Married,$82.00,39,69,0,1,Corporate Auto,Corporate L2,2,Call Center,$395.28,Four-Door Car,Medsize
GS69842,Arizona,7079.17,No,Basic,Bachelor,2011-01-17,Employed,F,"$49,430.00",Urban,Married,$88.00,19,9,0,5,Special Auto,Special L2,2,Call Center,$357.16,Four-Door Car,Medsize
SE28250,Arizona,6532.63,No,Basic,Bachelor,2011-01-17,Unemployed,M,$0.00,Suburban,Divorced,$95.00,15,49,2,7,Special Auto,Special L2,2,Agent,$453.60,Four-Door Car,Large
KO44736,Oregon,22922.73,Yes,Basic,Bachelor,2011-01-17,Employed,M,"$47,378.00",Suburban,Divorced,$99.00,34,76,0,2,Personal Auto,Personal L3,2,Call Center,$709.56,Two-Door Car,Small
FD64348,Oregon,30460.88,No,Basic,High School or Below,2011-01-17,Employed,M,"$31,112.00",Rural,Married,$88.00,24,9,3,2,Personal Auto,Personal L3,4,Branch,$2.28,Two-Door Car,Large
LD49835,California,5815.02,No,Basic,High School or Below,2011-01-17,Employed,M,"$99,016.00",Suburban,Married,$144.00,9,84,0,1,Personal Auto,Personal L1,4,Agent,$693.36,SUV,Medsize
YD48962,Arizona,39706.59,No,Basic,High School or Below,2011-01-17,Unemployed,M,$0.00,Suburban,Divorced,$144.00,0,84,0,2,Personal Auto,Personal L3,3,Agent,$693.36,SUV,Medsize
YP40334,Oregon,7166.13,No,Premium,Doctor,2011-01-17,Unemployed,F,$0.00,Rural,Single,$196.00,39,95,0,1,Personal Auto,Personal L2,2,Web,$484.33,SUV,Medsize
FS19862,Arizona,12301.26,No,Basic,Bachelor,2011-01-17,Disabled,F,"$34,017.00",Suburban,Married,$159.00,35,49,0,4,Personal Auto,Personal L3,3,Call Center,$764.64,SUV,Small
YG40323,Arizona,12318.21,No,Premium,Bachelor,2011-01-17,Employed,M,"$1,34,147.00",Rural,Married,$153.00,46,8,0,3,Personal Auto,Personal L3,1,Web,$111.28,Four-Door Car,Medsize
BU15334,California,5630.43,Yes,Basic,Master,2011-01-17,Employed,F,"$39,774.00",Suburban,Single,$144.00,38,31,1,1,Corporate Auto,Corporate L3,2,Branch,$693.36,SUV,Large
WA97671,Arizona,8551.53,No,Basic,Bachelor,2011-01-17,Unemployed,M,$0.00,Suburban,Single,$85.00,1,28,0,2,Personal Auto,Personal L1,1,Branch,$408.24,Four-Door Car,Medsize
WX33904,Arizona,8580.17,No,Basic,Bachelor,2011-01-17,Unemployed,M,$0.00,Suburban,Divorced,$82.00,34,107,0,2,Special Auto,Special L2,1,Branch,$395.28,Two-Door Car,Medsize
NM57315,California,22922.73,Yes,Basic,Bachelor,2011-01-17,Employed,M,"$47,378.00",Suburban,Divorced,$99.00,34,76,0,2,Special Auto,Special L3,2,Call Center,$709.56,Two-Door Car,Small
DN21342,Oregon,9285.05,No,Extended,College,2011-01-17,Unemployed,F,$0.00,Suburban,Divorced,$130.00,34,96,0,6,Personal Auto,Personal L2,1,Web,$622.08,Four-Door Car,Small
BZ71120,Oregon,11416.21,No,Basic,College,2011-01-17,Employed,F,"$1,21,389.00",Urban,Married,$142.00,20,97,0,9,Personal Auto,Personal L2,1,Branch,$495.76,SUV,Medsize
KN78424,California,20894.33,No,Premium,College,2011-01-17,Employed,M,"$69,761.00",Suburban,Married,$265.00,15,116,0,5,Corporate Auto,Corporate L1,1,Branch,"$1,270.08",Sports Car,Medsize
HX11651,Oregon,4439.91,No,Extended,College,2011-01-17,Medical Leave,M,"$24,111.00",Suburban,Single,$134.00,22,0,2,1,Personal Auto,Personal L3,1,Call Center,$885.77,Two-Door Car,Medsize
XL66550,Oregon,10489.29,No,Basic,Bachelor,2011-01-17,Employed,M,"$1,00,393.00",Suburban,Divorced,$261.00,15,115,0,1,Corporate Auto,Corporate L1,1,Call Center,"$1,250.64",Luxury Car,Small
GE46404,Oregon,3657.88,No,Basic,College,2011-01-17,Employed,F,"$79,418.00",Suburban,Married,$92.00,18,132,0,1,Personal Auto,Personal L3,1,Agent,$603.11,Four-Door Car,Small
TR26615,Oregon,3371.67,No,Basic,High School or Below,2011-01-17,Unemployed,M,$0.00,Urban,Married,$93.00,7,100,0,1,Corporate Auto,Corporate L2,2,Branch,$367.71,Two-Door Car,Medsize
DN14211,Oregon,20294.42,No,Basic,College,2011-01-17,Medical Leave,M,"$23,153.00",Suburban,Married,$88.00,38,26,0,2,Personal Auto,Personal L2,1,Agent,$931.23,Two-Door Car,Medsize
NI68379,Oregon,8848.43,No,Extended,Master,2011-01-17,Employed,M,"$1,00,472.00",Suburban,Married,$109.00,35,100,0,9,Personal Auto,Personal L1,2,Agent,$524.88,Four-Door Car,Medsize
RC61383,Oregon,16099.72,No,Basic,High School or Below,2011-01-17,Employed,M,"$37,819.00",Suburban,Single,$140.00,19,50,0,2,Personal Auto,Personal L2,4,Branch,$852.65,SUV,Small
YR84813,Oregon,14277.53,No,Premium,College,2011-01-17,Unemployed,M,$0.00,Suburban,Single,$142.00,9,123,0,2,Special Auto,Special L2,3,Call Center,"$1,020.60",Four-Door Car,Medsize
UF27940,Washington,5215.47,No,Basic,College,2011-01-17,Employed,F,"$63,719.00",Suburban,Married,$135.00,4,88,3,1,Corporate Auto,Corporate L3,2,Call Center,$648.00,SUV,Medsize
RL97327,Washington,5482.29,No,Premium,Bachelor,2011-01-17,Unemployed,M,$0.00,Suburban,Married,$155.00,24,41,1,1,Personal Auto,Personal L2,2,Call Center,$944.76,Four-Door Car,Medsize
QL54532,California,5224.98,No,Basic,Master,2011-01-17,Unemployed,M,$0.00,Suburban,Single,$143.00,11,88,0,1,Personal Auto,Personal L2,1,Web,$686.88,SUV,Medsize
WY43888,Washington,22309.26,No,Basic,High School or Below,2011-01-17,Employed,M,"$32,959.00",Suburban,Married,$140.00,46,108,0,2,Personal Auto,Personal L1,2,Call Center,$673.92,SUV,Medsize
RW70500,Oregon,10795.42,No,Basic,Master,2011-01-17,Employed,F,"$58,937.00",Suburban,Married,$89.00,28,100,0,2,Personal Auto,Personal L1,1,Agent,$427.68,Two-Door Car,Large
WN59735,California,3538.51,No,Basic,College,2011-01-17,Employed,F,"$35,744.00",Rural,Married,$89.00,24,50,0,1,Personal Auto,Personal L1,2,Branch,$195.73,Four-Door Car,Medsize
QK12068,Oregon,7146.52,No,Basic,High School or Below,2011-01-17,Unemployed,F,$0.00,Suburban,Single,$100.00,19,58,0,4,Personal Auto,Personal L3,4,Agent,$961.37,Four-Door Car,Small
JK13254,Oregon,5720.45,No,Basic,Bachelor,2011-01-17,Retired,M,"$39,778.00",Suburban,Married,$159.00,32,66,1,1,Personal Auto,Personal L3,1,Web,$764.64,SUV,Medsize
BY23642,Arizona,6203.31,No,Basic,Bachelor,2011-01-17,Unemployed,F,$0.00,Suburban,Single,$86.00,22,84,0,6,Personal Auto,Personal L3,1,Branch,$622.08,Two-Door Car,Small
YI79084,Nevada,4998.55,No,Extended,Doctor,2011-01-17,Employed,M,"$45,546.00",Suburban,Single,$128.00,18,131,0,1,Personal Auto,Personal L1,2,Agent,$731.37,Two-Door Car,Medsize
HP73832,California,5125.34,No,Extended,College,2011-01-17,Employed,F,"$27,293.00",Suburban,Married,$130.00,22,41,2,1,Personal Auto,Personal L1,2,Web,$692.96,Four-Door Car,Medsize
TZ11597,California,7769.98,No,Basic,College,2011-01-17,Employed,M,"$1,31,769.00",Rural,Married,$96.00,3,90,0,9,Personal Auto,Personal L3,2,Branch,$81.03,Two-Door Car,Medsize
FX36546,Washington,4966.84,No,Extended,Master,2011-01-17,Employed,M,"$82,085.00",Rural,Married,$124.00,22,68,0,1,Personal Auto,Personal L3,2,Agent,$287.85,Four-Door Car,Medsize
LU79958,Washington,3069.39,No,Basic,Bachelor,2011-01-17,Unemployed,F,$0.00,Suburban,Single,$99.00,19,1,4,1,Personal Auto,Personal L1,1,Web,"$1,081.38",Four-Door Car,Large
NF25863,Nevada,10648.56,No,Extended,High School or Below,2011-01-17,Employed,M,"$43,403.00",Suburban,Married,$132.00,28,86,0,8,Personal Auto,Personal L3,1,Call Center,$635.04,Two-Door Car,Medsize
EK50729,Oregon,6186.57,No,Basic,Bachelor,2011-01-17,Unemployed,M,$0.00,Suburban,Divorced,$90.00,36,9,0,7,Personal Auto,Personal L3,1,Branch,$434.16,Four-Door Car,Medsize
LM67096,Oregon,2872.7,No,Basic,Bachelor,2011-01-17,Unemployed,F,$0.00,Rural,Divorced,$82.00,15,8,1,1,Corporate Auto,Corporate L2,1,Web,$42.50,Four-Door Car,Medsize
SC70396,Oregon,4723.34,No,Extended,Bachelor,2011-01-17,Employed,M,"$78,953.00",Rural,Divorced,$119.00,20,88,1,1,Personal Auto,Personal L1,1,Web,$58.78,Two-Door Car,Medsize
KE10223,California,16544.42,No,Premium,Bachelor,2011-01-17,Unemployed,M,$0.00,Suburban,Single,$239.00,0,8,0,7,Personal Auto,Personal L2,3,Branch,"$1,720.44",SUV,Medsize
WH83589,Arizona,11419.53,No,Basic,High School or Below,2011-01-17,Disabled,F,"$34,355.00",Suburban,Married,$96.00,15,80,0,2,Personal Auto,Personal L2,4,Web,$465.78,Four-Door Car,Medsize
UN53508,Oregon,6329.42,No,Basic,Bachelor,2011-01-17,Disabled,F,"$36,932.00",Suburban,Married,$82.00,26,65,0,5,Corporate Auto,Corporate L2,1,Web,$395.28,Four-Door Car,Small
WL92199,Arizona,3211.91,No,Basic,Doctor,2011-01-17,Unemployed,M,$0.00,Rural,Divorced,$89.00,4,28,0,1,Personal Auto,Personal L3,4,Call Center,$122.84,Four-Door Car,Medsize
KF88603,Oregon,13095.48,No,Extended,High School or Below,2011-01-17,Unemployed,M,$0.00,Suburban,Single,$186.00,31,73,0,3,Personal Auto,Personal L1,1,Branch,"$1,341.36",SUV,Medsize
ZN36983,California,12158.91,No,Extended,College,2011-01-17,Unemployed,M,$0.00,Suburban,Married,$116.00,26,134,1,2,Personal Auto,Personal L3,1,Web,$557.28,Four-Door Car,Medsize
LH94971,Oregon,9528.15,No,Extended,Bachelor,2011-01-17,Employed,M,"$51,084.00",Suburban,Married,$122.00,42,12,0,4,Corporate Auto,Corporate L2,2,Agent,$583.20,Four-Door Car,Large
XE59612,Nevada,9700.66,No,Extended,High School or Below,2011-01-17,Employed,M,"$86,050.00",Rural,Single,$123.00,34,20,0,6,Corporate Auto,Corporate L1,3,Call Center,$49.92,Four-Door Car,Medsize
TN85931,Oregon,7961.7,No,Basic,High School or Below,2011-01-17,Employed,F,"$39,456.00",Suburban,Married,$100.00,0,112,0,7,Special Auto,Special L3,1,Branch,$568.61,Two-Door Car,Medsize
LZ39487,Washington,6915.67,No,Basic,High School or Below,2011-01-17,Employed,F,"$78,578.00",Suburban,Married,$86.00,3,76,0,3,Personal Auto,Personal L2,3,Branch,$613.15,Four-Door Car,Small
PA14842,Washington,3924.31,No,Basic,High School or Below,2011-01-17,Employed,F,"$60,923.00",Rural,Married,$97.00,18,46,0,1,Special Auto,Special L2,4,Branch,$90.00,Four-Door Car,Medsize
DY35560,Oregon,2879.24,No,Basic,High School or Below,2011-01-17,Unemployed,M,$0.00,Suburban,Single,$82.00,0,84,0,1,Personal Auto,Personal L3,1,Agent,$933.76,Four-Door Car,Small
JD50909,Arizona,4060.93,No,Basic,Bachelor,2011-01-17,Employed,F,"$1,08,919.00",Suburban,Married,$100.00,42,16,0,1,Corporate Auto,Corporate L3,2,Agent,$479.52,Four-Door Car,Medsize
AB78984,Oregon,15017.68,No,Extended,College,2011-01-17,Employed,M,"$57,505.00",Rural,Single,$130.00,11,111,0,2,Personal Auto,Personal L1,1,Web,$57.10,Four-Door Car,Medsize
WJ47053,Oregon,8665.45,No,Basic,Bachelor,2011-01-17,Unemployed,M,$0.00,Suburban,Single,$85.00,41,46,0,2,Personal Auto,Personal L3,1,Call Center,$751.76,Two-Door Car,Medsize
LO48126,Oregon,3330.63,No,Basic,High School or Below,2011-01-17,Employed,F,"$32,191.00",Suburban,Married,$82.00,45,46,0,1,Personal Auto,Personal L3,2,Call Center,$395.28,Four-Door Car,Large
DC79319,California,4524.62,No,Extended,Bachelor,2011-01-17,Employed,F,"$39,366.00",Suburban,Single,$117.00,34,84,0,1,Personal Auto,Personal L3,2,Branch,$563.76,Two-Door Car,Medsize
YM20358,Oregon,22922.73,Yes,Basic,Bachelor,2011-01-17,Employed,M,"$47,378.00",Suburban,Divorced,$99.00,34,76,0,2,Personal Auto,Personal L2,2,Call Center,$709.56,Two-Door Car,Small
VM69145,California,11775.91,No,Basic,College,2011-01-17,Employed,F,"$34,668.00",Urban,Divorced,$99.00,14,126,0,2,Personal Auto,Personal L3,1,Agent,$448.75,Two-Door Car,Medsize
LQ79472,Arizona,4622.16,No,Extended,College,2011-01-17,Employed,M,"$1,34,752.00",Rural,Single,$116.00,0,0,0,1,Corporate Auto,Corporate L2,3,Branch,$233.43,Two-Door Car,Medsize
QN13323,Oregon,11769.38,No,Basic,High School or Below,2011-01-17,Employed,M,"$1,20,280.00",Rural,Single,$150.00,1,68,0,3,Personal Auto,Personal L1,2,Branch,$87.73,SUV,Large
SE50560,Oregon,3804.72,No,Basic,College,2011-01-17,Employed,M,"$1,19,902.00",Rural,Married,$95.00,45,12,0,1,Personal Auto,Personal L2,3,Branch,$221.78,Two-Door Car,Medsize
YH20696,Oregon,11688.26,No,Basic,College,2011-01-17,Employed,M,"$92,781.00",Rural,Married,$97.00,20,66,0,2,Personal Auto,Personal L1,1,Branch,$231.49,Four-Door Car,Medsize
CV40610,California,16622.77,No,Premium,College,2011-01-17,Unemployed,M,$0.00,Suburban,Single,$157.00,9,77,0,2,Personal Auto,Personal L1,1,Call Center,"$1,127.52",Two-Door Car,Medsize
IH78357,Oregon,7777.78,No,Basic,College,2011-01-17,Employed,F,"$1,12,579.00",Rural,Married,$96.00,41,108,0,3,Personal Auto,Personal L3,2,Web,$170.05,Four-Door Car,Medsize
AZ29426,California,22548.64,No,Basic,College,2011-01-17,Unemployed,M,$0.00,Suburban,Single,$97.00,46,62,0,2,Special Auto,Special L3,1,Agent,$466.56,Four-Door Car,Medsize
LZ84227,Arizona,19062.05,No,Premium,College,2011-01-17,Employed,M,"$1,29,215.00",Rural,Married,$161.00,0,70,2,2,Personal Auto,Personal L3,1,Agent,$201.13,Four-Door Car,Medsize
ID58813,California,5890.86,No,Basic,Bachelor,2011-01-17,Employed,M,"$52,549.00",Rural,Divorced,$151.00,14,65,0,1,Personal Auto,Personal L1,3,Agent,$325.76,Sports Car,Medsize
PZ10136,Oregon,3328.58,No,Basic,Master,2011-01-17,Employed,M,"$69,715.00",Rural,Single,$85.00,11,108,1,1,Personal Auto,Personal L3,1,Agent,$185.07,Four-Door Car,Medsize
CJ72056,California,10818.76,No,Basic,Bachelor,2011-01-17,Employed,M,"$88,609.00",Suburban,Married,$90.00,20,97,0,2,Personal Auto,Personal L2,2,Call Center,$434.16,Four-Door Car,Medsize
AA69265,Nevada,5352.39,No,Premium,Bachelor,2011-01-17,Employed,F,"$82,103.00",Suburban,Single,$139.00,4,107,1,1,Personal Auto,Personal L2,2,Web,$667.44,Four-Door Car,Medsize
SY48591,Arizona,6517.5,No,Basic,College,2011-01-17,Unemployed,F,$0.00,Suburban,Single,$92.00,39,123,0,6,Personal Auto,Personal L3,1,Branch,$440.64,Four-Door Car,Medsize
FW53453,California,10576.1,No,Extended,Master,2011-01-17,Employed,F,"$48,727.00",Urban,Married,$134.00,38,68,1,5,Personal Auto,Personal L1,2,Branch,$616.28,Two-Door Car,Medsize
QY41319,Oregon,5955.74,No,Basic,College,2011-01-17,Unemployed,M,$0.00,Suburban,Single,$84.00,27,119,0,6,Personal Auto,Personal L3,1,Call Center,$602.64,Two-Door Car,Medsize
LR43989,Oregon,6591.09,No,Basic,High School or Below,2011-01-17,Medical Leave,F,"$26,615.00",Suburban,Married,$89.00,34,15,4,5,Personal Auto,Personal L3,1,Web,$641.52,Four-Door Car,Small
GB20532,Arizona,4065.22,No,Extended,High School or Below,2011-01-17,Unemployed,M,$0.00,Suburban,Single,$116.00,24,55,0,1,Personal Auto,Personal L3,1,Web,$768.33,Four-Door Car,Medsize
QA50777,Oregon,12183.84,No,Premium,Bachelor,2011-01-17,Medical Leave,F,"$31,961.00",Suburban,Married,$158.00,5,42,0,7,Personal Auto,Personal L2,1,Branch,$955.70,Four-Door Car,Medsize
GK98989,Washington,7594.98,No,Extended,Bachelor,2011-01-17,Unemployed,M,$0.00,Suburban,Single,$115.00,46,42,0,3,Corporate Auto,Corporate L3,2,Call Center,"$1,177.48",Four-Door Car,Small
AK46006,Oregon,48995.75,No,Extended,Bachelor,2011-01-17,Medical Leave,M,"$24,363.00",Suburban,Married,$327.00,7,68,0,2,Personal Auto,Personal L1,1,Call Center,"$1,823.01",Luxury SUV,Medsize
LH52773,California,31078.2,No,Basic,High School or Below,2011-01-17,Employed,F,"$1,31,571.00",Suburban,Married,$154.00,27,84,0,2,Personal Auto,Personal L3,4,Branch,$891.18,SUV,Medsize
OG17838,Washington,4791.17,No,Extended,High School or Below,2011-01-17,Employed,M,"$48,827.00",Suburban,Divorced,$122.00,22,19,0,1,Personal Auto,Personal L3,3,Agent,$583.20,Four-Door Car,Medsize
RT23641,Oregon,6970.36,No,Extended,High School or Below,2011-01-17,Employed,F,"$48,029.00",Urban,Married,$176.00,1,8,0,1,Personal Auto,Personal L3,1,Branch,$775.59,SUV,Medsize
No34698,Oregon,5420.71,No,Basic,Bachelor,2011-01-17,Employed,M,"$1,08,074.00",Rural,Married,$135.00,41,112,0,1,Corporate Auto,Corporate L2,1,Branch,$164.63,SUV,Medsize
MM67983,Oregon,6667.51,No,Basic,Bachelor,2011-01-17,Employed,M,"$49,833.00",Rural,Married,$84.00,30,50,0,9,Personal Auto,Personal L1,2,Branch,$122.27,Four-Door Car,Medsize
QZ56257,Washington,17578.47,No,Extended,High School or Below,2011-01-17,Unemployed,F,$0.00,Suburban,Single,$301.00,35,54,5,7,Personal Auto,Personal L2,1,Call Center,"$2,167.56",Luxury Car,Medsize
KS72802,Oregon,5087.3,No,Extended,Master,2011-01-17,Employed,F,"$1,15,764.00",Urban,Married,$126.00,8,4,0,1,Corporate Auto,Corporate L3,2,Agent,$528.13,Four-Door Car,Medsize
LG87047,California,25098.59,No,Basic,High School or Below,2011-01-17,Disabled,M,"$19,182.00",Suburban,Married,$84.00,46,49,0,2,Personal Auto,Personal L3,3,Web,$401.76,Four-Door Car,Medsize
MX89333,Arizona,3448.16,No,Basic,Bachelor,2011-01-17,Unemployed,M,$0.00,Suburban,Married,$97.00,22,65,2,1,Personal Auto,Personal L1,1,Branch,$466.56,Two-Door Car,Large
YI73667,Nevada,7210.09,No,Basic,College,2011-01-17,Unemployed,F,$0.00,Suburban,Married,$97.00,1,99,0,6,Personal Auto,Personal L3,2,Web,$466.56,Four-Door Car,Medsize
AH55475,Arizona,44621.91,No,Extended,College,2011-01-17,Employed,M,"$59,732.00",Suburban,Married,$165.00,1,24,3,2,Personal Auto,Personal L2,1,Web,$790.56,SUV,Small
PJ71030,Oregon,4117.28,No,Extended,High School or Below,2011-01-17,Unemployed,M,$0.00,Suburban,Single,$122.00,19,49,0,1,Special Auto,Special L3,2,Branch,$583.20,Four-Door Car,Medsize
ET87938,Oregon,5843.97,No,Basic,College,2011-01-17,Retired,M,"$33,360.00",Suburban,Divorced,$84.00,20,15,0,6,Personal Auto,Personal L3,1,Call Center,$490.04,Two-Door Car,Small
VF57165,California,21946.69,No,Extended,High School or Below,2011-01-17,Employed,F,"$28,628.00",Rural,Married,$184.00,16,12,0,2,Corporate Auto,Corporate L1,3,Branch,$132.42,Sports Car,Medsize
IT37924,Oregon,13166.14,No,Extended,College,2011-01-17,Employed,F,"$50,416.00",Rural,Married,$111.00,36,16,0,2,Personal Auto,Personal L3,4,Agent,$42.73,Four-Door Car,Medsize
CJ78860,Oregon,4926.41,No,Basic,High School or Below,2011-01-17,Unemployed,M,$0.00,Suburban,Single,$140.00,1,68,0,1,Personal Auto,Personal L2,1,Agent,"$1,010.88",SUV,Medsize
LH85364,Oregon,35122.31,No,Extended,High School or Below,2011-01-17,Employed,F,"$59,295.00",Rural,Single,$112.00,3,58,0,2,Personal Auto,Personal L3,1,Branch,$55.00,Four-Door Car,Large
ND77597,Oregon,14964.22,No,Basic,Bachelor,2011-01-17,Employed,M,"$34,482.00",Suburban,Married,$95.00,28,63,0,2,Personal Auto,Personal L3,2,Branch,$605.31,Four-Door Car,Medsize
OA46321,Oregon,20941.54,No,Basic,College,2011-01-17,Employed,M,"$74,025.00",Suburban,Married,$267.00,30,124,3,3,Corporate Auto,Corporate L3,3,Agent,"$1,885.55",Luxury Car,Large
LW25030,Arizona,6813.3,No,Basic,Bachelor,2011-01-17,Medical Leave,F,"$40,442.00",Suburban,Married,$88.00,26,97,0,7,Corporate Auto,Corporate L3,1,Agent,$421.20,Four-Door Car,Small
TV34024,Oregon,5546.15,No,Basic,High School or Below,2011-01-17,Unemployed,M,$0.00,Suburban,Single,$154.00,9,122,0,1,Personal Auto,Personal L3,1,Web,"$1,108.08",SUV,Large
HB48518,Nevada,5253.58,No,Basic,College,2011-01-17,Employed,M,"$42,402.00",Rural,Married,$135.00,19,53,0,1,Corporate Auto,Corporate L2,4,Agent,$156.82,SUV,Medsize
NU61528,Washington,4082.25,No,Extended,Doctor,2011-01-17,Disabled,M,"$38,317.00",Urban,Single,$109.00,15,27,0,1,Personal Auto,Personal L2,1,Branch,$348.45,Four-Door Car,Medsize
LB19360,Nevada,5630.43,Yes,Basic,Master,2011-01-17,Employed,F,"$39,774.00",Suburban,Single,$144.00,38,31,1,1,Personal Auto,Personal L1,2,Branch,$693.36,SUV,Large
ZT72561,Arizona,8326.6,No,Premium,High School or Below,2011-01-17,Employed,M,"$36,840.00",Suburban,Married,$213.00,5,105,2,1,Personal Auto,Personal L3,2,Agent,"$1,023.84",Sports Car,Medsize
VK42108,Washington,24381.65,No,Basic,Bachelor,2011-01-17,Employed,F,"$78,141.00",Suburban,Single,$155.00,1,82,0,2,Corporate Auto,Corporate L3,1,Web,$745.20,SUV,Medsize
FE24232,Nevada,6385.46,No,Extended,High School or Below,2011-01-17,Unemployed,F,$0.00,Suburban,Married,$167.00,18,42,0,1,Corporate Auto,Corporate L1,2,Web,$851.65,Sports Car,Medsize
HF82396,Oregon,19478.97,No,Basic,High School or Below,2011-01-17,Unemployed,F,$0.00,Suburban,Single,$92.00,3,111,0,2,Personal Auto,Personal L1,1,Branch,$440.64,Two-Door Car,Small
AD95939,California,35790.67,No,Extended,Bachelor,2011-01-17,Employed,M,"$38,844.00",Suburban,Single,$309.00,19,97,0,2,Personal Auto,Personal L1,4,Web,"$1,483.92",Luxury Car,Medsize
QH60569,California,16139.78,No,Extended,College,2011-01-17,Employed,F,"$96,642.00",Rural,Married,$134.00,1,100,0,2,Personal Auto,Personal L3,1,Agent,$179.69,Two-Door Car,Medsize
RS53995,California,10165.32,No,Basic,College,2011-01-17,Employed,M,"$71,245.00",Rural,Married,$89.00,22,35,4,2,Corporate Auto,Corporate L1,2,Web,$105.91,Two-Door Car,Large
PZ81131,California,5631.26,No,Basic,Bachelor,2011-01-17,Employed,F,"$49,576.00",Suburban,Married,$143.00,18,24,1,1,Personal Auto,Personal L3,2,Agent,$783.12,SUV,Medsize
IP87756,Washington,5604.59,No,Extended,High School or Below,2011-01-17,Unemployed,M,$0.00,Suburban,Single,$169.00,31,86,0,1,Personal Auto,Personal L2,1,Branch,"$1,215.00",SUV,Small
UX18122,Washington,4982.44,No,Extended,Bachelor,2011-01-17,Employed,F,"$79,672.00",Suburban,Married,$124.00,4,88,0,1,Corporate Auto,Corporate L1,2,Web,$596.16,Four-Door Car,Medsize
HR26088,Arizona,8001.39,No,Extended,College,2011-01-17,Unemployed,F,$0.00,Suburban,Married,$113.00,26,35,2,4,Personal Auto,Personal L2,1,Branch,$544.32,Four-Door Car,Medsize
NY30370,Washington,3534.74,No,Basic,High School or Below,2011-01-17,Employed,M,"$38,695.00",Suburban,Married,$89.00,31,46,0,1,Corporate Auto,Corporate L3,4,Call Center,$581.32,Two-Door Car,Medsize
UZ97486,California,22922.73,Yes,Basic,Bachelor,2011-01-17,Employed,M,"$47,378.00",Suburban,Divorced,$99.00,34,76,0,2,Corporate Auto,Corporate L2,2,Call Center,$709.56,Two-Door Car,Small
FB95288,California,87235.32,No,Extended,High School or Below,2011-01-17,Unemployed,M,$0.00,Suburban,Married,$293.00,19,54,1,2,Personal Auto,Personal L3,1,Branch,"$2,109.24",Luxury Car,Small
KE35335,Washington,4833.35,No,Extended,College,2011-01-17,Employed,F,"$1,01,700.00",Urban,Married,$122.00,20,59,1,1,Personal Auto,Personal L1,2,Web,$390.47,Four-Door Car,Small
RF73329,California,3610.21,No,Basic,High School or Below,2011-01-17,Employed,F,"$45,159.00",Suburban,Married,$90.00,0,1,0,1,Personal Auto,Personal L2,2,Agent,$455.25,Four-Door Car,Medsize
GM46746,Arizona,23998.71,No,Extended,High School or Below,2011-01-17,Employed,F,"$1,16,377.00",Suburban,Single,$301.00,11,90,0,8,Personal Auto,Personal L3,3,Agent,"$1,445.04",Luxury Car,Small
AQ51159,Arizona,11592.18,No,Basic,High School or Below,2011-01-17,Employed,F,"$52,213.00",Rural,Married,$97.00,32,45,0,2,Personal Auto,Personal L1,2,Branch,$197.27,Four-Door Car,Medsize
GZ90429,California,7892.25,No,Premium,High School or Below,2011-01-17,Employed,M,"$1,16,041.00",Urban,Married,$196.00,0,115,0,1,Corporate Auto,Corporate L2,1,Call Center,$689.02,SUV,Small
QW31435,Oregon,9708.97,No,Basic,High School or Below,2011-01-17,Unemployed,M,$0.00,Urban,Married,$90.00,12,73,0,2,Personal Auto,Personal L3,3,Branch,$416.54,Two-Door Car,Medsize
DJ22229,Washington,18574.85,No,Extended,Bachelor,2011-01-17,Retired,F,"$22,672.00",Suburban,Single,$130.00,9,42,0,2,Personal Auto,Personal L3,1,Branch,$622.08,Four-Door Car,Medsize
XJ96507,Arizona,11193.74,No,Basic,High School or Below,2011-01-17,Employed,F,"$1,14,928.00",Urban,Married,$143.00,0,81,5,3,Personal Auto,Personal L2,1,Web,$676.53,SUV,Medsize
KB20508,California,14618.3,No,Extended,College,2011-01-17,Medical Leave,M,"$14,895.00",Suburban,Married,$131.00,36,24,0,2,Special Auto,Special L1,1,Branch,$690.01,Two-Door Car,Large
KE45653,California,6387.99,No,Basic,Bachelor,2011-01-17,Unemployed,F,$0.00,Suburban,Single,$86.00,19,124,0,7,Personal Auto,Personal L1,3,Web,$414.72,Four-Door Car,Medsize
QT77453,Arizona,7132.54,No,Extended,High School or Below,2011-01-17,Employed,F,"$1,09,253.00",Urban,Divorced,$178.00,35,36,0,1,Corporate Auto,Corporate L1,1,Agent,$727.04,SUV,Medsize
ZQ94561,Washington,4025.09,No,Basic,College,2011-01-17,Employed,M,"$1,08,797.00",Rural,Married,$100.00,35,4,0,1,Corporate Auto,Corporate L3,3,Branch,$132.20,Four-Door Car,Medsize
BA51898,Arizona,6103.61,No,Basic,Bachelor,2011-01-17,Employed,M,"$53,225.00",Urban,Married,$154.00,45,16,0,1,Special Auto,Special L3,3,Branch,$557.39,SUV,Medsize
VH35998,California,12915.23,No,Extended,Doctor,2011-01-17,Employed,M,"$72,056.00",Rural,Married,$107.00,27,124,0,2,Personal Auto,Personal L1,4,Agent,$171.89,Four-Door Car,Medsize
UR42360,California,22922.73,Yes,Basic,Bachelor,2011-01-17,Employed,M,"$47,378.00",Suburban,Divorced,$99.00,34,76,0,2,Personal Auto,Personal L1,2,Call Center,$709.56,Two-Door Car,Small
XS76166,Oregon,4381.4,No,Extended,College,2011-01-17,Employed,F,"$48,049.00",Suburban,Married,$111.00,46,51,0,1,Personal Auto,Personal L3,4,Call Center,$670.69,Two-Door Car,Small
QQ69088,Washington,7529.85,No,Basic,Doctor,2011-01-17,Disabled,M,"$14,981.00",Suburban,Married,$99.00,35,68,0,4,Corporate Auto,Corporate L3,3,Web,$473.04,Two-Door Car,Small
DU39756,Nevada,5630.43,Yes,Basic,Master,2011-01-17,Employed,F,"$39,774.00",Suburban,Single,$144.00,38,31,1,1,Corporate Auto,Corporate L2,2,Branch,$693.36,SUV,Large
BP35803,California,4624.74,No,Extended,College,2011-01-17,Employed,F,"$39,412.00",Urban,Single,$120.00,38,42,0,1,Personal Auto,Personal L3,2,Agent,$573.03,Four-Door Car,Medsize
GU84478,Oregon,6625.97,No,Basic,High School or Below,2011-01-17,Employed,M,"$65,079.00",Urban,Married,$85.00,38,115,2,8,Personal Auto,Personal L1,3,Branch,$222.72,Four-Door Car,Medsize
QN67807,Arizona,7273,No,Basic,Bachelor,2011-01-17,Employed,M,"$1,31,377.00",Urban,Married,$90.00,18,24,0,7,Personal Auto,Personal L3,2,Branch,$417.25,Two-Door Car,Large
AK11669,Arizona,13676.76,No,Extended,Doctor,2011-01-17,Employed,F,"$79,963.00",Suburban,Divorced,$115.00,8,101,0,2,Corporate Auto,Corporate L3,3,Branch,$550.80,Two-Door Car,Medsize
OR28030,California,22922.73,Yes,Basic,Bachelor,2011-01-17,Employed,M,"$47,378.00",Suburban,Divorced,$99.00,34,76,0,2,Corporate Auto,Corporate L3,2,Call Center,$709.56,Two-Door Car,Small
AF20716,Oregon,3279.66,No,Basic,Bachelor,2011-01-17,Employed,M,"$1,00,225.00",Rural,Married,$82.00,28,77,0,1,Personal Auto,Personal L3,2,Agent,$187.09,Two-Door Car,Medsize
UH86550,Oregon,5639.34,No,Premium,College,2011-01-17,Employed,F,"$59,700.00",Urban,Married,$140.00,26,4,0,1,Personal Auto,Personal L2,3,Branch,$557.82,Four-Door Car,Medsize
CX89767,California,6363.96,No,Basic,High School or Below,2011-01-17,Employed,F,"$62,231.00",Urban,Married,$82.00,12,99,4,3,Personal Auto,Personal L2,2,Call Center,$266.05,Four-Door Car,Large
ZO54248,California,4171.68,No,Extended,High School or Below,2011-01-17,Employed,F,"$32,360.00",Rural,Married,$104.00,18,26,0,1,Personal Auto,Personal L2,2,Call Center,$59.35,Four-Door Car,Medsize
JI93499,California,9003.4,No,Basic,High School or Below,2011-01-17,Unemployed,M,$0.00,Suburban,Married,$88.00,41,7,1,2,Corporate Auto,Corporate L1,3,Agent,$421.20,Four-Door Car,Medsize
DW20514,California,11391.93,No,Basic,College,2011-01-17,Disabled,M,"$34,478.00",Suburban,Married,$151.00,20,85,0,3,Personal Auto,Personal L3,1,Web,$789.84,SUV,Small
ED80746,California,10025.72,No,Extended,Bachelor,2011-01-17,Medical Leave,M,"$26,506.00",Suburban,Married,$132.00,39,120,0,6,Corporate Auto,Corporate L3,1,Branch,$635.04,Two-Door Car,Small
XB70333,California,8886.09,No,Premium,High School or Below,2011-01-17,Retired,M,"$14,496.00",Suburban,Single,$147.00,7,49,4,3,Personal Auto,Personal L3,1,Agent,"$1,150.55",Four-Door Car,Medsize
JT27173,California,5372.03,No,Basic,College,2011-01-17,Employed,M,"$57,555.00",Urban,Married,$136.00,5,39,0,1,Corporate Auto,Corporate L2,1,Agent,$384.82,SUV,Medsize
FP66891,California,2941,No,Basic,Bachelor,2011-01-17,Unemployed,M,$0.00,Suburban,Single,$88.00,24,85,0,1,Personal Auto,Personal L1,1,Agent,$431.31,Four-Door Car,Large
KK38827,California,5630.43,Yes,Basic,Master,2011-01-17,Employed,F,"$39,774.00",Suburban,Single,$144.00,38,31,1,1,Personal Auto,Personal L2,2,Branch,$693.36,SUV,Large
UF88512,California,10047.47,No,Extended,Bachelor,2011-01-17,Employed,M,"$77,648.00",Suburban,Single,$130.00,19,82,0,8,Corporate Auto,Corporate L3,2,Web,$622.08,Four-Door Car,Medsize
ZG54759,California,3829.96,No,Basic,College,2011-01-17,Employed,F,"$55,901.00",Urban,Divorced,$99.00,5,120,1,1,Corporate Auto,Corporate L2,1,Branch,$362.76,Four-Door Car,Medsize
RY44243,California,8026.58,No,Basic,College,2011-01-17,Employed,F,"$88,563.00",Rural,Married,$99.00,15,19,0,3,Personal Auto,Personal L2,3,Agent,$83.12,Four-Door Car,Medsize
BB10681,California,5589.88,No,Extended,College,2011-01-17,Unemployed,F,$0.00,Suburban,Divorced,$166.00,7,47,2,1,Corporate Auto,Corporate L3,1,Branch,$797.04,SUV,Medsize
CF85061,Arizona,9741.74,No,Premium,Master,2011-01-18,Unemployed,M,$0.00,Urban,Single,$136.00,0,92,0,4,Corporate Auto,Corporate L3,1,Agent,$490.09,Four-Door Car,Medsize
IL66569,California,7268.98,No,Basic,College,2011-01-18,Employed,M,"$1,12,980.00",Urban,Single,$95.00,28,14,2,8,Corporate Auto,Corporate L3,4,Call Center,$414.64,Four-Door Car,Medsize
AO98601,Washington,6775.5,No,Basic,Bachelor,2011-01-18,Employed,M,"$73,575.00",Suburban,Married,$85.00,38,23,0,6,Corporate Auto,Corporate L2,1,Agent,$408.24,Two-Door Car,Small
QG25316,Nevada,3580.28,No,Basic,High School or Below,2011-01-18,Unemployed,F,$0.00,Suburban,Married,$95.00,9,1,1,1,Corporate Auto,Corporate L3,3,Call Center,$653.83,Two-Door Car,Medsize
SH90947,Arizona,3097.55,No,Basic,High School or Below,2011-01-18,Unemployed,F,$0.00,Suburban,Married,$84.00,15,76,0,1,Personal Auto,Personal L2,4,Branch,$422.58,Four-Door Car,Medsize
BN87372,Oregon,6715.98,Yes,Basic,Bachelor,2011-01-18,Employed,M,"$1,02,119.00",Suburban,Divorced,$88.00,7,92,3,9,Personal Auto,Personal L3,2,Branch,$631.53,Two-Door Car,Medsize
ZU18643,Nevada,4942.04,No,Extended,Bachelor,2011-01-18,Employed,M,"$87,068.00",Urban,Married,$124.00,46,41,0,1,Corporate Auto,Corporate L2,4,Web,$340.19,Four-Door Car,Medsize
BE10809,California,5737.88,Yes,Basic,High School or Below,2011-01-18,Unemployed,F,$0.00,Suburban,Single,$82.00,23,1,1,7,Personal Auto,Personal L1,1,Agent,$395.28,Four-Door Car,Small
ZX64745,California,10696.23,No,Basic,College,2011-01-18,Unemployed,M,$0.00,Suburban,Single,$153.00,27,1,0,7,Personal Auto,Personal L2,1,Agent,"$1,517.98",SUV,Medsize
LC25393,California,37497.99,No,Extended,Bachelor,2011-01-18,Employed,M,"$1,19,097.00",Rural,Married,$311.00,38,85,0,2,Personal Auto,Personal L3,1,Call Center,$204.56,Luxury Car,Small
ID20929,Oregon,3721.87,No,Basic,Bachelor,2011-01-18,Medical Leave,M,"$40,400.00",Suburban,Divorced,$100.00,34,46,0,1,Corporate Auto,Corporate L1,1,Branch,$564.62,Four-Door Car,Medsize
RM41745,California,11176.36,No,Premium,High School or Below,2011-01-18,Unemployed,F,$0.00,Suburban,Married,$149.00,27,89,0,7,Personal Auto,Personal L3,1,Agent,"$1,353.76",Four-Door Car,Medsize
QT25383,Nevada,8592.62,No,Extended,High School or Below,2011-01-18,Employed,M,"$56,681.00",Suburban,Single,$113.00,34,42,2,5,Personal Auto,Personal L3,1,Branch,$581.01,Two-Door Car,Small
PW73754,California,9911.51,No,Basic,High School or Below,2011-01-18,Unemployed,F,$0.00,Rural,Married,$140.00,1,65,3,7,Personal Auto,Personal L3,1,Branch,$110.76,Sports Car,Medsize
KI19439,Oregon,7030.32,No,Basic,High School or Below,2011-01-18,Employed,F,"$29,635.00",Suburban,Married,$89.00,27,42,0,6,Personal Auto,Personal L1,4,Branch,$427.68,Four-Door Car,Small
OR40060,Arizona,4486.17,No,Extended,Bachelor,2011-01-18,Employed,M,"$95,054.00",Rural,Married,$112.00,34,18,0,1,Personal Auto,Personal L3,2,Web,$177.97,Four-Door Car,Medsize
DK32872,Nevada,7066.35,No,Extended,High School or Below,2011-01-18,Employed,F,"$90,392.00",Suburban,Married,$177.00,42,5,1,1,Personal Auto,Personal L1,2,Web,$848.88,SUV,Medsize
BZ65376,Arizona,11584.73,No,Extended,Bachelor,2011-01-18,Medical Leave,M,"$37,380.00",Suburban,Married,$323.00,0,97,2,1,Personal Auto,Personal L2,2,Web,"$3,905.87",Luxury SUV,Medsize
EC71986,Washington,3279.53,No,Basic,High School or Below,2011-01-18,Medical Leave,F,"$36,094.00",Suburban,Married,$85.00,8,86,0,1,Personal Auto,Personal L1,1,Agent,$496.70,Four-Door Car,Medsize
ET64028,California,5416.63,No,Extended,High School or Below,2011-01-18,Employed,F,"$63,748.00",Suburban,Married,$134.00,11,107,0,1,Personal Auto,Personal L2,1,Agent,$641.52,Two-Door Car,Large
OZ92426,Oregon,3191.98,No,Basic,College,2011-01-18,Employed,M,"$62,456.00",Urban,Single,$84.00,23,101,0,1,Corporate Auto,Corporate L1,4,Branch,$269.15,Four-Door Car,Medsize
OD18225,California,8952.75,No,Extended,College,2011-01-18,Employed,M,"$44,439.00",Suburban,Married,$113.00,45,93,0,3,Personal Auto,Personal L2,3,Agent,$544.32,Four-Door Car,Medsize
BS13111,Arizona,8951.63,No,Basic,Bachelor,2011-01-18,Unemployed,M,$0.00,Urban,Divorced,$89.00,27,72,0,2,Personal Auto,Personal L3,1,Branch,$426.53,Four-Door Car,Medsize
HL63895,Arizona,9858.75,No,Basic,Master,2011-01-18,Employed,M,"$41,164.00",Urban,Married,$82.00,43,92,0,2,Personal Auto,Personal L3,1,Branch,$231.37,Four-Door Car,Medsize
DK98861,Arizona,17766.46,No,Basic,College,2011-01-18,Employed,F,"$1,27,069.00",Urban,Married,$147.00,45,28,0,2,Personal Auto,Personal L2,2,Call Center,$461.27,SUV,Medsize
TJ48439,Oregon,3133.42,No,Basic,College,2011-01-18,Unemployed,F,$0.00,Suburban,Single,$89.00,0,14,0,1,Personal Auto,Personal L1,3,Branch,$686.75,Two-Door Car,Small
IB42395,Nevada,12897.11,No,Premium,College,2011-01-18,Unemployed,M,$0.00,Suburban,Single,$197.00,27,19,0,4,Corporate Auto,Corporate L3,1,Agent,"$1,419.12",SUV,Medsize
KH34667,Nevada,9223.38,No,Extended,College,2011-01-18,Employed,M,"$68,137.00",Urban,Married,$117.00,8,90,0,3,Corporate Auto,Corporate L3,2,Web,$379.57,Four-Door Car,Medsize
JI25066,Arizona,6653.34,No,Basic,Bachelor,2011-01-18,Employed,F,"$83,410.00",Urban,Married,$82.00,42,63,0,5,Personal Auto,Personal L3,3,Web,$365.99,Two-Door Car,Large
ZE76673,Oregon,14812.29,Yes,Extended,Doctor,2011-01-18,Employed,M,"$32,621.00",Suburban,Divorced,$185.00,3,54,0,5,Personal Auto,Personal L1,2,Agent,$887.76,Sports Car,Medsize
ER65086,Nevada,8277.75,No,Extended,Doctor,2011-01-18,Employed,M,"$1,22,550.00",Rural,Married,$103.00,42,39,0,7,Personal Auto,Personal L3,3,Branch,$84.09,Four-Door Car,Medsize
KC67431,California,14198.16,No,Extended,College,2011-01-18,Employed,F,"$63,054.00",Rural,Married,$180.00,9,12,0,8,Personal Auto,Personal L2,3,Branch,$108.95,Sports Car,Medsize
IP68868,Oregon,5156.49,No,Premium,High School or Below,2011-01-18,Unemployed,M,$0.00,Suburban,Single,$150.00,39,103,0,1,Personal Auto,Personal L2,1,Branch,"$1,078.92",Two-Door Car,Small
MY32149,California,4977.08,No,Extended,Master,2011-01-18,Unemployed,F,$0.00,Rural,Married,$130.00,3,119,0,1,Personal Auto,Personal L2,1,Agent,$38.42,Two-Door Car,Medsize
FP11777,California,14812.29,Yes,Extended,Doctor,2011-01-18,Employed,M,"$32,621.00",Suburban,Divorced,$185.00,3,54,0,5,Corporate Auto,Corporate L2,2,Agent,$887.76,Sports Car,Medsize
UI63465,Oregon,3938.68,No,Basic,High School or Below,2011-01-18,Employed,F,"$69,690.00",Suburban,Divorced,$100.00,39,43,0,1,Corporate Auto,Corporate L1,1,Agent,$479.52,Four-Door Car,Small
NJ11986,Arizona,6015.62,No,Premium,Master,2011-01-18,Employed,F,"$39,893.00",Rural,Single,$154.00,22,95,1,1,Corporate Auto,Corporate L3,1,Web,$160.31,Two-Door Car,Medsize
BL55947,California,7850.6,No,Basic,College,2011-01-18,Employed,M,"$1,03,511.00",Rural,Married,$97.00,7,51,0,9,Personal Auto,Personal L2,4,Agent,$191.32,Four-Door Car,Small
GR49281,California,6715.98,Yes,Basic,Bachelor,2011-01-18,Employed,M,"$1,02,119.00",Suburban,Divorced,$88.00,7,92,3,9,Personal Auto,Personal L2,2,Branch,$631.53,Two-Door Car,Medsize
YW11227,California,7189.28,No,Basic,Bachelor,2011-01-18,Employed,M,"$84,335.00",Urban,Married,$89.00,46,113,0,4,Personal Auto,Personal L3,3,Agent,$329.08,Two-Door Car,Medsize
TM28833,Oregon,3073.13,No,Basic,College,2011-01-18,Unemployed,M,$0.00,Suburban,Single,$93.00,46,18,1,1,Personal Auto,Personal L3,4,Call Center,$843.72,Two-Door Car,Small
DS34823,Arizona,5737.88,Yes,Basic,High School or Below,2011-01-18,Unemployed,F,$0.00,Suburban,Single,$82.00,23,1,1,7,Personal Auto,Personal L2,1,Agent,$395.28,Four-Door Car,Small
RR39751,California,4821.32,No,Extended,Bachelor,2011-01-18,Unemployed,F,$0.00,Urban,Married,$130.00,26,41,0,1,Personal Auto,Personal L3,1,Branch,$592.19,Four-Door Car,Medsize
XS78545,Oregon,9919,No,Basic,College,2011-01-18,Employed,F,"$39,813.00",Suburban,Married,$82.00,35,84,0,2,Personal Auto,Personal L2,3,Web,$395.28,Four-Door Car,Medsize
ZL45417,California,4680.89,No,Extended,High School or Below,2011-01-18,Unemployed,F,$0.00,Suburban,Single,$130.00,3,72,0,1,Personal Auto,Personal L3,3,Agent,"$1,078.99",Two-Door Car,Small
AZ68184,Washington,12188.22,No,Basic,High School or Below,2011-01-18,Employed,M,"$1,03,294.00",Suburban,Married,$151.00,26,0,0,3,Personal Auto,Personal L3,4,Agent,$774.82,SUV,Medsize
YK93229,Oregon,4402.01,No,Extended,High School or Below,2011-01-18,Unemployed,M,$0.00,Suburban,Married,$122.00,11,45,0,1,Personal Auto,Personal L3,2,Call Center,$583.20,Two-Door Car,Medsize
CQ72935,Arizona,6715.98,Yes,Basic,Bachelor,2011-01-18,Employed,M,"$1,02,119.00",Suburban,Divorced,$88.00,7,92,3,9,Personal Auto,Personal L3,2,Branch,$631.53,Two-Door Car,Medsize
YD65161,California,3932.01,No,Basic,Bachelor,2011-01-18,Employed,F,"$88,339.00",Rural,Married,$99.00,19,74,0,1,Personal Auto,Personal L3,4,Agent,$55.02,Four-Door Car,Small
TZ81094,Nevada,3202.41,No,Basic,High School or Below,2011-01-18,Medical Leave,F,"$25,691.00",Suburban,Married,$84.00,9,30,0,1,Corporate Auto,Corporate L3,3,Branch,$480.36,Two-Door Car,Medsize
WY38315,California,4845.05,No,Basic,College,2011-01-18,Unemployed,M,$0.00,Suburban,Single,$143.00,27,69,0,1,Personal Auto,Personal L2,3,Agent,"$1,030.32",SUV,Medsize
SL71998,Oregon,3776.98,No,Basic,College,2011-01-18,Employed,M,"$85,351.00",Suburban,Married,$96.00,4,97,0,1,Personal Auto,Personal L1,3,Web,$536.79,Two-Door Car,Small
DY57308,California,11927.46,No,Basic,Bachelor,2011-01-18,Employed,F,"$30,204.00",Urban,Married,$151.00,15,80,0,8,Personal Auto,Personal L1,1,Branch,$566.66,SUV,Small
CI57475,Arizona,4417.21,No,Extended,College,2011-01-18,Unemployed,F,$0.00,Suburban,Married,$117.00,18,8,0,1,Personal Auto,Personal L2,1,Agent,$845.64,Four-Door Car,Small
SZ14518,California,10933.61,No,Basic,College,2011-01-18,Unemployed,F,$0.00,Suburban,Divorced,$97.00,20,61,0,2,Personal Auto,Personal L3,3,Call Center,$699.84,Four-Door Car,Medsize
MA83261,Arizona,3760.31,No,Basic,High School or Below,2011-01-18,Employed,M,"$89,610.00",Rural,Divorced,$96.00,27,82,0,1,Corporate Auto,Corporate L3,2,Call Center,$213.30,Two-Door Car,Medsize
JG61793,Washington,4112.44,No,Extended,High School or Below,2011-01-18,Unemployed,M,$0.00,Suburban,Single,$132.00,5,58,2,1,Personal Auto,Personal L1,1,Branch,$952.56,Four-Door Car,Small
YB96664,Washington,6715.98,Yes,Basic,Bachelor,2011-01-18,Employed,M,"$1,02,119.00",Suburban,Divorced,$88.00,7,92,3,9,Corporate Auto,Corporate L3,2,Branch,$631.53,Two-Door Car,Medsize
DV36320,California,24294.42,No,Extended,High School or Below,2011-01-18,Employed,F,"$1,09,338.00",Urban,Married,$301.00,7,76,0,4,Personal Auto,Personal L3,4,Branch,"$1,265.39",Luxury SUV,Medsize
HU26687,California,3813.55,No,Basic,Bachelor,2011-01-18,Employed,M,"$64,811.00",Rural,Married,$99.00,45,74,4,1,Personal Auto,Personal L3,2,Branch,$185.06,Four-Door Car,Medsize
LV89056,California,4229.57,No,Extended,Bachelor,2011-01-18,Unemployed,F,$0.00,Suburban,Single,$123.00,9,19,1,1,Personal Auto,Personal L2,1,Call Center,$884.52,Four-Door Car,Medsize
JK57654,California,14812.29,Yes,Extended,Doctor,2011-01-18,Employed,M,"$32,621.00",Suburban,Divorced,$185.00,3,54,0,5,Personal Auto,Personal L3,2,Agent,$887.76,Sports Car,Medsize
KA95976,California,7279.88,No,Basic,High School or Below,2011-01-18,Employed,F,"$1,08,743.00",Urban,Married,$92.00,22,90,3,7,Personal Auto,Personal L3,1,Branch,$358.45,Four-Door Car,Medsize
SE30128,California,6523.36,No,Extended,High School or Below,2011-01-18,Unemployed,M,$0.00,Suburban,Single,$188.00,8,12,0,1,Personal Auto,Personal L2,1,Call Center,"$1,351.08",SUV,Medsize
IR45546,Oregon,14215.3,No,Extended,Bachelor,2011-01-18,Employed,F,"$50,649.00",Urban,Married,$177.00,47,123,0,6,Special Auto,Special L3,1,Branch,$638.35,Sports Car,Medsize
LA79102,California,10311.9,No,Extended,Doctor,2011-01-18,Employed,F,"$89,243.00",Urban,Married,$128.00,14,34,1,4,Personal Auto,Personal L3,3,Agent,$337.94,Two-Door Car,Small
ZL37444,California,14812.29,Yes,Extended,Doctor,2011-01-18,Employed,M,"$32,621.00",Suburban,Divorced,$185.00,3,54,0,5,Personal Auto,Personal L3,2,Agent,$887.76,Sports Car,Medsize
VZ39362,Oregon,12231.28,No,Basic,High School or Below,2011-01-18,Employed,F,"$77,055.00",Suburban,Married,$153.00,35,18,1,8,Personal Auto,Personal L3,1,Call Center,$732.24,Sports Car,Large
ED90879,Nevada,9889.99,No,Premium,Bachelor,2011-01-18,Employed,M,"$28,022.00",Rural,Single,$138.00,8,100,3,9,Corporate Auto,Corporate L3,1,Agent,$292.18,Four-Door Car,Medsize
LA52988,Oregon,5595.57,No,Basic,High School or Below,2011-01-18,Employed,F,"$87,045.00",Rural,Married,$139.00,41,124,0,1,Personal Auto,Personal L3,2,Branch,$11.18,SUV,Medsize
FX55357,Arizona,5891.82,No,Basic,College,2011-01-18,Employed,M,"$60,485.00",Suburban,Single,$154.00,20,18,0,1,Corporate Auto,Corporate L3,4,Branch,"$1,050.77",SUV,Medsize
JD78271,Nevada,11228.36,No,Basic,College,2011-01-18,Employed,F,"$86,895.00",Rural,Married,$140.00,3,19,0,9,Personal Auto,Personal L2,3,Call Center,$130.18,SUV,Medsize
NF20746,Oregon,17633.05,No,Basic,Bachelor,2011-01-18,Unemployed,F,$0.00,Suburban,Single,$243.00,5,61,0,6,Personal Auto,Personal L1,2,Agent,"$1,990.26",Luxury Car,Medsize
RQ88363,California,6959.96,No,Basic,College,2011-01-18,Employed,F,"$1,05,107.00",Rural,Married,$86.00,0,134,0,9,Personal Auto,Personal L3,1,Agent,$216.85,Four-Door Car,Small
CQ59706,Washington,6771.8,No,Basic,College,2011-01-18,Employed,F,"$66,645.00",Rural,Divorced,$85.00,22,54,0,9,Personal Auto,Personal L3,1,Agent,$93.46,Four-Door Car,Medsize
FG64765,Arizona,6772.35,No,Basic,Bachelor,2011-01-18,Employed,M,"$49,023.00",Urban,Single,$90.00,4,51,2,9,Personal Auto,Personal L2,1,Agent,$405.51,Four-Door Car,Medsize
QT39025,Arizona,6186.91,No,Basic,Bachelor,2011-01-18,Employed,F,"$90,438.00",Urban,Married,$155.00,1,96,0,1,Personal Auto,Personal L3,2,Branch,$539.48,SUV,Medsize
YF16441,California,37786.87,No,Extended,Bachelor,2011-01-18,Employed,F,"$92,263.00",Suburban,Single,$107.00,27,105,0,2,Personal Auto,Personal L2,2,Call Center,$511.92,Two-Door Car,Medsize
YZ38778,Oregon,5169.27,No,Extended,Master,2011-01-18,Employed,M,"$1,00,946.00",Suburban,Divorced,$128.00,24,47,0,1,Personal Auto,Personal L1,2,Web,$913.49,Four-Door Car,Small
MK32733,California,12308.55,No,Extended,Bachelor,2011-01-18,Unemployed,M,$0.00,Urban,Married,$170.00,39,82,0,3,Corporate Auto,Corporate L3,1,Branch,$569.57,SUV,Medsize
AI16519,Nevada,6584.78,No,Basic,High School or Below,2011-01-18,Unemployed,M,$0.00,Suburban,Married,$89.00,5,41,0,5,Personal Auto,Personal L3,2,Agent,$567.53,Two-Door Car,Medsize
XJ60303,California,18099.34,No,Premium,Bachelor,2011-01-18,Employed,F,"$33,815.00",Suburban,Married,$225.00,0,15,0,5,Personal Auto,Personal L1,1,Agent,"$1,082.16",SUV,Medsize
VU35401,Nevada,3724.25,No,Basic,High School or Below,2011-01-18,Employed,F,"$60,236.00",Urban,Married,$92.00,47,61,0,1,Corporate Auto,Corporate L2,2,Web,$382.95,Four-Door Car,Medsize
BM53580,Oregon,11502.2,No,Extended,Bachelor,2011-01-18,Unemployed,F,$0.00,Rural,Divorced,$108.00,41,130,0,2,Personal Auto,Personal L2,1,Agent,$93.34,Four-Door Car,Medsize
EZ51276,Arizona,9613.46,No,Extended,College,2011-01-18,Unemployed,F,$0.00,Suburban,Married,$130.00,38,84,0,4,Personal Auto,Personal L1,1,Agent,$622.08,Four-Door Car,Medsize
BQ41371,Oregon,7595.82,No,Basic,Bachelor,2011-01-18,Employed,F,"$63,311.00",Suburban,Married,$95.00,22,63,0,3,Personal Auto,Personal L2,4,Branch,$464.91,Four-Door Car,Small
FY70464,Oregon,9744.52,No,Premium,Bachelor,2011-01-18,Employed,F,"$1,28,328.00",Rural,Married,$239.00,15,122,0,1,Personal Auto,Personal L3,2,Agent,$121.11,SUV,Small
YV40022,California,13240.57,No,Extended,College,2011-01-18,Unemployed,F,$0.00,Suburban,Married,$182.00,24,65,0,4,Personal Auto,Personal L3,1,Branch,"$1,310.12",Sports Car,Medsize
TY22591,Washington,10562.9,No,Basic,College,2011-01-18,Employed,M,"$44,311.00",Suburban,Married,$135.00,1,49,0,8,Personal Auto,Personal L3,2,Agent,$648.00,SUV,Medsize
QP77560,California,6782.44,No,Basic,High School or Below,2011-01-18,Employed,F,"$1,23,664.00",Suburban,Married,$86.00,24,50,5,8,Personal Auto,Personal L2,2,Web,$414.72,Four-Door Car,Large
FH97700,Washington,5466.71,No,Premium,Bachelor,2011-01-18,Employed,F,"$84,866.00",Rural,Single,$140.00,27,19,0,1,Personal Auto,Personal L2,3,Agent,$231.14,Two-Door Car,Small
NB98740,California,3813.32,No,Basic,High School or Below,2011-01-18,Employed,F,"$1,11,881.00",Suburban,Married,$95.00,7,27,0,1,Personal Auto,Personal L3,2,Call Center,$614.71,Four-Door Car,Small
SF38922,Oregon,16124.95,No,Basic,College,2011-01-18,Employed,M,"$45,576.00",Rural,Married,$138.00,32,15,0,2,Personal Auto,Personal L1,1,Branch,$166.71,SUV,Medsize
SU41739,California,11783.42,No,Extended,College,2011-01-18,Unemployed,M,$0.00,Urban,Married,$167.00,31,41,0,7,Personal Auto,Personal L3,1,Branch,$639.18,SUV,Small
CV44550,Arizona,10204.93,No,Premium,College,2011-01-18,Unemployed,M,$0.00,Suburban,Single,$161.00,45,78,1,3,Corporate Auto,Corporate L3,1,Call Center,"$1,302.10",Four-Door Car,Small
ID15010,Oregon,14812.29,Yes,Extended,Doctor,2011-01-18,Employed,M,"$32,621.00",Suburban,Divorced,$185.00,3,54,0,5,Personal Auto,Personal L3,2,Agent,$887.76,Sports Car,Medsize
CY59740,California,3502.99,No,Basic,High School or Below,2011-01-18,Unemployed,M,$0.00,Suburban,Married,$99.00,11,46,0,1,Corporate Auto,Corporate L2,2,Branch,$473.04,Four-Door Car,Small
AY99324,Oregon,8849.74,No,Extended,College,2011-01-18,Disabled,M,"$29,502.00",Suburban,Married,$116.00,14,3,0,5,Personal Auto,Personal L2,3,Agent,$557.28,Four-Door Car,Medsize
OE56979,Oregon,12894.08,No,Basic,High School or Below,2011-01-18,Employed,F,"$76,972.00",Urban,Married,$161.00,42,116,0,3,Personal Auto,Personal L2,2,Agent,$461.52,SUV,Medsize
YV23210,Oregon,10019.95,No,Basic,High School or Below,2011-01-18,Employed,M,"$31,883.00",Suburban,Married,$255.00,0,63,0,1,Personal Auto,Personal L1,3,Agent,"$1,224.72",Luxury Car,Small
BP74289,Oregon,9829.68,No,Basic,College,2011-01-18,Unemployed,M,$0.00,Suburban,Divorced,$139.00,16,58,0,3,Personal Auto,Personal L3,2,Call Center,$667.44,SUV,Medsize
XW18691,Washington,10465.1,No,Premium,Doctor,2011-01-18,Employed,M,"$91,512.00",Rural,Married,$262.00,12,99,0,1,Personal Auto,Personal L3,4,Web,$633.50,SUV,Medsize
XH71839,Oregon,9098.08,No,Extended,High School or Below,2011-01-18,Unemployed,M,$0.00,Suburban,Single,$130.00,22,58,0,7,Personal Auto,Personal L3,1,Agent,"$1,366.24",Four-Door Car,Small
SB60942,Arizona,9799.16,No,Basic,College,2011-01-18,Employed,M,"$1,18,911.00",Urban,Married,$82.00,14,61,1,2,Personal Auto,Personal L1,4,Branch,$295.35,Two-Door Car,Medsize
TU47984,Arizona,5039.6,No,Extended,College,2011-01-18,Employed,F,"$29,082.00",Suburban,Single,$131.00,18,28,0,1,Personal Auto,Personal L2,2,Agent,$628.56,Four-Door Car,Medsize
KQ49890,Oregon,7998.3,No,Basic,High School or Below,2011-01-18,Employed,M,"$1,05,822.00",Urban,Married,$100.00,7,1,0,6,Corporate Auto,Corporate L3,2,Agent,$275.52,Four-Door Car,Medsize
OW20992,California,3120.01,No,Basic,High School or Below,2011-01-18,Unemployed,M,$0.00,Suburban,Single,$92.00,0,61,0,1,Personal Auto,Personal L2,2,Web,$660.96,Four-Door Car,Medsize
FX67699,Oregon,5737.88,Yes,Basic,High School or Below,2011-01-18,Unemployed,F,$0.00,Suburban,Single,$82.00,23,1,1,7,Corporate Auto,Corporate L3,1,Agent,$395.28,Four-Door Car,Small
BC35753,Arizona,3606.25,No,Basic,College,2011-01-18,Employed,F,"$61,459.00",Suburban,Married,$89.00,1,55,0,1,Personal Auto,Personal L2,4,Agent,$427.68,Two-Door Car,Small
VX85673,Arizona,5737.88,Yes,Basic,High School or Below,2011-01-18,Unemployed,F,$0.00,Suburban,Single,$82.00,23,1,1,7,Personal Auto,Personal L3,1,Agent,$395.28,Four-Door Car,Small
LT41574,Oregon,3727.29,No,Basic,Bachelor,2011-01-18,Employed,F,"$46,868.00",Suburban,Married,$95.00,9,45,2,1,Special Auto,Special L2,1,Web,$453.60,Four-Door Car,Medsize
TB71474,Nevada,4240.8,No,Extended,College,2011-01-18,Employed,F,"$32,426.00",Rural,Married,$107.00,19,36,0,1,Personal Auto,Personal L3,3,Branch,$63.76,Four-Door Car,Medsize
CD68182,Oregon,4956.95,No,Extended,College,2011-01-18,Employed,F,"$57,321.00",Urban,Married,$123.00,38,57,0,1,Personal Auto,Personal L1,1,Agent,$469.09,Two-Door Car,Medsize
FG15434,Arizona,7499.02,No,Basic,Master,2011-01-18,Employed,F,"$71,528.00",Rural,Married,$93.00,16,109,0,5,Personal Auto,Personal L2,1,Web,$226.35,Two-Door Car,Medsize
PL44132,Arizona,4133.43,No,Extended,College,2011-01-18,Employed,M,"$1,19,289.00",Suburban,Single,$105.00,12,85,0,1,Personal Auto,Personal L1,2,Call Center,$611.01,Two-Door Car,Medsize
MM97107,Oregon,43395.28,No,Premium,High School or Below,2011-01-18,Medical Leave,M,"$25,739.00",Suburban,Married,$139.00,7,82,0,2,Personal Auto,Personal L2,1,Agent,$667.44,Two-Door Car,Medsize
PO26937,Oregon,11101.27,No,Premium,Bachelor,2011-01-18,Employed,M,"$1,28,388.00",Rural,Married,$136.00,8,99,0,8,Corporate Auto,Corporate L3,3,Web,$127.36,Four-Door Car,Medsize
OY15095,Oregon,6883.45,No,Extended,Bachelor,2011-01-18,Unemployed,M,$0.00,Suburban,Single,$131.00,27,12,4,7,Personal Auto,Personal L3,1,Agent,$822.21,Two-Door Car,Medsize
QA45054,Arizona,12058.63,No,Basic,High School or Below,2011-01-18,Employed,F,"$82,227.00",Urban,Married,$151.00,11,127,0,5,Personal Auto,Personal L2,3,Agent,$556.34,SUV,Small
WE38399,California,6715.98,Yes,Basic,Bachelor,2011-01-18,Employed,M,"$1,02,119.00",Suburban,Divorced,$88.00,7,92,3,9,Personal Auto,Personal L1,2,Branch,$631.53,Two-Door Car,Medsize
NG62780,Oregon,5737.88,Yes,Basic,High School or Below,2011-01-18,Unemployed,F,$0.00,Suburban,Single,$82.00,23,1,1,7,Personal Auto,Personal L2,1,Agent,$395.28,Four-Door Car,Small
HE20556,Arizona,7187.92,No,Basic,Bachelor,2011-01-18,Employed,F,"$42,607.00",Suburban,Divorced,$92.00,11,84,0,7,Personal Auto,Personal L3,3,Web,$440.64,Four-Door Car,Medsize
ZI95657,California,14812.29,Yes,Extended,Doctor,2011-01-18,Employed,M,"$32,621.00",Suburban,Divorced,$185.00,3,54,0,5,Personal Auto,Personal L3,2,Agent,$887.76,Sports Car,Medsize
SZ17657,Oregon,12167.44,No,Basic,College,2011-01-18,Employed,F,"$91,584.00",Rural,Married,$151.00,46,76,0,5,Personal Auto,Personal L3,2,Web,$112.37,SUV,Small
KD20203,Oregon,12788.49,No,Extended,College,2011-01-18,Unemployed,M,$0.00,Suburban,Married,$177.00,5,66,0,9,Corporate Auto,Corporate L2,4,Agent,$848.88,SUV,Small
XD82117,Arizona,11712.59,No,Basic,College,2011-01-18,Employed,F,"$89,010.00",Urban,Married,$146.00,31,22,0,5,Personal Auto,Personal L2,3,Call Center,$512.93,SUV,Medsize
QZ70160,Nevada,3235.51,No,Basic,College,2011-01-18,Medical Leave,F,"$35,400.00",Suburban,Married,$84.00,31,24,0,1,Personal Auto,Personal L2,1,Branch,$401.76,Four-Door Car,Medsize
AD89594,California,17303.51,No,Basic,College,2011-01-18,Employed,M,"$38,679.00",Urban,Single,$90.00,5,34,0,2,Personal Auto,Personal L2,3,Agent,$408.07,Four-Door Car,Medsize
SM17747,Arizona,3636.45,No,Basic,College,2011-01-18,Employed,M,"$39,201.00",Rural,Married,$93.00,19,82,0,1,Personal Auto,Personal L2,2,Branch,$76.07,Four-Door Car,Medsize
RS66246,California,3973.11,No,Extended,High School or Below,2011-01-18,Unemployed,F,$0.00,Suburban,Single,$109.00,35,31,0,1,Personal Auto,Personal L3,4,Branch,$524.88,Two-Door Car,Large
FF93355,Washington,17912.87,No,Premium,High School or Below,2011-01-18,Employed,M,"$44,229.00",Urban,Married,$151.00,35,100,0,2,Corporate Auto,Corporate L3,1,Call Center,$441.35,Four-Door Car,Medsize
FM83188,Washington,11505.72,No,Basic,Doctor,2011-01-18,Unemployed,F,$0.00,Suburban,Married,$147.00,26,3,0,3,Corporate Auto,Corporate L3,1,Call Center,$977.11,SUV,Medsize
YI83073,California,5737.88,Yes,Basic,High School or Below,2011-01-18,Unemployed,F,$0.00,Suburban,Single,$82.00,23,1,1,7,Personal Auto,Personal L3,1,Agent,$395.28,Four-Door Car,Small
GO53814,Oregon,6586.58,No,Basic,High School or Below,2011-01-18,Employed,F,"$58,533.00",Suburban,Married,$82.00,3,112,0,6,Corporate Auto,Corporate L3,4,Branch,$540.40,Two-Door Car,Small
XS68865,Oregon,8317.35,No,Extended,College,2011-01-18,Employed,M,"$1,30,934.00",Suburban,Single,$104.00,1,81,0,3,Personal Auto,Personal L2,1,Agent,$498.96,Two-Door Car,Medsize
VZ13840,Arizona,9383.22,No,Basic,High School or Below,2011-01-18,Unemployed,M,$0.00,Suburban,Married,$82.00,36,122,0,2,Corporate Auto,Corporate L3,3,Call Center,$406.89,Four-Door Car,Medsize
UA26783,Oregon,6580,No,Basic,High School or Below,2011-01-18,Unemployed,M,$0.00,Suburban,Single,$92.00,14,49,0,7,Personal Auto,Personal L3,4,Call Center,$822.59,Two-Door Car,Medsize
WG61503,Arizona,11464.01,No,Basic,Master,2011-01-18,Employed,M,"$37,504.00",Suburban,Married,$96.00,45,9,0,2,Corporate Auto,Corporate L2,3,Agent,$460.08,Four-Door Car,Medsize
HI58196,Oregon,4267.58,No,Extended,College,2011-01-18,Unemployed,M,$0.00,Suburban,Single,$124.00,22,76,0,1,Personal Auto,Personal L3,2,Branch,"$1,211.46",Two-Door Car,Large
UM99946,Arizona,10444.48,No,Extended,College,2011-01-18,Employed,M,"$93,123.00",Urban,Divorced,$132.00,34,117,0,7,Personal Auto,Personal L2,1,Agent,$626.45,Four-Door Car,Medsize
IW77519,Washington,3524,No,Basic,Bachelor,2011-01-18,Employed,F,"$73,895.00",Suburban,Single,$89.00,4,116,0,1,Personal Auto,Personal L3,3,Web,$529.16,Four-Door Car,Medsize
WP46383,Oregon,35827.08,No,Basic,Bachelor,2011-01-18,Employed,F,"$1,27,078.00",Suburban,Married,$99.00,42,92,0,2,Personal Auto,Personal L2,2,Call Center,$473.04,Four-Door Car,Small
AT98182,California,3409.32,No,Basic,Doctor,2011-01-18,Unemployed,F,$0.00,Rural,Married,$90.00,12,50,0,1,Corporate Auto,Corporate L3,4,Agent,$197.51,Four-Door Car,Large
XZ40716,California,10874.23,No,Premium,High School or Below,2011-01-18,Employed,F,"$1,01,967.00",Suburban,Single,$138.00,3,18,0,4,Personal Auto,Personal L3,1,Web,$660.96,Four-Door Car,Medsize
WN67367,California,4334.06,No,Extended,Bachelor,2011-01-18,Unemployed,F,$0.00,Urban,Divorced,$119.00,4,11,0,1,Personal Auto,Personal L3,1,Web,$439.99,Four-Door Car,Large
JF45126,Nevada,5455.68,No,Basic,Bachelor,2011-01-18,Employed,M,"$32,154.00",Suburban,Married,$140.00,8,1,1,1,Personal Auto,Personal L2,2,Branch,$673.92,SUV,Medsize
XI36396,California,4254.07,No,Extended,Bachelor,2011-01-18,Retired,M,"$24,956.00",Suburban,Married,$116.00,32,128,0,1,Personal Auto,Personal L2,3,Agent,$557.28,Four-Door Car,Medsize
VF21523,Nevada,3892.27,No,Basic,High School or Below,2011-01-18,Employed,F,"$50,950.00",Suburban,Single,$100.00,4,80,0,1,Corporate Auto,Corporate L3,2,Web,$479.52,Two-Door Car,Small
DN77617,California,7974.56,No,Basic,College,2011-01-18,Employed,F,"$63,863.00",Rural,Married,$100.00,11,24,0,3,Corporate Auto,Corporate L2,4,Branch,$131.93,Four-Door Car,Medsize
KX64629,California,3008.51,No,Basic,College,2011-01-18,Unemployed,F,$0.00,Suburban,Single,$86.00,4,35,0,1,Personal Auto,Personal L3,4,Call Center,"$1,005.65",Four-Door Car,Medsize
AE90216,California,6715.98,Yes,Basic,Bachelor,2011-01-18,Employed,M,"$1,02,119.00",Suburban,Divorced,$88.00,7,92,3,9,Personal Auto,Personal L2,2,Branch,$631.53,Two-Door Car,Medsize
VF65535,California,57965.42,No,Extended,College,2011-01-18,Employed,F,"$87,665.00",Urban,Single,$165.00,36,58,0,2,Corporate Auto,Corporate L2,3,Agent,$443.92,SUV,Medsize
QH52104,California,5269.57,No,Premium,Master,2011-01-18,Unemployed,M,$0.00,Suburban,Single,$140.00,34,117,0,1,Personal Auto,Personal L2,1,Call Center,$673.92,Four-Door Car,Medsize
VB65967,California,37030.7,No,Extended,Bachelor,2011-01-18,Employed,M,"$66,597.00",Urban,Married,$186.00,4,78,0,2,Personal Auto,Personal L2,1,Branch,$521.45,SUV,Medsize
TO96662,Oregon,9405.04,No,Extended,Bachelor,2011-01-19,Employed,F,"$56,480.00",Rural,Married,$119.00,39,126,0,9,Personal Auto,Personal L3,1,Call Center,$191.78,Four-Door Car,Small
NK71023,Nevada,13422.11,No,Extended,Bachelor,2011-01-19,Employed,M,"$91,652.00",Suburban,Single,$115.00,31,77,0,2,Personal Auto,Personal L2,4,Agent,$550.80,Four-Door Car,Small
SD64087,California,20269.03,No,Premium,College,2011-01-19,Employed,M,"$44,497.00",Suburban,Married,$257.00,18,72,0,3,Corporate Auto,Corporate L2,1,Branch,"$1,231.20",SUV,Small
VM58985,California,22582.21,No,Extended,College,2011-01-19,Unemployed,M,$0.00,Suburban,Single,$103.00,45,49,2,2,Personal Auto,Personal L3,3,Branch,$543.56,Two-Door Car,Medsize
QD34785,Arizona,7665.37,Yes,Extended,Bachelor,2011-01-19,Unemployed,F,$0.00,Suburban,Married,$103.00,11,59,0,3,Personal Auto,Personal L1,2,Agent,$492.48,Four-Door Car,Small
JS36322,Arizona,12017.27,No,Extended,High School or Below,2011-01-19,Unemployed,M,$0.00,Suburban,Single,$184.00,19,93,1,8,Personal Auto,Personal L3,1,Agent,"$1,472.67",Sports Car,Small
AU96286,Oregon,4276.34,No,Extended,Bachelor,2011-01-19,Unemployed,F,$0.00,Suburban,Single,$124.00,27,68,0,1,Corporate Auto,Corporate L1,4,Web,$894.24,Four-Door Car,Medsize
QC87108,Oregon,11838.51,No,Basic,College,2011-01-19,Employed,F,"$67,048.00",Suburban,Single,$100.00,7,69,0,2,Personal Auto,Personal L3,3,Web,$479.52,Four-Door Car,Large
PX70175,Arizona,10794.61,No,Extended,College,2011-01-19,Employed,M,"$1,26,170.00",Suburban,Married,$134.00,12,115,0,5,Personal Auto,Personal L3,2,Web,$884.81,Four-Door Car,Medsize
MN94234,California,4195.22,No,Extended,High School or Below,2011-01-19,Unemployed,M,$0.00,Suburban,Married,$127.00,46,80,4,1,Personal Auto,Personal L3,1,Branch,$609.12,Two-Door Car,Medsize
ZU73588,California,8086.19,Yes,Premium,College,2011-01-19,Employed,M,"$90,233.00",Suburban,Single,$208.00,45,32,0,1,Personal Auto,Personal L3,2,Branch,$997.92,Sports Car,Medsize
JA41698,Nevada,4184.38,No,Basic,Bachelor,2011-01-19,Unemployed,M,$0.00,Suburban,Single,$138.00,24,43,5,1,Corporate Auto,Corporate L2,2,Call Center,"$1,164.73",SUV,Medsize
EW33419,California,20404.44,Yes,Basic,High School or Below,2011-01-19,Medical Leave,F,"$38,493.00",Suburban,Married,$135.00,5,30,1,2,Corporate Auto,Corporate L2,2,Call Center,$648.00,SUV,Medsize
NE60110,Arizona,8086.19,Yes,Premium,College,2011-01-19,Employed,M,"$90,233.00",Suburban,Single,$208.00,45,32,0,1,Personal Auto,Personal L2,2,Branch,$997.92,Sports Car,Medsize
KI75855,Oregon,3444.16,Yes,Basic,Master,2011-01-19,Employed,M,"$1,07,664.00",Suburban,Married,$85.00,20,90,0,1,Personal Auto,Personal L3,3,Web,$529.52,Two-Door Car,Small
TM98684,Oregon,6537.08,No,Basic,High School or Below,2011-01-19,Employed,M,"$47,421.00",Suburban,Married,$84.00,12,28,0,5,Personal Auto,Personal L2,2,Agent,$401.76,Four-Door Car,Small
XF57481,Washington,14365.27,No,Extended,Master,2011-01-19,Employed,M,"$68,108.00",Rural,Single,$122.00,15,92,0,2,Personal Auto,Personal L3,4,Branch,$183.45,Two-Door Car,Medsize
QG15435,Arizona,8427.5,No,Extended,College,2011-01-19,Employed,F,"$1,02,168.00",Rural,Married,$105.00,36,8,0,6,Personal Auto,Personal L3,2,Agent,$184.66,Four-Door Car,Medsize
KP18988,Oregon,29067.3,No,Premium,High School or Below,2011-01-19,Unemployed,F,$0.00,Suburban,Single,$136.00,28,47,0,2,Personal Auto,Personal L3,1,Branch,$654.48,Four-Door Car,Medsize
FB80807,Oregon,7463.09,Yes,Basic,Bachelor,2011-01-19,Employed,M,"$48,719.00",Suburban,Single,$97.00,22,42,0,9,Personal Auto,Personal L3,1,Agent,$466.56,Four-Door Car,Medsize
VK48036,Oregon,7440.51,No,Basic,College,2011-01-19,Employed,F,"$1,06,686.00",Suburban,Single,$95.00,18,50,0,5,Corporate Auto,Corporate L1,1,Agent,$453.60,Four-Door Car,Medsize
IK12620,Arizona,5688.79,No,Premium,High School or Below,2011-01-19,Disabled,F,"$16,416.00",Urban,Married,$147.00,7,46,0,1,Personal Auto,Personal L1,2,Agent,$660.71,Four-Door Car,Medsize
OK56965,California,61706.68,No,Basic,Bachelor,2011-01-19,Employed,F,"$42,206.00",Urban,Divorced,$267.00,12,73,1,2,Personal Auto,Personal L2,2,Branch,"$1,114.64",Luxury SUV,Medsize
TW64385,California,7463.09,Yes,Basic,Bachelor,2011-01-19,Employed,M,"$48,719.00",Suburban,Single,$97.00,22,42,0,9,Corporate Auto,Corporate L3,1,Agent,$466.56,Four-Door Car,Medsize
EI45850,California,10500.31,No,Basic,Bachelor,2011-01-19,Disabled,F,"$35,060.00",Suburban,Married,$97.00,24,41,3,2,Personal Auto,Personal L2,4,Branch,$581.61,Four-Door Car,Small
RK24470,Washington,6789.55,No,Basic,Bachelor,2011-01-19,Employed,M,"$54,153.00",Urban,Divorced,$90.00,3,58,3,5,Corporate Auto,Corporate L2,1,Branch,$353.76,Two-Door Car,Medsize
YM43461,Washington,19011.56,No,Premium,College,2011-01-19,Unemployed,M,$0.00,Suburban,Single,$138.00,23,123,0,2,Personal Auto,Personal L3,1,Agent,$991.44,Four-Door Car,Large
JG30837,Oregon,5621.12,No,Basic,College,2011-01-19,Disabled,M,"$15,780.00",Suburban,Divorced,$158.00,9,62,0,1,Corporate Auto,Corporate L3,4,Web,$758.16,SUV,Medsize
HC20975,Arizona,22582.49,No,Basic,Bachelor,2011-01-19,Employed,M,"$41,735.00",Suburban,Married,$97.00,1,8,2,2,Personal Auto,Personal L2,1,Branch,$466.56,Four-Door Car,Large
DF40318,Oregon,3444.16,Yes,Basic,Master,2011-01-19,Employed,M,"$1,07,664.00",Suburban,Married,$85.00,20,90,0,1,Corporate Auto,Corporate L3,3,Web,$529.52,Two-Door Car,Small
SB50826,Oregon,10119.61,No,Extended,College,2011-01-19,Employed,M,"$82,473.00",Urban,Single,$128.00,23,86,0,8,Personal Auto,Personal L1,2,Agent,$553.32,Two-Door Car,Medsize
TN76120,Washington,7463.09,Yes,Basic,Bachelor,2011-01-19,Employed,M,"$48,719.00",Suburban,Single,$97.00,22,42,0,9,Personal Auto,Personal L3,1,Agent,$466.56,Four-Door Car,Medsize
WO59883,Washington,25669.54,No,Basic,High School or Below,2011-01-19,Employed,F,"$40,260.00",Suburban,Single,$82.00,23,59,0,2,Personal Auto,Personal L2,2,Agent,$395.28,Two-Door Car,Medsize
RY38931,Arizona,7463.09,Yes,Basic,Bachelor,2011-01-19,Employed,M,"$48,719.00",Suburban,Single,$97.00,22,42,0,9,Personal Auto,Personal L3,1,Agent,$466.56,Four-Door Car,Medsize
ZS96174,Oregon,9175.74,No,Basic,College,2011-01-19,Medical Leave,M,"$24,215.00",Suburban,Single,$88.00,1,36,0,2,Personal Auto,Personal L3,1,Branch,$421.20,Two-Door Car,Medsize
QB14087,California,6573.53,No,Basic,College,2011-01-19,Employed,F,"$60,661.00",Suburban,Married,$82.00,12,81,0,4,Personal Auto,Personal L1,1,Agent,$483.20,Four-Door Car,Medsize
HC74532,Oregon,3055.43,No,Basic,Bachelor,2011-01-19,Unemployed,F,$0.00,Suburban,Married,$84.00,34,20,0,1,Corporate Auto,Corporate L3,4,Agent,$526.16,Four-Door Car,Medsize
FI74985,Oregon,10201.29,No,Basic,High School or Below,2011-01-19,Unemployed,F,$0.00,Suburban,Single,$93.00,7,86,0,2,Personal Auto,Personal L1,1,Web,$670.68,Four-Door Car,Medsize
JC38573,Oregon,7463.09,Yes,Basic,Bachelor,2011-01-19,Employed,M,"$48,719.00",Suburban,Single,$97.00,22,42,0,9,Corporate Auto,Corporate L3,1,Agent,$466.56,Four-Door Car,Medsize
JQ74890,Nevada,3944.27,No,Extended,Bachelor,2011-01-19,Unemployed,M,$0.00,Suburban,Single,$108.00,14,109,0,1,Corporate Auto,Corporate L2,1,Branch,$998.07,Four-Door Car,Medsize
SJ18454,Oregon,25336.19,No,Basic,High School or Below,2011-01-19,Unemployed,M,$0.00,Suburban,Single,$150.00,18,74,0,2,Personal Auto,Personal L3,3,Call Center,"$1,215.20",Sports Car,Medsize
BD89564,Nevada,8086.19,Yes,Premium,College,2011-01-19,Employed,M,"$90,233.00",Suburban,Single,$208.00,45,32,0,1,Personal Auto,Personal L3,2,Branch,$997.92,Sports Car,Medsize
MN62189,California,12139.18,No,Basic,High School or Below,2011-01-19,Medical Leave,F,"$23,397.00",Suburban,Divorced,$158.00,18,53,0,6,Personal Auto,Personal L2,1,Agent,"$1,536.64",SUV,Medsize
WQ54314,Oregon,7745.26,No,Basic,Bachelor,2011-01-19,Employed,F,"$76,214.00",Suburban,Married,$99.00,23,7,2,8,Personal Auto,Personal L1,1,Agent,$473.04,Four-Door Car,Small
RM21896,Oregon,38744.86,No,Extended,College,2011-01-19,Employed,F,"$64,436.00",Rural,Divorced,$123.00,16,70,0,2,Personal Auto,Personal L3,3,Call Center,$296.24,Four-Door Car,Medsize
JS38272,Arizona,5764.55,Yes,Extended,College,2011-01-19,Unemployed,M,$0.00,Suburban,Married,$165.00,36,3,0,1,Personal Auto,Personal L2,2,Agent,$979.93,SUV,Medsize
HT48275,Oregon,7469.22,No,Basic,Bachelor,2011-01-19,Employed,M,"$1,23,136.00",Urban,Married,$93.00,12,124,0,6,Personal Auto,Personal L3,2,Call Center,$364.92,Two-Door Car,Medsize
GV39658,Arizona,18256.23,No,Extended,College,2011-01-19,Medical Leave,F,"$14,260.00",Rural,Divorced,$163.00,27,14,0,2,Corporate Auto,Corporate L2,1,Branch,$148.25,SUV,Medsize
PE59368,Washington,6916.7,No,Basic,Bachelor,2011-01-19,Employed,F,"$97,330.00",Urban,Married,$86.00,32,124,0,5,Personal Auto,Personal L3,1,Agent,$340.65,Two-Door Car,Medsize
JL41129,California,10781.36,No,Basic,Bachelor,2011-01-19,Employed,M,"$1,00,193.00",Urban,Married,$135.00,47,4,0,6,Personal Auto,Personal L1,2,Branch,$564.31,SUV,Large
ZB40259,California,7398.09,No,Basic,Doctor,2011-01-19,Employed,M,"$80,070.00",Rural,Divorced,$93.00,11,51,0,9,Corporate Auto,Corporate L3,1,Web,$20.00,Four-Door Car,Medsize
XM91056,California,6583.03,No,Basic,High School or Below,2011-01-19,Employed,F,"$30,019.00",Suburban,Single,$84.00,4,61,0,4,Personal Auto,Personal L2,1,Agent,$552.72,Two-Door Car,Medsize
SI88726,California,12286.06,No,Basic,College,2011-01-19,Employed,F,"$52,512.00",Suburban,Divorced,$158.00,35,92,0,3,Corporate Auto,Corporate L2,1,Agent,$758.16,SUV,Small
WL63802,California,8674.71,No,Basic,High School or Below,2011-01-19,Unemployed,M,$0.00,Suburban,Single,$244.00,18,22,0,1,Personal Auto,Personal L3,1,Web,"$1,759.32",Luxury Car,Small
JW58698,Oregon,4351.5,No,Extended,College,2011-01-19,Employed,F,"$94,874.00",Rural,Married,$108.00,31,5,0,1,Personal Auto,Personal L3,2,Web,$114.51,Four-Door Car,Small
HW20940,California,5630.27,No,Basic,Bachelor,2011-01-19,Employed,M,"$57,830.00",Urban,Married,$143.00,20,53,0,1,Personal Auto,Personal L3,1,Agent,$392.28,SUV,Medsize
VD64777,Nevada,3518.35,No,Basic,College,2011-01-19,Employed,F,"$37,530.00",Suburban,Single,$90.00,12,105,0,1,Personal Auto,Personal L2,4,Web,$434.16,Two-Door Car,Medsize
XO96556,Arizona,3444.16,Yes,Basic,Master,2011-01-19,Employed,M,"$1,07,664.00",Suburban,Married,$85.00,20,90,0,1,Personal Auto,Personal L1,3,Web,$529.52,Two-Door Car,Small
DF71709,California,17043.7,No,Premium,College,2011-01-19,Medical Leave,M,"$16,793.00",Suburban,Divorced,$155.00,30,105,0,2,Corporate Auto,Corporate L1,2,Agent,$745.20,Two-Door Car,Medsize
EU19773,Arizona,11580.79,No,Premium,High School or Below,2011-01-19,Employed,F,"$1,05,404.00",Urban,Married,$144.00,15,63,2,6,Personal Auto,Personal L3,2,Branch,$591.39,Four-Door Car,Medsize
VH31071,Arizona,12496.84,No,Basic,College,2011-01-19,Disabled,F,"$29,628.00",Suburban,Married,$159.00,41,103,0,9,Personal Auto,Personal L3,1,Call Center,$764.64,SUV,Large
No35621,Arizona,3198.65,No,Basic,Bachelor,2011-01-19,Employed,M,"$67,157.00",Suburban,Single,$82.00,7,119,0,1,Personal Auto,Personal L2,2,Call Center,$842.98,Two-Door Car,Small
PJ67250,Arizona,7070.59,No,Extended,College,2011-01-19,Employed,F,"$45,298.00",Suburban,Married,$177.00,34,49,0,1,Special Auto,Special L2,1,Agent,"$1,261.79",SUV,Medsize
CZ56843,California,13106.48,No,Extended,College,2011-01-19,Employed,M,"$53,906.00",Suburban,Single,$116.00,30,86,1,2,Personal Auto,Personal L1,1,Call Center,$557.28,Four-Door Car,Medsize
DO60145,Arizona,5764.55,Yes,Extended,College,2011-01-19,Unemployed,M,$0.00,Suburban,Married,$165.00,36,3,0,1,Personal Auto,Personal L3,2,Agent,$979.93,SUV,Medsize
IA42992,Arizona,11160.61,No,Basic,High School or Below,2011-01-19,Employed,M,"$49,789.00",Suburban,Married,$140.00,7,34,0,3,Special Auto,Special L3,1,Agent,$673.92,SUV,Medsize
QV40364,California,20404.44,Yes,Basic,High School or Below,2011-01-19,Medical Leave,F,"$38,493.00",Suburban,Married,$135.00,5,30,1,2,Personal Auto,Personal L1,2,Call Center,$648.00,SUV,Medsize
AC24378,Arizona,10094.19,No,Extended,High School or Below,2011-01-19,Employed,F,"$65,545.00",Urban,Married,$127.00,7,73,0,9,Corporate Auto,Corporate L3,4,Call Center,$354.71,Four-Door Car,Medsize
DX80961,Arizona,21958.54,No,Extended,Bachelor,2011-01-19,Employed,F,"$1,15,185.00",Suburban,Married,$181.00,43,74,0,2,Personal Auto,Personal L3,1,Agent,$992.91,SUV,Medsize
QO56662,Arizona,3444.16,Yes,Basic,Master,2011-01-19,Employed,M,"$1,07,664.00",Suburban,Married,$85.00,20,90,0,1,Personal Auto,Personal L3,3,Web,$529.52,Two-Door Car,Small
LM86393,Oregon,3817.93,No,Basic,High School or Below,2011-01-19,Employed,F,"$1,33,218.00",Suburban,Single,$97.00,36,51,2,1,Personal Auto,Personal L3,2,Call Center,$466.56,Four-Door Car,Medsize
AC58002,California,7650.27,No,Basic,Bachelor,2011-01-19,Employed,F,"$72,774.00",Urban,Married,$96.00,1,70,0,9,Corporate Auto,Corporate L2,1,Branch,$256.38,Four-Door Car,Medsize
WX48434,Arizona,5764.55,Yes,Extended,College,2011-01-19,Unemployed,M,$0.00,Suburban,Married,$165.00,36,3,0,1,Corporate Auto,Corporate L3,2,Agent,$979.93,SUV,Medsize
IQ95180,Oregon,7629.39,No,Basic,Bachelor,2011-01-19,Employed,M,"$60,256.00",Suburban,Married,$96.00,22,134,1,9,Personal Auto,Personal L3,1,Branch,$534.65,Four-Door Car,Small
OO11998,Oregon,6188.06,No,Basic,Master,2011-01-19,Employed,M,"$1,27,985.00",Suburban,Married,$155.00,18,107,4,1,Personal Auto,Personal L2,1,Branch,"$1,032.20",SUV,Medsize
UQ62739,Oregon,5764.55,Yes,Extended,College,2011-01-19,Unemployed,M,$0.00,Suburban,Married,$165.00,36,3,0,1,Corporate Auto,Corporate L3,2,Agent,$979.93,SUV,Medsize
BA75404,Oregon,7816.3,No,Basic,Doctor,2011-01-19,Employed,F,"$1,04,248.00",Urban,Married,$96.00,3,66,0,7,Personal Auto,Personal L3,2,Call Center,$350.45,Four-Door Car,Medsize
ZG10765,Nevada,7665.37,Yes,Extended,Bachelor,2011-01-19,Unemployed,F,$0.00,Suburban,Married,$103.00,11,59,0,3,Personal Auto,Personal L2,2,Agent,$492.48,Four-Door Car,Small
FM55990,California,8086.19,Yes,Premium,College,2011-01-19,Employed,M,"$90,233.00",Suburban,Single,$208.00,45,32,0,1,Personal Auto,Personal L1,2,Branch,$997.92,Sports Car,Medsize
PD32052,California,10742.8,No,Basic,High School or Below,2011-01-19,Employed,M,"$69,019.00",Suburban,Divorced,$90.00,4,90,0,2,Personal Auto,Personal L3,1,Agent,$580.89,Four-Door Car,Medsize
SD21312,Nevada,8086.19,Yes,Premium,College,2011-01-19,Employed,M,"$90,233.00",Suburban,Single,$208.00,45,32,0,1,Personal Auto,Personal L2,2,Branch,$997.92,Sports Car,Medsize
WH60140,Arizona,3181.55,No,Basic,Bachelor,2011-01-19,Unemployed,M,$0.00,Suburban,Single,$93.00,30,15,0,1,Personal Auto,Personal L2,2,Call Center,$670.68,Two-Door Car,Small
No73821,Oregon,13696.35,No,Extended,High School or Below,2011-01-19,Employed,M,"$60,179.00",Suburban,Single,$177.00,36,9,0,9,Personal Auto,Personal L1,2,Branch,$864.66,SUV,Medsize
KS12490,Oregon,14302.08,No,Extended,High School or Below,2011-01-19,Employed,M,"$87,303.00",Suburban,Married,$177.00,30,43,0,6,Personal Auto,Personal L3,4,Call Center,$848.88,Sports Car,Small
WY26014,California,14607,No,Extended,High School or Below,2011-01-19,Employed,F,"$50,535.00",Urban,Married,$122.00,9,24,0,2,Personal Auto,Personal L2,1,Agent,$554.03,Four-Door Car,Medsize
MU57098,Oregon,7665.37,Yes,Extended,Bachelor,2011-01-19,Unemployed,F,$0.00,Suburban,Married,$103.00,11,59,0,3,Personal Auto,Personal L1,2,Agent,$492.48,Four-Door Car,Small
RT80802,Nevada,15739.11,No,Basic,College,2011-01-19,Disabled,M,"$26,799.00",Rural,Married,$138.00,45,69,0,2,Personal Auto,Personal L3,1,Branch,$297.05,Sports Car,Small
JG13893,Nevada,9929.72,No,Basic,Bachelor,2011-01-19,Employed,M,"$69,915.00",Suburban,Married,$82.00,45,42,0,2,Corporate Auto,Corporate L2,4,Call Center,$588.38,Two-Door Car,Large
ER49844,Arizona,6805.95,No,Basic,College,2011-01-19,Employed,M,"$83,662.00",Rural,Married,$86.00,3,70,2,5,Personal Auto,Personal L1,4,Call Center,$187.60,Four-Door Car,Medsize
WS36101,Oregon,3169.84,No,Basic,High School or Below,2011-01-19,Unemployed,M,$0.00,Suburban,Married,$85.00,28,82,0,1,Personal Auto,Personal L3,2,Agent,$612.36,Four-Door Car,Medsize
QH90382,Oregon,5653.5,No,Premium,Master,2011-01-19,Employed,F,"$70,836.00",Rural,Married,$139.00,47,77,0,1,Personal Auto,Personal L2,2,Branch,$221.34,Two-Door Car,Small
AS62048,Arizona,6445.41,No,Basic,Bachelor,2011-01-19,Unemployed,M,$0.00,Suburban,Single,$99.00,1,42,0,3,Personal Auto,Personal L2,4,Web,$709.56,Four-Door Car,Medsize
CW16221,Oregon,9572.13,No,Extended,Bachelor,2011-01-19,Employed,F,"$61,093.00",Suburban,Divorced,$126.00,5,34,3,4,Corporate Auto,Corporate L3,3,Web,$602.64,Four-Door Car,Medsize
US82470,Arizona,17677.18,No,Basic,Bachelor,2011-01-19,Employed,M,"$50,680.00",Rural,Married,$147.00,14,42,0,2,Corporate Auto,Corporate L2,1,Branch,$129.89,SUV,Large
LM12349,Washington,16581.84,No,Premium,Bachelor,2011-01-19,Employed,F,"$49,043.00",Rural,Married,$209.00,8,28,0,4,Corporate Auto,Corporate L2,1,Agent,$524.00,SUV,Medsize
FT74388,Nevada,6241.89,No,Basic,High School or Below,2011-01-19,Employed,M,"$1,31,038.00",Suburban,Single,$158.00,14,0,0,1,Personal Auto,Personal L2,4,Branch,$758.16,SUV,Medsize
GT65478,Oregon,11093.53,No,Basic,College,2011-01-19,Employed,F,"$1,14,500.00",Urban,Married,$92.00,12,50,0,2,Personal Auto,Personal L1,1,Agent,$378.00,Four-Door Car,Medsize
YV97407,California,11693.34,No,Basic,College,2011-01-19,Employed,M,"$1,15,385.00",Suburban,Single,$147.00,31,42,0,6,Personal Auto,Personal L2,1,Agent,$706.32,SUV,Medsize
XG74199,Oregon,12233.39,No,Basic,College,2011-01-19,Employed,M,"$51,260.00",Rural,Married,$155.00,11,59,0,3,Personal Auto,Personal L3,1,Agent,$168.71,SUV,Medsize
VL51487,California,29387.74,No,Extended,High School or Below,2011-01-19,Employed,M,"$47,417.00",Suburban,Married,$185.00,24,62,0,2,Personal Auto,Personal L2,1,Call Center,"$1,331.64",SUV,Large
MC69755,Washington,7665.37,Yes,Extended,Bachelor,2011-01-19,Unemployed,F,$0.00,Suburban,Married,$103.00,11,59,0,3,Personal Auto,Personal L3,2,Agent,$492.48,Four-Door Car,Small
DP77737,Oregon,20404.44,Yes,Basic,High School or Below,2011-01-19,Medical Leave,F,"$38,493.00",Suburban,Married,$135.00,5,30,1,2,Personal Auto,Personal L1,2,Call Center,$648.00,SUV,Medsize
CC43119,California,3944.01,No,Basic,Bachelor,2011-01-19,Employed,F,"$83,724.00",Rural,Married,$99.00,3,80,0,1,Corporate Auto,Corporate L1,4,Web,$121.63,Two-Door Car,Medsize
AX45422,California,18612.05,No,Basic,High School or Below,2011-01-19,Unemployed,F,$0.00,Suburban,Married,$82.00,28,32,0,2,Personal Auto,Personal L2,1,Call Center,$500.52,Four-Door Car,Medsize
DA79098,California,6172.26,No,Basic,Bachelor,2011-01-19,Unemployed,M,$0.00,Suburban,Married,$90.00,26,111,1,3,Personal Auto,Personal L2,1,Agent,$482.15,Two-Door Car,Small
OJ65428,Nevada,5186.74,No,Premium,College,2011-01-19,Disabled,M,"$37,673.00",Suburban,Divorced,$138.00,7,77,0,1,Personal Auto,Personal L3,2,Call Center,$660.96,Four-Door Car,Medsize
YD27780,Arizona,13639.93,No,Extended,Bachelor,2011-01-19,Employed,F,"$97,651.00",Urban,Married,$174.00,35,89,3,6,Corporate Auto,Corporate L2,3,Call Center,$557.32,SUV,Medsize
PD32854,Arizona,20404.44,Yes,Basic,High School or Below,2011-01-19,Medical Leave,F,"$38,493.00",Suburban,Married,$135.00,5,30,1,2,Personal Auto,Personal L1,2,Call Center,$648.00,SUV,Medsize
ZZ43513,California,17699.24,No,Basic,High School or Below,2011-01-19,Employed,M,"$99,356.00",Urban,Married,$154.00,7,11,5,2,Personal Auto,Personal L2,4,Agent,$655.00,SUV,Medsize
TO29918,California,5174.64,No,Basic,High School or Below,2011-01-19,Unemployed,F,$0.00,Suburban,Divorced,$157.00,46,111,2,1,Personal Auto,Personal L2,1,Agent,"$1,887.24",Sports Car,Medsize
DE53644,California,7009.68,No,Basic,Bachelor,2011-01-19,Employed,F,"$31,130.00",Suburban,Married,$89.00,30,74,0,3,Personal Auto,Personal L3,2,Web,$502.78,Two-Door Car,Medsize
ST91578,California,8729.51,No,Extended,Master,2011-01-19,Unemployed,M,$0.00,Rural,Divorced,$122.00,4,103,0,7,Personal Auto,Personal L3,3,Call Center,$195.45,Four-Door Car,Medsize
VF21170,California,11628.18,No,Basic,Bachelor,2011-01-19,Employed,F,"$50,324.00",Urban,Married,$147.00,32,36,1,9,Personal Auto,Personal L2,1,Agent,$563.93,SUV,Medsize
MC22692,Washington,9498.57,No,Extended,High School or Below,2011-01-19,Employed,F,"$1,16,967.00",Urban,Married,$117.00,19,16,0,9,Personal Auto,Personal L2,1,Branch,$315.98,Two-Door Car,Small
FW17421,Washington,4828.55,No,Extended,High School or Below,2011-01-19,Employed,F,"$33,695.00",Suburban,Married,$120.00,26,18,0,1,Corporate Auto,Corporate L3,2,Call Center,$865.08,Four-Door Car,Large
KG16176,Washington,3287.05,No,Basic,College,2011-01-19,Unemployed,F,$0.00,Urban,Married,$89.00,41,46,0,1,Personal Auto,Personal L2,1,Agent,$225.55,Four-Door Car,Medsize
SA88518,Oregon,10445.31,No,Basic,College,2011-01-19,Employed,F,"$67,900.00",Rural,Married,$88.00,35,84,1,2,Personal Auto,Personal L2,1,Call Center,$63.19,Two-Door Car,Medsize
VT51874,Oregon,20064.73,No,Extended,High School or Below,2011-01-19,Unemployed,M,$0.00,Suburban,Divorced,$111.00,7,22,0,2,Personal Auto,Personal L3,4,Agent,$531.36,Four-Door Car,Medsize
VY40793,Oregon,5764.55,Yes,Extended,College,2011-01-19,Unemployed,M,$0.00,Suburban,Married,$165.00,36,3,0,1,Personal Auto,Personal L3,2,Agent,$979.93,SUV,Medsize
GT41712,California,7309.33,No,Basic,Bachelor,2011-01-19,Unemployed,F,$0.00,Rural,Married,$100.00,23,69,0,4,Personal Auto,Personal L3,1,Agent,$106.09,Four-Door Car,Medsize
KR88393,California,20253.51,No,Extended,High School or Below,2011-01-19,Disabled,F,"$25,981.00",Suburban,Single,$113.00,7,82,1,2,Personal Auto,Personal L3,2,Agent,$816.48,Four-Door Car,Small
GR31499,Oregon,3431.2,No,Basic,Master,2011-01-19,Employed,F,"$31,984.00",Suburban,Married,$88.00,35,36,2,1,Personal Auto,Personal L3,3,Agent,$421.20,Two-Door Car,Medsize
GV21882,Nevada,38243.43,No,Basic,High School or Below,2011-01-19,Medical Leave,F,"$28,079.00",Urban,Single,$150.00,27,38,0,2,Personal Auto,Personal L3,3,Call Center,$525.14,Sports Car,Medsize
IG12691,Arizona,6062.24,No,Basic,Bachelor,2011-01-19,Unemployed,F,$0.00,Urban,Single,$86.00,18,15,0,3,Personal Auto,Personal L2,1,Agent,$343.45,Two-Door Car,Medsize
VY58444,Nevada,5975.23,No,Basic,College,2011-01-19,Employed,F,"$40,041.00",Urban,Married,$151.00,39,96,0,1,Personal Auto,Personal L3,1,Agent,$451.08,SUV,Small
QT63794,California,12345.56,No,Basic,Bachelor,2011-01-19,Employed,F,"$28,553.00",Suburban,Married,$157.00,11,1,0,4,Personal Auto,Personal L3,4,Branch,"$1,125.11",SUV,Medsize
ME84824,Arizona,8086.19,Yes,Premium,College,2011-01-19,Employed,M,"$90,233.00",Suburban,Single,$208.00,45,32,0,1,Personal Auto,Personal L3,2,Branch,$997.92,Sports Car,Medsize
WX16395,California,5764.55,Yes,Extended,College,2011-01-19,Unemployed,M,$0.00,Suburban,Married,$165.00,36,3,0,1,Personal Auto,Personal L1,2,Agent,$979.93,SUV,Medsize
JM77470,Arizona,3175.7,No,Basic,College,2011-01-19,Unemployed,F,$0.00,Suburban,Divorced,$86.00,5,82,0,1,Corporate Auto,Corporate L2,1,Branch,$514.43,Four-Door Car,Medsize
KH58171,California,3444.16,Yes,Basic,Master,2011-01-19,Employed,M,"$1,07,664.00",Suburban,Married,$85.00,20,90,0,1,Personal Auto,Personal L3,3,Web,$529.52,Two-Door Car,Small
RP14593,Oregon,5326.54,No,Basic,Bachelor,2011-01-19,Unemployed,F,$0.00,Suburban,Single,$142.00,3,73,0,1,Personal Auto,Personal L2,3,Web,"$1,259.84",SUV,Small
VQ72305,California,27359.77,No,Basic,High School or Below,2011-01-19,Employed,M,"$29,082.00",Suburban,Married,$139.00,24,50,0,2,Special Auto,Special L2,4,Branch,$667.44,Sports Car,Small
SW98498,California,14093.32,No,Extended,College,2011-01-19,Employed,M,"$1,19,115.00",Urban,Single,$119.00,43,30,0,2,Personal Auto,Personal L1,3,Call Center,$341.63,Four-Door Car,Medsize
EV95033,Oregon,3444.16,Yes,Basic,Master,2011-01-19,Employed,M,"$1,07,664.00",Suburban,Married,$85.00,20,90,0,1,Special Auto,Special L2,3,Web,$529.52,Two-Door Car,Small
QX54666,California,15082.87,No,Basic,High School or Below,2011-01-19,Disabled,M,"$19,620.00",Suburban,Single,$85.00,5,27,0,2,Personal Auto,Personal L3,1,Branch,$408.24,Four-Door Car,Medsize
FD34314,Arizona,3808.83,No,Basic,Bachelor,2011-01-19,Employed,M,"$99,008.00",Urban,Married,$96.00,0,82,0,1,Corporate Auto,Corporate L1,2,Web,$329.94,Four-Door Car,Medsize
LP51258,Oregon,3857.1,No,Basic,Bachelor,2011-01-19,Employed,F,"$1,23,945.00",Urban,Married,$95.00,1,115,0,1,Personal Auto,Personal L3,1,Call Center,$450.62,Four-Door Car,Medsize
LV82913,Oregon,7716.31,No,Basic,College,2011-01-19,Employed,M,"$93,759.00",Urban,Married,$97.00,4,126,0,5,Corporate Auto,Corporate L2,2,Web,$310.83,Four-Door Car,Medsize
AU23837,Oregon,6764.01,No,Basic,Bachelor,2011-01-19,Employed,F,"$86,419.00",Urban,Single,$85.00,35,36,0,7,Corporate Auto,Corporate L3,1,Agent,$399.43,Four-Door Car,Large
SU44811,Oregon,4125.2,No,Extended,High School or Below,2011-01-19,Employed,F,"$57,248.00",Rural,Married,$104.00,20,66,0,1,Corporate Auto,Corporate L3,4,Call Center,$146.98,Four-Door Car,Medsize
DB93245,Arizona,3852.36,No,Basic,Doctor,2011-01-19,Employed,F,"$1,18,064.00",Urban,Divorced,$96.00,14,62,0,1,Corporate Auto,Corporate L3,2,Call Center,$444.47,Four-Door Car,Medsize
UN90060,Oregon,11244.54,No,Basic,High School or Below,2011-01-19,Employed,F,"$41,668.00",Rural,Married,$140.00,45,42,0,7,Personal Auto,Personal L3,1,Web,$28.70,SUV,Medsize
QG50480,Oregon,6080.62,No,Basic,College,2011-01-19,Unemployed,M,$0.00,Rural,Married,$84.00,24,101,0,3,Personal Auto,Personal L3,1,Agent,$183.40,Two-Door Car,Medsize
ZM70632,California,7423.32,No,Extended,Bachelor,2011-01-19,Employed,F,"$81,902.00",Urban,Married,$186.00,24,124,0,1,Personal Auto,Personal L3,3,Branch,$747.49,SUV,Medsize
HS77089,Washington,6410.87,No,Basic,Bachelor,2011-01-19,Unemployed,M,$0.00,Suburban,Single,$95.00,11,100,0,3,Personal Auto,Personal L3,2,Branch,$680.40,Four-Door Car,Small
XQ28930,California,14856.78,No,Basic,College,2011-01-19,Unemployed,M,$0.00,Suburban,Single,$93.00,42,93,2,2,Personal Auto,Personal L3,1,Web,$670.68,Four-Door Car,Medsize
YC33550,Oregon,3816.19,No,Basic,High School or Below,2011-01-19,Employed,F,"$32,702.00",Suburban,Divorced,$96.00,9,86,0,1,Corporate Auto,Corporate L2,2,Call Center,$690.12,Two-Door Car,Small
YX72707,Oregon,6754.5,No,Basic,Doctor,2011-01-19,Unemployed,F,$0.00,Suburban,Married,$89.00,16,27,1,4,Personal Auto,Personal L3,2,Agent,$601.02,Four-Door Car,Small
PW98890,Oregon,3598.75,No,Basic,Bachelor,2011-01-19,Employed,F,"$1,10,076.00",Urban,Divorced,$89.00,4,62,0,1,Personal Auto,Personal L1,4,Call Center,$368.34,Four-Door Car,Small
YT37186,California,23660.34,No,Extended,Bachelor,2011-01-19,Employed,F,"$70,508.00",Suburban,Married,$297.00,39,97,1,8,Personal Auto,Personal L3,3,Agent,"$1,425.60",Luxury SUV,Medsize
HZ98935,Washington,6110.81,No,Basic,Bachelor,2011-01-19,Unemployed,F,$0.00,Suburban,Single,$92.00,27,59,1,7,Personal Auto,Personal L3,2,Agent,$440.64,Four-Door Car,Medsize
RC16862,Arizona,3284.67,No,Basic,College,2011-01-19,Unemployed,M,$0.00,Suburban,Divorced,$96.00,42,107,0,1,Corporate Auto,Corporate L3,1,Agent,$665.62,Four-Door Car,Medsize
ZG56744,California,7463.09,Yes,Basic,Bachelor,2011-01-19,Employed,M,"$48,719.00",Suburban,Single,$97.00,22,42,0,9,Personal Auto,Personal L1,1,Agent,$466.56,Four-Door Car,Medsize
OF93412,Nevada,21078.83,No,Premium,Bachelor,2011-01-19,Employed,F,"$37,144.00",Suburban,Married,$266.00,16,131,0,8,Personal Auto,Personal L3,1,Call Center,"$1,845.72",SUV,Medsize
SX18141,Arizona,7892.8,No,Basic,High School or Below,2011-01-19,Employed,F,"$67,932.00",Urban,Married,$99.00,32,8,0,5,Personal Auto,Personal L2,4,Call Center,$401.95,Four-Door Car,Medsize
VA94160,California,7314.93,No,Basic,High School or Below,2011-01-19,Employed,F,"$58,123.00",Suburban,Married,$92.00,7,55,0,4,Personal Auto,Personal L2,3,Agent,$440.64,Four-Door Car,Large
ED59130,Arizona,22551.89,No,Extended,Bachelor,2011-01-19,Employed,M,"$1,01,115.00",Suburban,Married,$281.00,42,85,0,6,Personal Auto,Personal L1,3,Call Center,"$1,347.84",Luxury SUV,Medsize
CF73234,Oregon,3549.58,No,Basic,High School or Below,2011-01-19,Unemployed,M,$0.00,Suburban,Married,$96.00,0,59,0,1,Corporate Auto,Corporate L1,2,Branch,$460.08,Four-Door Car,Large
SD38003,California,3351.22,No,Basic,Bachelor,2011-01-19,Unemployed,M,$0.00,Suburban,Single,$96.00,18,68,0,1,Personal Auto,Personal L2,1,Call Center,$690.12,Four-Door Car,Medsize
ID39569,Washington,14524.19,No,Extended,High School or Below,2011-01-19,Retired,M,"$26,166.00",Suburban,Married,$127.00,42,24,0,2,Personal Auto,Personal L3,4,Agent,$913.68,Four-Door Car,Medsize
FE99816,Nevada,21010.55,No,Premium,Bachelor,2011-01-19,Unemployed,F,$0.00,Suburban,Married,$342.00,20,54,5,7,Personal Auto,Personal L1,3,Web,"$1,639.44",Luxury Car,Medsize
BS95225,California,3533.9,No,Basic,College,2011-01-19,Medical Leave,M,"$19,104.00",Suburban,Single,$97.00,7,55,1,1,Personal Auto,Personal L2,2,Branch,$466.56,Four-Door Car,Medsize
EI10204,Oregon,20404.44,Yes,Basic,High School or Below,2011-01-19,Medical Leave,F,"$38,493.00",Suburban,Married,$135.00,5,30,1,2,Personal Auto,Personal L2,2,Call Center,$648.00,SUV,Medsize
BX88330,Washington,10280.75,No,Basic,College,2011-01-19,Employed,F,"$1,22,739.00",Urban,Single,$86.00,30,26,0,2,Personal Auto,Personal L2,3,Agent,$220.61,Four-Door Car,Medsize
PB31909,California,5140.16,No,Premium,College,2011-01-19,Unemployed,M,$0.00,Suburban,Single,$155.00,22,120,0,1,Corporate Auto,Corporate L2,1,Agent,"$1,117.80",Four-Door Car,Medsize
RN36393,California,20404.44,Yes,Basic,High School or Below,2011-01-19,Medical Leave,F,"$38,493.00",Suburban,Married,$135.00,5,30,1,2,Personal Auto,Personal L2,2,Call Center,$648.00,SUV,Medsize
GL34504,California,12278.46,No,Premium,High School or Below,2011-01-19,Employed,F,"$87,889.00",Suburban,Married,$155.00,39,55,4,3,Personal Auto,Personal L3,2,Branch,$745.20,Four-Door Car,Small
LU36517,California,15018.22,No,Premium,Bachelor,2011-01-19,Unemployed,M,$0.00,Suburban,Single,$151.00,34,93,0,2,Personal Auto,Personal L2,3,Agent,"$1,088.64",Two-Door Car,Small
ML38237,California,11974,No,Basic,High School or Below,2011-01-19,Unemployed,F,$0.00,Suburban,Married,$161.00,16,77,0,4,Corporate Auto,Corporate L1,1,Agent,$771.12,SUV,Medsize
ZU63258,California,4792.16,No,Basic,Bachelor,2011-01-19,Unemployed,M,$0.00,Suburban,Married,$135.00,36,43,1,1,Personal Auto,Personal L3,2,Agent,$648.00,SUV,Medsize
IC74050,California,8307.08,No,Premium,High School or Below,2011-01-19,Disabled,F,"$32,318.00",Suburban,Married,$216.00,45,105,1,1,Personal Auto,Personal L2,1,Call Center,"$1,036.80",SUV,Medsize
XP41644,California,5853.16,No,Basic,High School or Below,2011-01-19,Employed,M,"$41,275.00",Urban,Single,$154.00,26,14,1,1,Corporate Auto,Corporate L2,3,Web,$534.74,Sports Car,Medsize
LG45849,California,6343,No,Premium,Doctor,2011-01-19,Employed,M,"$37,780.00",Suburban,Married,$158.00,11,122,0,1,Personal Auto,Personal L2,4,Call Center,$758.16,Two-Door Car,Small
FP53421,California,10278.5,No,Basic,High School or Below,2011-01-19,Retired,M,"$35,024.00",Suburban,Divorced,$95.00,27,46,0,2,Personal Auto,Personal L3,4,Branch,$453.60,Four-Door Car,Medsize
YB49540,California,7092.93,No,Basic,College,2011-01-19,Employed,F,"$1,28,273.00",Suburban,Married,$88.00,7,49,0,3,Personal Auto,Personal L3,2,Web,$438.75,Four-Door Car,Medsize
QE52050,California,7665.37,Yes,Extended,Bachelor,2011-01-19,Unemployed,F,$0.00,Suburban,Married,$103.00,11,59,0,3,Corporate Auto,Corporate L3,2,Agent,$492.48,Four-Door Car,Small
FL30667,California,12553.5,No,Extended,College,2011-01-19,Employed,F,"$29,827.00",Suburban,Married,$107.00,3,46,1,2,Corporate Auto,Corporate L1,4,Branch,$622.20,Four-Door Car,Small
ZT26848,California,11224.31,No,Basic,High School or Below,2011-01-19,Employed,M,"$54,603.00",Urban,Married,$142.00,1,107,0,6,Personal Auto,Personal L3,1,Agent,$509.71,SUV,Medsize
WZ45103,California,7665.37,Yes,Extended,Bachelor,2011-01-19,Unemployed,F,$0.00,Suburban,Married,$103.00,11,59,0,3,Personal Auto,Personal L2,2,Agent,$492.48,Four-Door Car,Small
WW63253,California,10321.91,No,Basic,Bachelor,2011-01-20,Unemployed,M,$0.00,Suburban,Married,$143.00,24,88,0,7,Corporate Auto,Corporate L2,1,Call Center,$715.34,SUV,Medsize
KA61892,Arizona,5229.42,Yes,Basic,College,2011-01-20,Retired,M,"$37,992.00",Suburban,Married,$142.00,24,68,0,1,Personal Auto,Personal L3,2,Agent,$947.31,Sports Car,Medsize
TR85083,California,3732.07,No,Basic,Bachelor,2011-01-20,Employed,M,"$82,465.00",Suburban,Married,$95.00,36,46,1,1,Personal Auto,Personal L3,2,Branch,$453.60,Two-Door Car,Medsize
UK68427,Washington,8598.5,Yes,Extended,High School or Below,2011-01-20,Employed,M,"$46,572.00",Suburban,Single,$112.00,41,97,0,7,Personal Auto,Personal L3,2,Branch,$537.84,Two-Door Car,Small
QW87316,Oregon,3578.34,No,Basic,College,2011-01-20,Employed,F,"$52,697.00",Urban,Divorced,$92.00,20,88,0,1,Personal Auto,Personal L2,2,Agent,$330.16,Four-Door Car,Medsize
JF36291,California,5229.42,Yes,Basic,College,2011-01-20,Retired,M,"$37,992.00",Suburban,Married,$142.00,24,68,0,1,Personal Auto,Personal L3,2,Agent,$947.31,Sports Car,Medsize
VC87846,Oregon,10103.82,No,Extended,High School or Below,2011-01-20,Employed,M,"$63,447.00",Suburban,Divorced,$130.00,18,132,0,6,Corporate Auto,Corporate L3,3,Agent,$622.08,Four-Door Car,Medsize
JB50798,Oregon,12993.11,No,Extended,Master,2011-01-20,Employed,F,"$34,599.00",Suburban,Single,$167.00,4,95,2,6,Corporate Auto,Corporate L3,2,Agent,$803.52,Sports Car,Medsize
NL93182,Nevada,3441.76,No,Extended,Bachelor,2011-01-20,Unemployed,M,$0.00,Suburban,Single,$105.00,18,43,0,1,Corporate Auto,Corporate L3,2,Web,"$1,141.63",Four-Door Car,Small
PX17116,Nevada,4891.66,No,Basic,College,2011-01-20,Unemployed,M,$0.00,Suburban,Single,$150.00,8,32,2,1,Corporate Auto,Corporate L2,1,Agent,"$1,582.11",SUV,Medsize
YD74948,Oregon,3337.83,Yes,Basic,College,2011-01-20,Employed,F,"$86,211.00",Urban,Married,$84.00,35,109,0,1,Personal Auto,Personal L3,2,Agent,$281.61,Four-Door Car,Medsize
DP46882,California,3896.71,Yes,Extended,High School or Below,2011-01-20,Retired,F,"$13,921.00",Suburban,Married,$105.00,14,85,0,1,Corporate Auto,Corporate L2,2,Agent,$656.48,Four-Door Car,Large
NV61299,Arizona,37516.08,Yes,Extended,Bachelor,2011-01-20,Employed,F,"$45,638.00",Urban,Divorced,$120.00,43,80,0,2,Corporate Auto,Corporate L3,2,Web,$534.24,Four-Door Car,Medsize
RI53167,Arizona,3116.67,No,Basic,Bachelor,2011-01-20,Medical Leave,M,"$28,095.00",Suburban,Married,$82.00,45,82,0,1,Personal Auto,Personal L2,2,Agent,$395.28,Four-Door Car,Medsize
EK91340,Oregon,10187.93,No,Basic,Bachelor,2011-01-20,Employed,M,"$42,209.00",Suburban,Married,$261.00,8,107,0,1,Corporate Auto,Corporate L3,4,Branch,"$1,250.64",Luxury Car,Large
EI85244,California,11144.33,No,Extended,College,2011-01-20,Unemployed,M,$0.00,Suburban,Single,$181.00,32,116,3,5,Personal Auto,Personal L1,1,Agent,$868.32,SUV,Medsize
ZE85014,California,3182.96,No,Basic,College,2011-01-20,Disabled,M,"$33,836.00",Suburban,Married,$84.00,23,46,0,1,Personal Auto,Personal L3,1,Call Center,$401.76,Four-Door Car,Medsize
NM39588,Washington,3615.38,No,Basic,Doctor,2011-01-20,Employed,F,"$97,808.00",Rural,Married,$89.00,28,78,0,1,Corporate Auto,Corporate L3,4,Branch,$113.69,Four-Door Car,Medsize
YG10247,Oregon,30985.05,No,Basic,College,2011-01-20,Employed,M,"$84,235.00",Suburban,Married,$86.00,18,24,0,2,Personal Auto,Personal L2,3,Call Center,$414.72,Four-Door Car,Small
WH32183,California,11236.15,No,Basic,Bachelor,2011-01-20,Employed,M,"$1,31,281.00",Rural,Divorced,$95.00,39,39,0,2,Personal Auto,Personal L3,2,Web,$5.55,Four-Door Car,Medsize
BJ53923,Arizona,3510.37,No,Basic,High School or Below,2011-01-20,Employed,M,"$70,170.00",Rural,Married,$89.00,24,109,0,1,Corporate Auto,Corporate L3,2,Agent,$195.46,Four-Door Car,Medsize
IA62027,Arizona,6552.27,No,Basic,Bachelor,2011-01-20,Unemployed,F,$0.00,Suburban,Single,$88.00,32,72,0,3,Personal Auto,Personal L3,1,Web,$631.80,Four-Door Car,Medsize
GF17866,Oregon,5229.42,Yes,Basic,College,2011-01-20,Retired,M,"$37,992.00",Suburban,Married,$142.00,24,68,0,1,Corporate Auto,Corporate L2,2,Agent,$947.31,Sports Car,Medsize
VC68509,Oregon,12806.91,No,Extended,Bachelor,2011-01-20,Employed,F,"$57,024.00",Rural,Married,$107.00,34,14,0,2,Personal Auto,Personal L3,3,Agent,$62.62,Four-Door Car,Medsize
FY40655,Washington,53190.25,No,Premium,Master,2011-01-20,Unemployed,M,$0.00,Suburban,Single,$244.00,30,130,0,2,Personal Auto,Personal L3,1,Call Center,"$1,172.88",SUV,Medsize
QR72180,California,4375.77,No,Extended,Doctor,2011-01-20,Employed,F,"$90,300.00",Urban,Married,$108.00,8,22,0,1,Personal Auto,Personal L1,2,Call Center,$397.33,Four-Door Car,Small
ZA83961,Washington,17121.04,No,Extended,High School or Below,2011-01-20,Employed,M,"$1,01,524.00",Suburban,Single,$108.00,0,18,1,2,Corporate Auto,Corporate L2,1,Call Center,$518.40,Four-Door Car,Medsize
LD75023,Oregon,35567.22,No,Extended,High School or Below,2011-01-20,Employed,M,"$65,162.00",Suburban,Divorced,$301.00,38,35,0,2,Personal Auto,Personal L2,1,Web,"$2,167.56",Luxury SUV,Medsize
JS55721,California,3258.81,No,Basic,College,2011-01-20,Disabled,M,"$16,868.00",Suburban,Divorced,$88.00,43,84,0,1,Personal Auto,Personal L3,1,Call Center,$421.20,Four-Door Car,Medsize
SJ42058,Oregon,4572.72,No,Extended,High School or Below,2011-01-20,Employed,F,"$98,912.00",Rural,Married,$113.00,24,24,0,1,Personal Auto,Personal L3,3,Agent,$126.39,Four-Door Car,Medsize
LT32391,California,16175.68,Yes,Basic,Master,2011-01-20,Retired,F,"$29,044.00",Urban,Married,$84.00,0,80,0,2,Personal Auto,Personal L3,1,Agent,$347.29,Two-Door Car,Medsize
CY47265,Oregon,3896.71,Yes,Extended,High School or Below,2011-01-20,Retired,F,"$13,921.00",Suburban,Married,$105.00,14,85,0,1,Personal Auto,Personal L3,2,Agent,$656.48,Four-Door Car,Large
JG84729,Arizona,19145.22,No,Basic,College,2011-01-20,Unemployed,F,$0.00,Suburban,Single,$97.00,20,123,2,2,Personal Auto,Personal L1,1,Call Center,$466.56,Four-Door Car,Medsize
ZW18871,Oregon,11167.86,No,Basic,High School or Below,2011-01-20,Employed,M,"$1,23,181.00",Rural,Divorced,$93.00,22,68,0,2,Corporate Auto,Corporate L3,1,Agent,$25.99,Four-Door Car,Small
MB19556,California,6840.73,No,Extended,College,2011-01-20,Employed,F,"$39,278.00",Suburban,Married,$171.00,3,108,0,1,Personal Auto,Personal L2,4,Agent,$896.78,SUV,Medsize
JW15301,Arizona,10513.03,No,Basic,High School or Below,2011-01-20,Medical Leave,M,"$33,296.00",Suburban,Married,$93.00,16,20,0,2,Corporate Auto,Corporate L3,2,Agent,$670.68,Four-Door Car,Medsize
GU65780,California,7607.79,No,Basic,Doctor,2011-01-20,Employed,M,"$95,630.00",Suburban,Married,$99.00,9,26,4,3,Personal Auto,Personal L3,2,Agent,$489.70,Four-Door Car,Small
OX59701,California,7351.85,No,Extended,High School or Below,2011-01-20,Employed,M,"$28,358.00",Suburban,Married,$188.00,19,12,1,1,Personal Auto,Personal L2,4,Branch,$900.72,SUV,Medsize
MD14027,Nevada,10333.21,No,Basic,Bachelor,2011-01-20,Unemployed,F,$0.00,Suburban,Single,$100.00,22,120,1,2,Personal Auto,Personal L1,1,Agent,$479.52,Two-Door Car,Medsize
TI61458,California,37516.08,Yes,Extended,Bachelor,2011-01-20,Employed,F,"$45,638.00",Urban,Divorced,$120.00,43,80,0,2,Personal Auto,Personal L3,2,Web,$534.24,Four-Door Car,Medsize
RB49468,Oregon,10140.74,No,Basic,Bachelor,2011-01-20,Unemployed,F,$0.00,Suburban,Single,$95.00,12,130,0,2,Personal Auto,Personal L3,1,Branch,$459.27,Four-Door Car,Medsize
EG40823,Oregon,5809.69,No,Basic,Bachelor,2011-01-20,Unemployed,F,$0.00,Suburban,Married,$157.00,8,85,0,1,Personal Auto,Personal L2,1,Agent,"$1,033.52",SUV,Medsize
WQ91717,Arizona,10318.14,No,Basic,College,2011-01-20,Unemployed,F,$0.00,Suburban,Married,$143.00,30,69,1,8,Special Auto,Special L3,3,Branch,$686.88,SUV,Medsize
KQ44803,Arizona,9752.72,No,Basic,College,2011-01-20,Unemployed,M,$0.00,Urban,Married,$97.00,36,28,2,2,Personal Auto,Personal L2,1,Agent,$401.52,Two-Door Car,Medsize
SH13204,California,6401.44,No,Basic,High School or Below,2011-01-20,Unemployed,F,$0.00,Suburban,Single,$88.00,3,99,0,8,Personal Auto,Personal L1,2,Agent,$987.24,Two-Door Car,Medsize
BI17208,Oregon,3773.68,No,Basic,College,2011-01-20,Unemployed,M,$0.00,Suburban,Married,$100.00,8,82,0,1,Personal Auto,Personal L3,1,Call Center,$568.03,Two-Door Car,Medsize
SP36555,Arizona,8785.46,No,Extended,Bachelor,2011-01-20,Unemployed,M,$0.00,Suburban,Single,$131.00,5,15,0,4,Personal Auto,Personal L1,1,Agent,"$1,165.35",Four-Door Car,Medsize
BG48083,Nevada,8621.48,No,Extended,Bachelor,2011-01-20,Employed,F,"$32,064.00",Suburban,Single,$111.00,5,12,1,7,Personal Auto,Personal L2,1,Web,$792.34,Two-Door Car,Medsize
BH35482,Washington,6656.78,No,Basic,Doctor,2011-01-20,Employed,M,"$95,056.00",Rural,Married,$82.00,36,16,0,3,Corporate Auto,Corporate L3,3,Web,$183.99,Two-Door Car,Medsize
VU84949,Washington,7145.05,No,Basic,Bachelor,2011-01-20,Unemployed,F,$0.00,Suburban,Married,$95.00,18,11,0,3,Personal Auto,Personal L2,1,Branch,$453.60,Two-Door Car,Medsize
MD40054,Oregon,8598.5,Yes,Extended,High School or Below,2011-01-20,Employed,M,"$46,572.00",Suburban,Single,$112.00,41,97,0,7,Personal Auto,Personal L2,2,Branch,$537.84,Two-Door Car,Small
RE32481,California,10578.5,No,Basic,Master,2011-01-20,Employed,F,"$66,677.00",Urban,Married,$263.00,42,20,0,1,Personal Auto,Personal L1,4,Call Center,$996.37,Luxury Car,Medsize
TH70115,California,9424.46,No,Extended,College,2011-01-20,Employed,M,"$47,027.00",Urban,Married,$120.00,1,61,2,9,Personal Auto,Personal L3,1,Agent,$397.83,Two-Door Car,Medsize
LS59408,Arizona,3375.33,No,Basic,High School or Below,2011-01-20,Unemployed,M,$0.00,Suburban,Married,$90.00,5,59,0,1,Personal Auto,Personal L3,2,Call Center,$896.57,Four-Door Car,Small
XC68458,California,8220.85,No,Extended,Bachelor,2011-01-20,Medical Leave,M,"$29,473.00",Suburban,Single,$113.00,39,53,0,3,Personal Auto,Personal L2,1,Web,$544.32,Four-Door Car,Small
WD88540,California,4691.35,No,Extended,High School or Below,2011-01-20,Unemployed,M,$0.00,Suburban,Married,$130.00,8,81,0,1,Personal Auto,Personal L1,4,Web,$622.08,Two-Door Car,Large
QK69627,Washington,12674.02,No,Extended,High School or Below,2011-01-20,Employed,F,"$1,01,606.00",Urban,Married,$105.00,32,124,0,2,Personal Auto,Personal L3,2,Web,$463.51,Four-Door Car,Medsize
MQ37971,Arizona,4101.45,No,Extended,Bachelor,2011-01-20,Employed,F,"$42,568.00",Urban,Single,$107.00,1,35,0,1,Personal Auto,Personal L3,1,Branch,$325.46,Four-Door Car,Medsize
HX77930,Washington,4234.18,No,Extended,College,2011-01-20,Employed,F,"$66,868.00",Urban,Married,$107.00,22,12,1,1,Personal Auto,Personal L1,1,Agent,$297.25,Four-Door Car,Medsize
PX72779,Arizona,10721.94,No,Basic,Master,2011-01-20,Employed,M,"$56,473.00",Suburban,Married,$89.00,26,20,0,2,Personal Auto,Personal L3,1,Call Center,$543.71,Four-Door Car,Small
VW65429,Arizona,9314.61,No,Extended,High School or Below,2011-01-20,Employed,M,"$50,366.00",Urban,Married,$116.00,26,93,0,9,Personal Auto,Personal L2,1,Agent,$406.36,Four-Door Car,Medsize
KJ72146,Oregon,9620.74,No,Basic,Bachelor,2011-01-20,Employed,M,"$41,708.00",Suburban,Divorced,$84.00,14,47,0,2,Personal Auto,Personal L2,4,Web,$401.76,Four-Door Car,Small
PY98041,Oregon,7299.28,No,Basic,Bachelor,2011-01-20,Employed,M,"$36,674.00",Suburban,Single,$96.00,39,69,0,5,Personal Auto,Personal L3,2,Web,$460.08,Four-Door Car,Medsize
AO46433,California,10906.02,No,Premium,Bachelor,2011-01-20,Unemployed,F,$0.00,Suburban,Married,$154.00,1,53,1,5,Personal Auto,Personal L2,1,Branch,$738.72,Four-Door Car,Medsize
VX67206,Oregon,37516.08,Yes,Extended,Bachelor,2011-01-20,Employed,F,"$45,638.00",Urban,Divorced,$120.00,43,80,0,2,Corporate Auto,Corporate L3,2,Web,$534.24,Four-Door Car,Medsize
QL80658,Arizona,5311.86,No,Extended,High School or Below,2011-01-20,Employed,M,"$1,13,709.00",Suburban,Married,$132.00,34,27,0,1,Personal Auto,Personal L3,4,Branch,$635.04,Four-Door Car,Small
BO94261,Arizona,10193.67,No,Basic,Doctor,2011-01-20,Unemployed,M,$0.00,Rural,Married,$92.00,43,20,1,2,Personal Auto,Personal L1,2,Call Center,$135.29,Four-Door Car,Medsize
PP64004,Nevada,11051.52,No,Basic,Bachelor,2011-01-20,Disabled,F,"$27,498.00",Suburban,Married,$142.00,5,51,0,3,Personal Auto,Personal L1,1,Agent,"$1,520.99",SUV,Small
MY32188,Oregon,3621.93,No,Basic,Bachelor,2011-01-20,Unemployed,M,$0.00,Suburban,Single,$100.00,32,45,0,1,Corporate Auto,Corporate L3,1,Agent,$479.52,Two-Door Car,Small
LZ31103,Oregon,3337.83,Yes,Basic,College,2011-01-20,Employed,F,"$86,211.00",Urban,Married,$84.00,35,109,0,1,Personal Auto,Personal L2,2,Agent,$281.61,Four-Door Car,Medsize
RS57109,Arizona,5535.63,No,Premium,Bachelor,2011-01-20,Employed,F,"$69,111.00",Rural,Married,$140.00,42,28,2,1,Personal Auto,Personal L2,1,Agent,$131.37,Two-Door Car,Medsize
AG45299,California,11604.23,No,Basic,College,2011-01-20,Employed,M,"$1,03,630.00",Rural,Divorced,$146.00,16,117,0,8,Personal Auto,Personal L3,2,Web,$251.72,SUV,Small
UW68708,California,6762.95,No,Basic,Bachelor,2011-01-20,Unemployed,F,$0.00,Suburban,Single,$93.00,27,128,0,4,Personal Auto,Personal L2,1,Web,$670.68,Four-Door Car,Medsize
GV91160,Oregon,3896.71,Yes,Extended,High School or Below,2011-01-20,Retired,F,"$13,921.00",Suburban,Married,$105.00,14,85,0,1,Personal Auto,Personal L3,2,Agent,$656.48,Four-Door Car,Large
BK15048,Arizona,8986.56,No,Basic,College,2011-01-20,Unemployed,M,$0.00,Suburban,Single,$93.00,31,43,1,2,Personal Auto,Personal L3,1,Branch,$670.68,Four-Door Car,Small
PS25185,Washington,5531.45,No,Premium,Bachelor,2011-01-20,Medical Leave,F,"$27,107.00",Suburban,Single,$149.00,1,85,0,1,Corporate Auto,Corporate L3,1,Web,$712.80,Two-Door Car,Medsize
DI42246,Arizona,3011.52,No,Basic,College,2011-01-20,Unemployed,M,$0.00,Suburban,Married,$84.00,12,66,0,1,Personal Auto,Personal L2,1,Agent,$439.95,Four-Door Car,Medsize
FJ62579,Oregon,16584.81,No,Basic,High School or Below,2011-01-20,Unemployed,M,$0.00,Suburban,Divorced,$247.00,39,88,2,7,Personal Auto,Personal L3,1,Call Center,"$1,185.84",Luxury SUV,Small
GS23406,California,3691.34,No,Basic,High School or Below,2011-01-20,Employed,F,"$41,737.00",Rural,Single,$95.00,8,68,0,1,Personal Auto,Personal L3,3,Branch,$28.54,Four-Door Car,Medsize
GF59560,Oregon,7854.07,No,Basic,College,2011-01-20,Employed,F,"$1,17,212.00",Urban,Married,$97.00,1,103,0,3,Personal Auto,Personal L2,1,Call Center,$255.28,Four-Door Car,Medsize
TM33419,Washington,7095.03,No,Extended,College,2011-01-20,Employed,F,"$60,124.00",Rural,Single,$185.00,16,30,1,1,Personal Auto,Personal L2,1,Branch,$63.38,SUV,Medsize
MM27192,Oregon,16175.68,Yes,Basic,Master,2011-01-20,Retired,F,"$29,044.00",Urban,Married,$84.00,0,80,0,2,Personal Auto,Personal L2,1,Agent,$347.29,Two-Door Car,Medsize
LK87874,Nevada,10346.23,No,Basic,Bachelor,2011-01-20,Unemployed,F,$0.00,Suburban,Single,$147.00,7,128,0,3,Personal Auto,Personal L3,2,Call Center,$706.32,SUV,Small
VE51810,Arizona,7847.88,No,Basic,Bachelor,2011-01-20,Employed,M,"$57,773.00",Suburban,Married,$99.00,3,51,0,4,Personal Auto,Personal L1,3,Branch,$473.04,Four-Door Car,Large
KC36987,Oregon,18001.26,No,Premium,Bachelor,2011-01-20,Employed,M,"$64,733.00",Urban,Married,$230.00,31,116,1,8,Personal Auto,Personal L3,1,Branch,"$1,054.34",SUV,Medsize
FY67942,California,15971.79,No,Premium,College,2011-01-20,Employed,F,"$1,25,457.00",Urban,Married,$197.00,8,51,0,7,Personal Auto,Personal L3,1,Branch,$679.24,SUV,Small
RO32883,Oregon,10536.21,No,Premium,Bachelor,2011-01-20,Unemployed,F,$0.00,Rural,Married,$158.00,24,113,4,8,Personal Auto,Personal L3,1,Branch,$122.92,Four-Door Car,Medsize
PW95813,Oregon,3896.71,Yes,Extended,High School or Below,2011-01-20,Retired,F,"$13,921.00",Suburban,Married,$105.00,14,85,0,1,Personal Auto,Personal L1,2,Agent,$656.48,Four-Door Car,Large
PL18921,Oregon,16175.68,Yes,Basic,Master,2011-01-20,Retired,F,"$29,044.00",Urban,Married,$84.00,0,80,0,2,Personal Auto,Personal L2,1,Agent,$347.29,Two-Door Car,Medsize
WN13947,Oregon,6565.41,No,Basic,Bachelor,2011-01-20,Unemployed,M,$0.00,Suburban,Single,$95.00,4,47,0,5,Corporate Auto,Corporate L3,2,Agent,$873.16,Four-Door Car,Small
MM90239,Oregon,8598.5,Yes,Extended,High School or Below,2011-01-20,Employed,M,"$46,572.00",Suburban,Single,$112.00,41,97,0,7,Personal Auto,Personal L1,2,Branch,$537.84,Two-Door Car,Small
TY20016,Oregon,10773.66,No,Basic,Bachelor,2011-01-20,Employed,M,"$98,191.00",Urban,Married,$89.00,9,130,0,2,Personal Auto,Personal L3,4,Web,$263.55,Two-Door Car,Large
RP92511,Nevada,14965.93,No,Extended,Bachelor,2011-01-20,Employed,M,"$93,272.00",Urban,Married,$188.00,32,15,0,5,Personal Auto,Personal L3,1,Agent,$522.75,Sports Car,Medsize
SK89479,California,6772.47,No,Basic,College,2011-01-20,Unemployed,M,$0.00,Suburban,Single,$99.00,22,104,0,9,Corporate Auto,Corporate L3,2,Branch,$709.56,Four-Door Car,Medsize
LL67008,California,30908.72,No,Extended,Bachelor,2011-01-20,Unemployed,F,$0.00,Suburban,Single,$127.00,19,23,0,2,Corporate Auto,Corporate L2,1,Agent,$913.68,Four-Door Car,Medsize
WP34496,Washington,33146.38,No,Basic,High School or Below,2011-01-20,Unemployed,M,$0.00,Suburban,Married,$159.00,24,89,1,2,Personal Auto,Personal L3,1,Branch,"$1,304.83",SUV,Large
TP39671,Arizona,4319.67,No,Extended,Bachelor,2011-01-20,Unemployed,M,$0.00,Rural,Married,$117.00,4,58,0,1,Personal Auto,Personal L3,1,Agent,$178.86,Four-Door Car,Medsize
JV12632,Washington,3859.64,No,Extended,Master,2011-01-20,Unemployed,F,$0.00,Urban,Married,$112.00,34,123,4,1,Corporate Auto,Corporate L2,4,Branch,$479.77,Four-Door Car,Medsize
EC13382,Oregon,16175.68,Yes,Basic,Master,2011-01-20,Retired,F,"$29,044.00",Urban,Married,$84.00,0,80,0,2,Corporate Auto,Corporate L2,1,Agent,$347.29,Two-Door Car,Medsize
QD26729,California,3406.93,No,Basic,College,2011-01-20,Employed,M,"$58,325.00",Urban,Married,$86.00,42,26,3,1,Personal Auto,Personal L1,4,Branch,$332.19,Four-Door Car,Medsize
KW52549,Arizona,37516.08,Yes,Extended,Bachelor,2011-01-20,Employed,F,"$45,638.00",Urban,Divorced,$120.00,43,80,0,2,Personal Auto,Personal L3,2,Web,$534.24,Four-Door Car,Medsize
VR45143,Arizona,3359.13,No,Basic,High School or Below,2011-01-20,Employed,F,"$65,606.00",Urban,Single,$96.00,16,85,5,1,Corporate Auto,Corporate L3,4,Agent,$412.69,Four-Door Car,Medsize
FB77856,Nevada,5229.42,Yes,Basic,College,2011-01-20,Retired,M,"$37,992.00",Suburban,Married,$142.00,24,68,0,1,Personal Auto,Personal L3,2,Agent,$947.31,Sports Car,Medsize
LE12086,Oregon,7745.62,No,Basic,College,2011-01-20,Employed,F,"$93,077.00",Urban,Married,$96.00,20,42,0,8,Personal Auto,Personal L1,1,Call Center,$418.00,Four-Door Car,Medsize
XO78284,Arizona,5247.89,No,Extended,Master,2011-01-20,Employed,M,"$1,30,052.00",Rural,Single,$131.00,9,58,0,1,Personal Auto,Personal L3,1,Branch,$217.87,Four-Door Car,Small
TW81986,Arizona,7604.03,No,Extended,Bachelor,2011-01-20,Employed,F,"$69,823.00",Urban,Married,$188.00,24,132,0,1,Personal Auto,Personal L2,2,Agent,$844.13,SUV,Medsize
RE36747,Nevada,4096.94,No,Extended,High School or Below,2011-01-20,Medical Leave,M,"$23,366.00",Suburban,Married,$111.00,14,116,0,1,Personal Auto,Personal L2,2,Branch,"$1,180.34",Four-Door Car,Small
QH51455,Arizona,5406.14,No,Premium,College,2011-01-20,Unemployed,M,$0.00,Suburban,Married,$144.00,28,88,0,1,Personal Auto,Personal L3,2,Agent,$693.36,Four-Door Car,Medsize
UZ60774,Nevada,8169.93,No,Extended,Bachelor,2011-01-20,Unemployed,F,$0.00,Suburban,Single,$117.00,31,99,1,5,Personal Auto,Personal L3,2,Branch,$845.64,Four-Door Car,Medsize
AZ38648,Washington,16175.68,Yes,Basic,Master,2011-01-20,Retired,F,"$29,044.00",Urban,Married,$84.00,0,80,0,2,Personal Auto,Personal L3,1,Agent,$347.29,Two-Door Car,Medsize
AR99766,Nevada,6334.27,No,Basic,Bachelor,2011-01-20,Employed,F,"$1,11,421.00",Rural,Single,$159.00,20,76,0,1,Personal Auto,Personal L3,1,Agent,$5.72,SUV,Medsize
MU76701,Washington,5293.38,No,Extended,College,2011-01-20,Employed,F,"$84,301.00",Suburban,Married,$132.00,26,16,1,1,Personal Auto,Personal L2,2,Call Center,$919.58,Four-Door Car,Small
IW56740,Oregon,20951.56,No,Extended,High School or Below,2011-01-20,Medical Leave,M,"$31,593.00",Suburban,Divorced,$111.00,4,38,0,2,Personal Auto,Personal L3,3,Agent,$531.36,Two-Door Car,Medsize
IA11038,Oregon,11941.71,No,Basic,College,2011-01-20,Employed,F,"$1,04,054.00",Urban,Single,$151.00,15,69,0,7,Personal Auto,Personal L2,2,Call Center,$712.86,SUV,Medsize
ZE79055,California,4152.05,No,Extended,Bachelor,2011-01-20,Employed,M,"$87,773.00",Urban,Married,$109.00,11,22,4,1,Personal Auto,Personal L2,2,Web,$407.49,Four-Door Car,Small
TB77524,Arizona,10865.3,No,Basic,College,2011-01-20,Unemployed,F,$0.00,Suburban,Single,$157.00,32,122,0,9,Personal Auto,Personal L3,2,Branch,"$1,808.06",SUV,Medsize
RV58659,Washington,5970.89,No,Basic,College,2011-01-20,Employed,F,"$28,517.00",Suburban,Married,$151.00,4,50,0,1,Corporate Auto,Corporate L3,4,Web,$989.98,SUV,Medsize
ER29107,Oregon,8598.5,Yes,Extended,High School or Below,2011-01-20,Employed,M,"$46,572.00",Suburban,Single,$112.00,41,97,0,7,Personal Auto,Personal L3,2,Branch,$537.84,Two-Door Car,Small
UO54511,California,6682.84,No,Basic,High School or Below,2011-01-20,Employed,F,"$36,990.00",Suburban,Married,$85.00,19,105,1,9,Personal Auto,Personal L1,3,Agent,$408.24,Four-Door Car,Medsize
OH91173,California,5229.42,Yes,Basic,College,2011-01-20,Retired,M,"$37,992.00",Suburban,Married,$142.00,24,68,0,1,Personal Auto,Personal L3,2,Agent,$947.31,Sports Car,Medsize
SD94067,California,8923.57,No,Extended,Master,2011-01-20,Employed,F,"$31,882.00",Urban,Married,$112.00,11,92,0,7,Special Auto,Special L2,3,Web,$309.99,Two-Door Car,Medsize
YT56442,California,3567.96,No,Basic,College,2011-01-20,Employed,M,"$79,284.00",Rural,Married,$92.00,3,90,2,1,Corporate Auto,Corporate L3,1,Web,$128.04,Four-Door Car,Medsize
DV24592,Oregon,3337.83,Yes,Basic,College,2011-01-20,Employed,F,"$86,211.00",Urban,Married,$84.00,35,109,0,1,Personal Auto,Personal L3,2,Agent,$281.61,Four-Door Car,Medsize
EJ95100,California,3745.98,No,Basic,Master,2011-01-20,Unemployed,F,$0.00,Suburban,Divorced,$100.00,5,41,0,1,Personal Auto,Personal L3,2,Branch,$479.52,Four-Door Car,Medsize
ZV43428,Arizona,37516.08,Yes,Extended,Bachelor,2011-01-20,Employed,F,"$45,638.00",Urban,Divorced,$120.00,43,80,0,2,Special Auto,Special L3,2,Web,$534.24,Four-Door Car,Medsize
VW39046,Nevada,5229.42,Yes,Basic,College,2011-01-20,Retired,M,"$37,992.00",Suburban,Married,$142.00,24,68,0,1,Personal Auto,Personal L3,2,Agent,$947.31,Sports Car,Medsize
FP67680,California,6443.46,No,Extended,High School or Below,2011-01-20,Medical Leave,M,"$20,686.00",Suburban,Married,$173.00,41,82,0,1,Personal Auto,Personal L3,1,Agent,$829.44,SUV,Medsize
VD96075,Oregon,5623.09,No,Premium,Bachelor,2011-01-20,Employed,M,"$78,704.00",Suburban,Married,$142.00,32,30,1,1,Personal Auto,Personal L3,1,Branch,$680.40,Four-Door Car,Medsize
RA98783,Arizona,37516.08,Yes,Extended,Bachelor,2011-01-20,Employed,F,"$45,638.00",Urban,Divorced,$120.00,43,80,0,2,Corporate Auto,Corporate L3,2,Web,$534.24,Four-Door Car,Medsize
AD56037,Arizona,6966.34,No,Extended,High School or Below,2011-01-20,Employed,M,"$1,17,518.00",Suburban,Married,$174.00,1,101,0,1,Personal Auto,Personal L1,4,Agent,$835.92,SUV,Medsize
IK77998,Washington,3494.39,No,Basic,High School or Below,2011-01-20,Unemployed,M,$0.00,Suburban,Single,$100.00,9,85,0,1,Personal Auto,Personal L2,1,Agent,"$1,148.88",Four-Door Car,Medsize
IZ24763,Nevada,4651.91,No,Extended,Bachelor,2011-01-20,Unemployed,F,$0.00,Suburban,Divorced,$127.00,45,128,0,1,Corporate Auto,Corporate L2,1,Web,$797.35,Four-Door Car,Small
RO70057,Nevada,8598.5,Yes,Extended,High School or Below,2011-01-20,Employed,M,"$46,572.00",Suburban,Single,$112.00,41,97,0,7,Personal Auto,Personal L1,2,Branch,$537.84,Two-Door Car,Small
VY76337,Washington,6901.34,No,Basic,High School or Below,2011-01-20,Disabled,M,"$20,427.00",Suburban,Married,$90.00,19,18,0,9,Personal Auto,Personal L3,1,Agent,$434.16,Four-Door Car,Large
OM37610,Nevada,17582.7,No,Premium,High School or Below,2011-01-20,Employed,F,"$35,521.00",Suburban,Married,$149.00,39,26,1,2,Personal Auto,Personal L3,1,Web,$763.88,Four-Door Car,Medsize
FJ76376,California,10460.89,No,Basic,Bachelor,2011-01-20,Employed,M,"$1,07,363.00",Urban,Married,$86.00,3,53,0,2,Personal Auto,Personal L2,2,Agent,$236.83,Two-Door Car,Medsize
LU65596,California,5056.26,No,Extended,College,2011-01-20,Employed,F,"$80,638.00",Rural,Married,$127.00,0,73,0,1,Corporate Auto,Corporate L2,4,Branch,$183.10,Four-Door Car,Medsize
PC43437,Arizona,9877.97,No,Basic,College,2011-01-20,Employed,F,"$32,512.00",Suburban,Divorced,$85.00,30,3,1,2,Personal Auto,Personal L3,1,Agent,$459.61,Four-Door Car,Small
JZ23377,Oregon,77652.68,No,Premium,College,2011-01-20,Employed,F,"$65,295.00",Suburban,Married,$217.00,14,46,0,2,Personal Auto,Personal L3,2,Branch,"$1,043.28",SUV,Medsize
XN42396,California,10179.79,No,Basic,Bachelor,2011-01-20,Employed,M,"$40,091.00",Rural,Married,$86.00,8,58,0,2,Personal Auto,Personal L2,3,Agent,$198.62,Four-Door Car,Medsize
EN89709,Arizona,3449.97,No,Basic,Doctor,2011-01-20,Disabled,F,"$24,625.00",Rural,Married,$88.00,23,59,0,1,Personal Auto,Personal L2,3,Agent,$205.19,Two-Door Car,Medsize
TD90906,Oregon,8159.43,No,Basic,High School or Below,2011-01-20,Employed,F,"$1,26,515.00",Suburban,Married,$100.00,16,119,0,7,Personal Auto,Personal L3,4,Web,$719.28,Four-Door Car,Small
GT17701,Oregon,4066.25,No,Extended,Bachelor,2011-01-20,Employed,F,"$58,032.00",Rural,Divorced,$104.00,19,65,0,1,Personal Auto,Personal L3,2,Web,$173.46,Four-Door Car,Small
AY73718,California,7078.65,No,Basic,Bachelor,2011-01-20,Employed,F,"$1,30,322.00",Urban,Single,$89.00,15,115,0,3,Personal Auto,Personal L3,1,Agent,$365.95,Four-Door Car,Medsize
WE25756,Arizona,9923.76,No,Extended,High School or Below,2011-01-20,Employed,M,"$93,475.00",Rural,Divorced,$126.00,3,85,0,3,Personal Auto,Personal L3,1,Agent,$150.19,Four-Door Car,Medsize
DH14632,Oregon,11812.8,No,Basic,College,2011-01-20,Employed,F,"$46,838.00",Rural,Single,$153.00,1,81,0,5,Personal Auto,Personal L3,1,Call Center,$135.44,SUV,Small
NN51066,Oregon,3896.71,Yes,Extended,High School or Below,2011-01-20,Retired,F,"$13,921.00",Suburban,Married,$105.00,14,85,0,1,Personal Auto,Personal L2,2,Agent,$656.48,Four-Door Car,Large
AK17025,Washington,7832.47,No,Extended,Bachelor,2011-01-20,Unemployed,M,$0.00,Suburban,Single,$112.00,23,38,0,4,Personal Auto,Personal L2,1,Branch,$806.76,Four-Door Car,Medsize
UF56271,Washington,3799.49,No,Basic,High School or Below,2011-01-20,Employed,F,"$41,449.00",Suburban,Married,$95.00,20,78,0,1,Personal Auto,Personal L1,1,Agent,$453.60,Four-Door Car,Medsize
PQ72803,Washington,3896.71,Yes,Extended,High School or Below,2011-01-20,Retired,F,"$13,921.00",Suburban,Married,$105.00,14,85,0,1,Personal Auto,Personal L3,2,Agent,$656.48,Four-Door Car,Large
XW34862,Nevada,16175.68,Yes,Basic,Master,2011-01-20,Retired,F,"$29,044.00",Urban,Married,$84.00,0,80,0,2,Special Auto,Special L3,1,Agent,$347.29,Two-Door Car,Medsize
JX50349,Oregon,3337.83,Yes,Basic,College,2011-01-20,Employed,F,"$86,211.00",Urban,Married,$84.00,35,109,0,1,Personal Auto,Personal L1,2,Agent,$281.61,Four-Door Car,Medsize
AU77281,Oregon,3337.83,Yes,Basic,College,2011-01-20,Employed,F,"$86,211.00",Urban,Married,$84.00,35,109,0,1,Personal Auto,Personal L2,2,Agent,$281.61,Four-Door Car,Medsize
QQ86648,Oregon,7639.02,No,Basic,High School or Below,2011-01-20,Employed,M,"$1,06,426.00",Suburban,Married,$97.00,19,27,2,8,Personal Auto,Personal L1,2,Call Center,$466.56,Two-Door Car,Small
MD70513,Washington,17225.03,No,Basic,College,2011-01-20,Employed,M,"$92,274.00",Suburban,Single,$144.00,22,122,0,2,Personal Auto,Personal L2,1,Branch,$979.21,SUV,Medsize
HX90683,California,3337.83,Yes,Basic,College,2011-01-20,Employed,F,"$86,211.00",Urban,Married,$84.00,35,109,0,1,Personal Auto,Personal L2,2,Agent,$281.61,Four-Door Car,Medsize
QV24282,California,7240.77,No,Basic,Bachelor,2011-01-20,Employed,F,"$59,237.00",Urban,Single,$93.00,26,81,0,5,Corporate Auto,Corporate L3,1,Branch,$326.88,Four-Door Car,Medsize
NE70589,California,17848.09,No,Basic,College,2011-01-20,Disabled,M,"$39,830.00",Suburban,Married,$158.00,32,122,0,2,Personal Auto,Personal L2,1,Branch,"$1,092.20",SUV,Medsize
VA95584,California,17176.26,No,Basic,Master,2011-01-20,Employed,M,"$46,798.00",Suburban,Married,$86.00,39,78,0,2,Personal Auto,Personal L3,2,Branch,$608.66,Two-Door Car,Small
VT16570,California,9154.52,No,Extended,College,2011-01-20,Employed,F,"$40,937.00",Rural,Divorced,$116.00,20,90,0,8,Corporate Auto,Corporate L2,1,Call Center,$194.32,Four-Door Car,Medsize
ZF54421,California,8598.5,Yes,Extended,High School or Below,2011-01-20,Employed,M,"$46,572.00",Suburban,Single,$112.00,41,97,0,7,Personal Auto,Personal L2,2,Branch,$537.84,Two-Door Car,Small
EH51056,California,3713.69,No,Basic,High School or Below,2011-01-20,Employed,M,"$1,25,688.00",Suburban,Married,$92.00,32,3,0,1,Personal Auto,Personal L2,4,Branch,$781.58,Two-Door Car,Small
ZJ71004,California,3336.23,No,Basic,Bachelor,2011-01-20,Employed,F,"$40,389.00",Rural,Married,$84.00,1,72,0,1,Personal Auto,Personal L3,4,Web,$147.00,Four-Door Car,Medsize
KE70943,California,13622.05,No,Extended,College,2011-01-20,Employed,F,"$1,31,271.00",Suburban,Divorced,$170.00,8,123,0,3,Personal Auto,Personal L3,3,Web,$816.48,SUV,Medsize
EZ11341,California,10909.28,No,Basic,College,2011-01-20,Employed,M,"$1,15,034.00",Rural,Single,$92.00,46,12,0,2,Personal Auto,Personal L1,3,Branch,$44.16,Two-Door Car,Medsize
NL33789,California,5504.63,No,Basic,Bachelor,2011-01-20,Employed,F,"$71,676.00",Rural,Divorced,$139.00,4,84,0,1,Corporate Auto,Corporate L2,2,Call Center,$133.64,SUV,Medsize
BA87216,California,28185.85,No,Extended,College,2011-01-20,Employed,M,"$68,249.00",Suburban,Divorced,$119.00,12,61,0,2,Personal Auto,Personal L2,4,Web,$570.24,Four-Door Car,Large
FQ93665,California,25568.33,No,Basic,High School or Below,2011-01-20,Employed,F,"$29,580.00",Suburban,Married,$90.00,22,46,0,2,Corporate Auto,Corporate L3,2,Agent,$952.32,Four-Door Car,Small
LG73224,California,3605.36,No,Basic,High School or Below,2011-01-20,Employed,M,"$70,972.00",Suburban,Single,$92.00,22,99,0,1,Personal Auto,Personal L2,4,Web,$512.03,Four-Door Car,Medsize
MP48946,California,3374.28,No,Basic,High School or Below,2011-01-20,Employed,F,"$97,228.00",Rural,Married,$84.00,35,18,0,1,Corporate Auto,Corporate L1,2,Agent,$68.50,Two-Door Car,Medsize
RW54189,California,7758.81,No,Basic,Bachelor,2011-01-20,Employed,M,"$31,730.00",Suburban,Married,$99.00,3,89,0,8,Personal Auto,Personal L3,4,Call Center,$473.04,Four-Door Car,Small
QR91631,California,11788.32,No,Basic,High School or Below,2011-01-20,Employed,F,"$69,127.00",Urban,Married,$97.00,5,70,0,2,Personal Auto,Personal L1,2,Branch,$250.47,Two-Door Car,Medsize
CB59349,California,21953.14,No,Extended,Master,2011-01-20,Employed,M,"$81,872.00",Suburban,Married,$181.00,42,57,0,2,Personal Auto,Personal L3,2,Agent,$868.32,SUV,Medsize
SV62436,Washington,4106.42,No,Extended,Bachelor,2011-01-21,Disabled,F,"$18,615.00",Suburban,Divorced,$107.00,11,66,0,1,Personal Auto,Personal L3,4,Call Center,$511.92,Four-Door Car,Medsize
OX28638,Arizona,9188.76,No,Extended,High School or Below,2011-01-21,Employed,M,"$51,083.00",Suburban,Married,$116.00,47,104,0,9,Personal Auto,Personal L3,2,Branch,$628.61,Two-Door Car,Medsize
UH65059,Arizona,5812.84,No,Basic,High School or Below,2011-01-21,Employed,M,"$32,654.00",Suburban,Married,$147.00,19,111,0,1,Personal Auto,Personal L3,1,Agent,$706.32,Sports Car,Medsize
LP84436,California,12213.61,No,Extended,High School or Below,2011-01-21,Unemployed,F,$0.00,Suburban,Single,$171.00,41,15,0,6,Personal Auto,Personal L2,3,Branch,"$1,468.79",Sports Car,Medsize
CC15295,Oregon,13153.52,No,Extended,Bachelor,2011-01-21,Employed,F,"$32,438.00",Suburban,Married,$111.00,19,36,0,2,Personal Auto,Personal L2,2,Agent,$531.36,Four-Door Car,Small
SL22297,California,15039.41,No,Premium,Master,2011-01-21,Disabled,F,"$37,367.00",Suburban,Single,$203.00,41,38,0,3,Personal Auto,Personal L1,1,Call Center,$975.36,SUV,Medsize
BS13062,Arizona,34769.63,No,Extended,High School or Below,2011-01-21,Unemployed,F,$0.00,Suburban,Married,$109.00,4,81,2,2,Personal Auto,Personal L2,4,Call Center,$524.88,Four-Door Car,Small
VZ51506,Arizona,4853.67,No,Basic,High School or Below,2011-01-21,Unemployed,F,$0.00,Suburban,Single,$139.00,27,58,0,1,Corporate Auto,Corporate L3,2,Call Center,"$1,001.16",Sports Car,Medsize
TW43626,California,10911.89,No,Basic,College,2011-01-21,Employed,M,"$72,298.00",Suburban,Married,$90.00,8,7,0,2,Personal Auto,Personal L2,1,Agent,$441.48,Four-Door Car,Large
QC47433,Oregon,3448.49,No,Basic,College,2011-01-21,Medical Leave,M,"$16,820.00",Suburban,Married,$95.00,5,55,0,1,Personal Auto,Personal L2,2,Branch,$453.60,Four-Door Car,Small
SM73248,Arizona,15575.63,No,Extended,High School or Below,2011-01-21,Unemployed,M,$0.00,Suburban,Single,$116.00,16,120,1,2,Corporate Auto,Corporate L1,1,Agent,$835.92,Two-Door Car,Medsize
WO90953,Oregon,7273.7,No,Basic,College,2011-01-21,Employed,F,"$76,727.00",Suburban,Married,$90.00,34,22,0,3,Personal Auto,Personal L3,1,Branch,$440.84,Two-Door Car,Small
NW54906,Oregon,18724.4,Yes,Basic,College,2011-01-21,Employed,M,"$38,383.00",Suburban,Married,$159.00,1,80,0,2,Personal Auto,Personal L3,2,Branch,$826.61,SUV,Small
AO74776,California,12727.37,No,Basic,High School or Below,2011-01-21,Employed,F,"$37,562.00",Suburban,Married,$159.00,43,12,0,8,Personal Auto,Personal L3,3,Agent,$764.64,SUV,Large
HB85743,California,11931.42,Yes,Basic,Bachelor,2011-01-21,Employed,M,"$1,11,596.00",Rural,Married,$154.00,32,14,3,9,Personal Auto,Personal L1,2,Agent,$180.12,SUV,Medsize
FK75497,California,3312.1,No,Basic,College,2011-01-21,Employed,M,"$1,13,092.00",Rural,Divorced,$84.00,18,103,0,1,Personal Auto,Personal L3,3,Branch,$57.03,Two-Door Car,Large
LB25094,California,3416.45,Yes,Basic,Bachelor,2011-01-21,Employed,F,"$1,20,759.00",Rural,Single,$85.00,15,3,0,1,Special Auto,Special L2,2,Web,$83.39,Four-Door Car,Medsize
JC29295,California,18145.36,No,Basic,Bachelor,2011-01-21,Employed,F,"$1,09,004.00",Urban,Married,$150.00,20,26,0,2,Personal Auto,Personal L3,3,Web,$487.73,SUV,Medsize
TV82603,California,20108.79,No,Basic,Bachelor,2011-01-21,Employed,F,"$64,909.00",Urban,Married,$254.00,42,16,0,5,Personal Auto,Personal L3,1,Branch,"$1,189.84",Luxury SUV,Small
YV67971,California,6682.24,No,Basic,High School or Below,2011-01-21,Employed,F,"$28,812.00",Rural,Married,$84.00,46,97,0,3,Personal Auto,Personal L2,3,Agent,$100.37,Four-Door Car,Medsize
ZQ11381,Arizona,22775.02,No,Extended,Bachelor,2011-01-21,Employed,M,"$82,435.00",Urban,Married,$115.00,28,5,0,2,Personal Auto,Personal L2,2,Agent,$354.38,Four-Door Car,Medsize
KN21017,Nevada,4331.1,No,Extended,High School or Below,2011-01-21,Employed,M,"$70,695.00",Urban,Married,$109.00,34,86,0,1,Personal Auto,Personal L1,2,Call Center,$372.59,Four-Door Car,Medsize
PI47776,Oregon,3416.45,Yes,Basic,Bachelor,2011-01-21,Employed,F,"$1,20,759.00",Rural,Single,$85.00,15,3,0,1,Corporate Auto,Corporate L3,2,Web,$83.39,Four-Door Car,Medsize
VJ51327,California,27425.25,No,Basic,High School or Below,2011-01-21,Employed,F,"$85,332.00",Rural,Married,$138.00,27,38,2,2,Personal Auto,Personal L3,1,Agent,$279.88,SUV,Small
XD19546,California,11016.93,No,Basic,High School or Below,2011-01-21,Unemployed,F,$0.00,Suburban,Married,$147.00,20,82,0,7,Personal Auto,Personal L1,1,Web,$706.32,SUV,Medsize
QM38267,Arizona,3599.17,No,Basic,High School or Below,2011-01-21,Employed,F,"$1,16,533.00",Suburban,Married,$89.00,9,34,0,1,Personal Auto,Personal L1,3,Call Center,$427.68,Four-Door Car,Medsize
EF52978,Arizona,6449.11,No,Basic,High School or Below,2011-01-21,Unemployed,F,$0.00,Suburban,Married,$84.00,20,108,0,3,Personal Auto,Personal L3,1,Agent,$401.76,Four-Door Car,Medsize
PX60116,California,12042.63,No,Premium,High School or Below,2011-01-21,Employed,F,"$55,170.00",Suburban,Married,$151.00,28,132,0,7,Corporate Auto,Corporate L3,1,Branch,$725.76,Two-Door Car,Large
GO14008,Oregon,7287.43,No,Basic,Bachelor,2011-01-21,Employed,F,"$99,596.00",Suburban,Divorced,$90.00,19,69,0,3,Personal Auto,Personal L3,2,Agent,$434.16,Four-Door Car,Medsize
WC35554,Oregon,6116.22,No,Basic,College,2011-01-21,Employed,M,"$46,764.00",Urban,Married,$158.00,31,73,2,1,Personal Auto,Personal L2,1,Call Center,$629.53,Sports Car,Medsize
LC44944,Washington,49234.91,No,Premium,Doctor,2011-01-21,Unemployed,F,$0.00,Suburban,Married,$153.00,0,12,3,2,Personal Auto,Personal L3,2,Branch,"$1,098.36",Four-Door Car,Small
NY49598,California,3310.18,No,Basic,College,2011-01-21,Employed,M,"$88,868.00",Suburban,Divorced,$84.00,30,4,0,1,Personal Auto,Personal L3,2,Agent,$401.76,Four-Door Car,Small
XI51746,Oregon,11916.4,No,Basic,Bachelor,2011-01-21,Employed,F,"$38,425.00",Urban,Married,$153.00,0,61,2,7,Personal Auto,Personal L3,3,Call Center,$437.83,SUV,Medsize
AI47152,Nevada,10790.25,No,Basic,College,2011-01-21,Employed,F,"$47,836.00",Urban,Married,$89.00,26,35,0,2,Personal Auto,Personal L2,2,Agent,$401.02,Four-Door Car,Medsize
YH43996,Arizona,13756.03,No,Premium,College,2011-01-21,Unemployed,M,$0.00,Suburban,Single,$136.00,20,122,0,2,Personal Auto,Personal L3,1,Branch,$981.72,Four-Door Car,Small
OJ50322,Nevada,21279.51,No,Premium,High School or Below,2011-01-21,Employed,M,"$52,693.00",Suburban,Married,$267.00,42,20,0,7,Personal Auto,Personal L3,1,Call Center,"$1,283.04",SUV,Medsize
KM79894,Arizona,4178.49,No,Extended,Master,2011-01-21,Employed,M,"$1,19,132.00",Suburban,Married,$104.00,4,36,1,1,Corporate Auto,Corporate L3,2,Agent,$578.62,Four-Door Car,Medsize
NB27041,Arizona,12198.16,Yes,Premium,High School or Below,2011-01-21,Employed,F,"$46,355.00",Suburban,Married,$153.00,27,59,0,9,Corporate Auto,Corporate L3,2,Web,$732.24,Four-Door Car,Large
HP87787,Arizona,11931.42,Yes,Basic,Bachelor,2011-01-21,Employed,M,"$1,11,596.00",Rural,Married,$154.00,32,14,3,9,Corporate Auto,Corporate L3,2,Agent,$180.12,SUV,Medsize
JC33752,Oregon,8475.09,No,Extended,College,2011-01-21,Employed,F,"$28,382.00",Suburban,Single,$111.00,43,11,1,9,Personal Auto,Personal L3,2,Agent,$607.67,Two-Door Car,Large
DO83038,California,11280.3,No,Basic,College,2011-01-21,Employed,F,"$87,078.00",Rural,Married,$95.00,30,66,0,2,Personal Auto,Personal L3,2,Call Center,$53.10,Two-Door Car,Medsize
IG85969,Arizona,6834.2,No,Basic,College,2011-01-21,Unemployed,F,$0.00,Suburban,Single,$97.00,30,78,0,5,Personal Auto,Personal L3,3,Call Center,$466.56,Two-Door Car,Large
DA54619,Oregon,12198.16,Yes,Premium,High School or Below,2011-01-21,Employed,F,"$46,355.00",Suburban,Married,$153.00,27,59,0,9,Personal Auto,Personal L3,2,Web,$732.24,Four-Door Car,Large
LH91968,Oregon,11931.42,Yes,Basic,Bachelor,2011-01-21,Employed,M,"$1,11,596.00",Rural,Married,$154.00,32,14,3,9,Corporate Auto,Corporate L3,2,Agent,$180.12,SUV,Medsize
PD82395,Arizona,11677.5,No,Premium,Bachelor,2011-01-21,Unemployed,F,$0.00,Suburban,Married,$155.00,0,4,0,3,Special Auto,Special L1,1,Branch,"$1,113.21",Four-Door Car,Small
ME83611,Nevada,3416.45,Yes,Basic,Bachelor,2011-01-21,Employed,F,"$1,20,759.00",Rural,Single,$85.00,15,3,0,1,Personal Auto,Personal L3,2,Web,$83.39,Four-Door Car,Medsize
OH35544,Nevada,7586.96,No,Extended,College,2011-01-21,Unemployed,F,$0.00,Suburban,Single,$111.00,19,31,0,6,Corporate Auto,Corporate L2,3,Agent,"$1,166.31",Four-Door Car,Medsize
XX89213,Nevada,11761.41,No,Extended,Master,2011-01-21,Employed,F,"$92,497.00",Rural,Married,$292.00,23,0,0,1,Corporate Auto,Corporate L2,2,Branch,$129.19,Luxury SUV,Medsize
JG35886,California,5551.05,No,Premium,College,2011-01-21,Employed,F,"$87,865.00",Urban,Married,$139.00,27,74,0,1,Personal Auto,Personal L2,2,Call Center,$648.10,Four-Door Car,Medsize
KR10942,Oregon,3579.68,No,Basic,Bachelor,2011-01-21,Employed,F,"$44,821.00",Urban,Married,$89.00,12,76,0,1,Personal Auto,Personal L3,4,Branch,$423.96,Two-Door Car,Medsize
XQ12791,California,4592.54,No,Extended,High School or Below,2011-01-21,Employed,M,"$56,662.00",Suburban,Divorced,$116.00,27,31,0,1,Personal Auto,Personal L3,2,Branch,$933.81,Four-Door Car,Medsize
OU76593,Oregon,9331.25,No,Extended,College,2011-01-21,Unemployed,M,$0.00,Suburban,Married,$130.00,15,74,0,5,Personal Auto,Personal L3,2,Agent,$622.08,Four-Door Car,Medsize
NI99807,Oregon,18724.4,Yes,Basic,College,2011-01-21,Employed,M,"$38,383.00",Suburban,Married,$159.00,1,80,0,2,Personal Auto,Personal L2,2,Branch,$826.61,SUV,Small
LB97434,Arizona,7467.7,No,Basic,Bachelor,2011-01-21,Employed,M,"$68,375.00",Suburban,Married,$93.00,36,68,1,9,Personal Auto,Personal L3,1,Call Center,$447.12,Two-Door Car,Medsize
VY75186,California,3027.03,No,Basic,College,2011-01-21,Unemployed,M,$0.00,Rural,Divorced,$88.00,24,65,0,1,Personal Auto,Personal L3,1,Call Center,$115.58,Four-Door Car,Medsize
YK92213,Oregon,6831.41,No,Extended,Doctor,2011-01-21,Unemployed,M,$0.00,Urban,Married,$186.00,31,103,0,1,Personal Auto,Personal L1,2,Call Center,$770.55,Sports Car,Medsize
DY38083,California,11931.42,Yes,Basic,Bachelor,2011-01-21,Employed,M,"$1,11,596.00",Rural,Married,$154.00,32,14,3,9,Personal Auto,Personal L3,2,Agent,$180.12,SUV,Medsize
QS26062,California,3789.52,No,Basic,High School or Below,2011-01-21,Employed,M,"$1,09,235.00",Urban,Married,$95.00,23,89,0,1,Corporate Auto,Corporate L2,2,Branch,$253.60,Four-Door Car,Medsize
BA66627,Nevada,48909.7,No,Basic,Bachelor,2011-01-21,Employed,F,"$29,997.00",Rural,Single,$142.00,39,62,0,2,Personal Auto,Personal L3,1,Branch,$30.31,Sports Car,Medsize
UO49439,Oregon,7605.27,No,Basic,College,2011-01-21,Employed,M,"$1,21,890.00",Rural,Divorced,$96.00,12,14,1,3,Personal Auto,Personal L1,1,Agent,$29.96,Four-Door Car,Medsize
DG46291,Nevada,12825.11,No,Premium,High School or Below,2011-01-21,Employed,F,"$1,29,973.00",Urban,Married,$158.00,45,109,0,6,Personal Auto,Personal L1,1,Call Center,$747.23,Four-Door Car,Medsize
XC72555,Oregon,6041.32,No,Basic,High School or Below,2011-01-21,Employed,F,"$1,32,231.00",Urban,Married,$151.00,12,18,3,1,Personal Auto,Personal L3,4,Web,$438.50,SUV,Small
SZ37147,California,3671.8,No,Basic,Bachelor,2011-01-21,Employed,M,"$55,357.00",Suburban,Single,$95.00,30,50,0,1,Personal Auto,Personal L1,4,Branch,$453.60,Four-Door Car,Medsize
PJ54354,California,6429.81,No,Basic,Bachelor,2011-01-21,Unemployed,M,$0.00,Suburban,Married,$88.00,14,15,0,3,Personal Auto,Personal L1,1,Call Center,$494.39,Four-Door Car,Medsize
VT52978,Nevada,16939.03,No,Premium,High School or Below,2011-01-21,Employed,M,"$44,357.00",Suburban,Divorced,$142.00,32,20,0,2,Corporate Auto,Corporate L2,1,Call Center,$680.40,Four-Door Car,Medsize
AI49712,Washington,3501.76,No,Basic,High School or Below,2011-01-21,Unemployed,F,$0.00,Suburban,Single,$97.00,42,134,0,1,Personal Auto,Personal L1,3,Call Center,$466.56,Four-Door Car,Large
DD88614,California,9580.41,No,Extended,Doctor,2011-01-21,Employed,F,"$91,442.00",Rural,Married,$119.00,45,117,0,3,Corporate Auto,Corporate L3,3,Agent,$4.68,Four-Door Car,Medsize
OB32861,Nevada,8489.01,No,Extended,High School or Below,2011-01-21,Unemployed,M,$0.00,Suburban,Married,$113.00,19,89,0,3,Special Auto,Special L2,4,Web,$544.32,Two-Door Car,Medsize
WH36754,Oregon,25769.26,No,Basic,College,2011-01-21,Employed,F,"$44,246.00",Urban,Divorced,$82.00,14,99,0,2,Personal Auto,Personal L1,1,Branch,$340.05,Four-Door Car,Small
VH94792,California,5985.49,No,Basic,Bachelor,2011-01-21,Unemployed,F,$0.00,Suburban,Single,$88.00,9,30,0,6,Special Auto,Special L3,2,Web,$421.20,Four-Door Car,Medsize
KC49055,Oregon,9616.16,No,Extended,Bachelor,2011-01-21,Employed,M,"$29,477.00",Suburban,Married,$124.00,3,112,0,3,Personal Auto,Personal L2,4,Agent,$839.18,Two-Door Car,Medsize
WJ38827,Oregon,9736.91,No,Extended,High School or Below,2011-01-21,Unemployed,M,$0.00,Suburban,Married,$131.00,35,34,0,3,Corporate Auto,Corporate L2,1,Agent,$673.35,Two-Door Car,Small
QF91596,Nevada,6473.2,No,Basic,Bachelor,2011-01-21,Employed,F,"$1,11,730.00",Urban,Single,$82.00,38,105,0,3,Personal Auto,Personal L3,4,Agent,$330.97,Four-Door Car,Medsize
FX78901,Oregon,22340.96,No,Extended,Bachelor,2011-01-21,Employed,F,"$1,10,213.00",Rural,Single,$111.00,45,35,0,2,Special Auto,Special L3,2,Call Center,$64.74,Four-Door Car,Medsize
WE77831,California,6451.22,No,Basic,Bachelor,2011-01-21,Unemployed,M,$0.00,Suburban,Divorced,$99.00,11,23,2,9,Personal Auto,Personal L3,2,Agent,$473.04,Four-Door Car,Medsize
EE96187,Oregon,9597.61,No,Extended,High School or Below,2011-01-21,Employed,F,"$1,24,771.00",Urban,Married,$119.00,7,107,0,6,Personal Auto,Personal L1,2,Branch,$545.73,Four-Door Car,Medsize
IV98398,California,20682.5,No,Extended,Bachelor,2011-01-21,Employed,M,"$1,10,639.00",Suburban,Married,$170.00,4,28,0,2,Corporate Auto,Corporate L3,1,Web,$972.07,SUV,Medsize
ON63161,Oregon,11587.42,No,Premium,High School or Below,2011-01-21,Disabled,F,"$24,323.00",Suburban,Divorced,$154.00,31,73,0,9,Personal Auto,Personal L3,2,Call Center,$738.72,Four-Door Car,Medsize
YQ53901,Washington,7082.48,Yes,Basic,Bachelor,2011-01-21,Employed,F,"$39,027.00",Suburban,Married,$89.00,20,89,0,8,Personal Auto,Personal L3,1,Agent,$616.55,Two-Door Car,Medsize
KQ36942,California,5260.37,No,Basic,Bachelor,2011-01-21,Medical Leave,M,"$14,652.00",Urban,Married,$140.00,15,24,0,1,Corporate Auto,Corporate L3,2,Web,$472.91,SUV,Small
CE41738,Oregon,3894.75,No,Basic,College,2011-01-21,Employed,F,"$1,04,960.00",Rural,Married,$97.00,1,69,0,1,Personal Auto,Personal L3,2,Branch,$9.74,Two-Door Car,Medsize
OZ37864,Oregon,5950.49,No,Basic,Bachelor,2011-01-21,Unemployed,F,$0.00,Rural,Divorced,$84.00,24,46,0,3,Personal Auto,Personal L3,1,Branch,$154.03,Four-Door Car,Medsize
EH27304,California,3989.92,No,Basic,Doctor,2011-01-21,Employed,F,"$76,278.00",Suburban,Single,$100.00,20,105,0,1,Personal Auto,Personal L1,3,Branch,$479.52,Four-Door Car,Medsize
GB70736,Oregon,7439.8,No,Basic,College,2011-01-21,Employed,F,"$1,34,397.00",Rural,Married,$92.00,19,115,0,6,Corporate Auto,Corporate L3,4,Web,$150.64,Four-Door Car,Medsize
GR53936,Oregon,7082.48,Yes,Basic,Bachelor,2011-01-21,Employed,F,"$39,027.00",Suburban,Married,$89.00,20,89,0,8,Corporate Auto,Corporate L2,1,Agent,$616.55,Two-Door Car,Medsize
QD86074,Oregon,12198.16,Yes,Premium,High School or Below,2011-01-21,Employed,F,"$46,355.00",Suburban,Married,$153.00,27,59,0,9,Corporate Auto,Corporate L1,2,Web,$732.24,Four-Door Car,Large
ZU69163,California,7542.31,No,Basic,Doctor,2011-01-21,Employed,F,"$1,27,117.00",Rural,Married,$93.00,0,88,0,4,Personal Auto,Personal L3,2,Agent,$147.14,Four-Door Car,Medsize
QD86271,Arizona,16230.22,No,Basic,High School or Below,2011-01-21,Medical Leave,M,"$34,989.00",Suburban,Married,$140.00,9,41,0,2,Personal Auto,Personal L3,1,Agent,"$1,345.65",SUV,Medsize
IR74017,Oregon,7182.83,No,Extended,College,2011-01-21,Employed,F,"$43,357.00",Rural,Married,$178.00,14,57,0,1,Personal Auto,Personal L3,4,Call Center,$374.42,SUV,Medsize
YS49138,California,11715.99,No,Premium,High School or Below,2011-01-21,Employed,F,"$84,194.00",Rural,Married,$146.00,30,117,0,8,Personal Auto,Personal L2,1,Call Center,$69.28,Four-Door Car,Medsize
VZ59523,Arizona,7701.72,No,Basic,Doctor,2011-01-21,Employed,M,"$68,438.00",Rural,Married,$96.00,42,41,0,5,Personal Auto,Personal L3,1,Call Center,$149.27,Two-Door Car,Large
SW88021,California,3323.43,No,Basic,Bachelor,2011-01-21,Medical Leave,F,"$16,500.00",Suburban,Married,$90.00,11,95,1,1,Corporate Auto,Corporate L3,3,Agent,$434.16,Two-Door Car,Medsize
NL59273,Oregon,7596.85,No,Basic,Doctor,2011-01-21,Employed,F,"$83,006.00",Urban,Married,$95.00,3,88,0,3,Personal Auto,Personal L3,2,Call Center,$451.08,Two-Door Car,Medsize
HZ52656,Washington,3416.45,Yes,Basic,Bachelor,2011-01-21,Employed,F,"$1,20,759.00",Rural,Single,$85.00,15,3,0,1,Personal Auto,Personal L3,2,Web,$83.39,Four-Door Car,Medsize
ET81343,California,11813.37,No,Extended,Doctor,2011-01-21,Employed,M,"$79,713.00",Suburban,Divorced,$103.00,3,99,3,2,Personal Auto,Personal L3,1,Web,$492.48,Four-Door Car,Medsize
XF99212,Arizona,3318.9,No,Basic,College,2011-01-21,Employed,M,"$77,711.00",Suburban,Married,$85.00,7,65,1,1,Personal Auto,Personal L1,3,Agent,$408.24,Two-Door Car,Medsize
XI85062,Nevada,3669.01,No,Basic,Master,2011-01-21,Employed,M,"$89,725.00",Suburban,Married,$92.00,38,108,0,1,Personal Auto,Personal L3,2,Agent,$440.64,Two-Door Car,Small
LC69427,Oregon,3816.89,No,Basic,College,2011-01-21,Employed,F,"$27,497.00",Suburban,Single,$97.00,41,49,0,1,Corporate Auto,Corporate L3,4,Branch,$466.56,Four-Door Car,Small
ZY26831,California,9786.24,No,Extended,Bachelor,2011-01-21,Employed,F,"$50,964.00",Rural,Single,$126.00,20,57,0,3,Corporate Auto,Corporate L3,1,Agent,$76.54,Four-Door Car,Medsize
AD63766,Oregon,3832.67,No,Extended,Bachelor,2011-01-21,Unemployed,M,$0.00,Suburban,Married,$109.00,30,35,0,1,Personal Auto,Personal L2,3,Branch,$524.88,Two-Door Car,Large
HT92952,California,11931.42,Yes,Basic,Bachelor,2011-01-21,Employed,M,"$1,11,596.00",Rural,Married,$154.00,32,14,3,9,Corporate Auto,Corporate L3,2,Agent,$180.12,SUV,Medsize
KJ55021,Washington,6467.96,No,Basic,College,2011-01-21,Disabled,F,"$39,300.00",Suburban,Married,$85.00,4,88,0,5,Personal Auto,Personal L2,1,Branch,$408.24,Four-Door Car,Medsize
EP34249,Oregon,18724.4,Yes,Basic,College,2011-01-21,Employed,M,"$38,383.00",Suburban,Married,$159.00,1,80,0,2,Corporate Auto,Corporate L1,2,Branch,$826.61,SUV,Small
ZU88796,Arizona,3305.9,No,Basic,Bachelor,2011-01-21,Employed,F,"$1,18,533.00",Urban,Married,$85.00,3,58,5,1,Personal Auto,Personal L2,2,Agent,$234.76,Four-Door Car,Small
WN91943,California,17480.34,No,Premium,College,2011-01-21,Employed,M,"$41,530.00",Suburban,Single,$150.00,38,26,0,2,Personal Auto,Personal L1,1,Agent,"$1,447.92",Four-Door Car,Medsize
BL89983,California,12198.16,Yes,Premium,High School or Below,2011-01-21,Employed,F,"$46,355.00",Suburban,Married,$153.00,27,59,0,9,Special Auto,Special L3,2,Web,$732.24,Four-Door Car,Large
IO14680,Oregon,11931.42,Yes,Basic,Bachelor,2011-01-21,Employed,M,"$1,11,596.00",Rural,Married,$154.00,32,14,3,9,Corporate Auto,Corporate L3,2,Agent,$180.12,SUV,Medsize
EB52195,Oregon,10774.95,No,Basic,College,2011-01-21,Employed,F,"$54,863.00",Urban,Married,$90.00,28,104,0,2,Personal Auto,Personal L3,4,Branch,$407.16,Four-Door Car,Medsize
FH81409,California,11005.53,No,Extended,High School or Below,2011-01-21,Unemployed,M,$0.00,Suburban,Single,$107.00,26,95,0,2,Personal Auto,Personal L1,1,Agent,$767.88,Four-Door Car,Small
WR90490,Nevada,6606.87,No,Basic,High School or Below,2011-01-21,Disabled,M,"$34,522.00",Suburban,Married,$88.00,0,41,0,3,Personal Auto,Personal L3,3,Agent,$421.20,Four-Door Car,Medsize
XH72888,Arizona,21540.64,No,Extended,High School or Below,2011-01-21,Employed,M,"$49,078.00",Suburban,Married,$273.00,46,38,0,9,Corporate Auto,Corporate L2,3,Agent,"$1,963.44",Luxury SUV,Small
YU15037,Arizona,6306.41,No,Basic,High School or Below,2011-01-21,Unemployed,F,$0.00,Suburban,Single,$89.00,9,89,0,9,Personal Auto,Personal L3,2,Call Center,$641.52,Four-Door Car,Medsize
JQ84105,Oregon,3186.81,No,Basic,High School or Below,2011-01-21,Unemployed,F,$0.00,Suburban,Single,$88.00,19,7,0,1,Corporate Auto,Corporate L3,1,Web,$631.80,Four-Door Car,Small
HQ60388,Oregon,11644.88,No,Basic,High School or Below,2011-01-21,Employed,F,"$68,102.00",Suburban,Married,$100.00,38,68,4,2,Personal Auto,Personal L1,4,Web,$479.52,Four-Door Car,Medsize
HW99293,Arizona,3874.15,No,Basic,Bachelor,2011-01-21,Employed,M,"$28,666.00",Suburban,Married,$99.00,11,31,0,1,Personal Auto,Personal L3,2,Agent,$510.75,Four-Door Car,Medsize
IX65163,California,10932.99,No,Extended,College,2011-01-21,Unemployed,M,$0.00,Suburban,Single,$166.00,30,34,0,6,Personal Auto,Personal L3,1,Call Center,"$1,195.56",SUV,Medsize
MT91823,Arizona,18141.36,No,Basic,College,2011-01-21,Employed,F,"$94,086.00",Suburban,Married,$151.00,46,84,1,2,Special Auto,Special L2,1,Branch,$725.76,Sports Car,Small
FH14955,California,6031.4,No,Basic,College,2011-01-21,Unemployed,M,$0.00,Suburban,Single,$86.00,14,46,0,4,Corporate Auto,Corporate L3,3,Call Center,$414.72,Four-Door Car,Medsize
JA60749,Oregon,12198.16,Yes,Premium,High School or Below,2011-01-21,Employed,F,"$46,355.00",Suburban,Married,$153.00,27,59,0,9,Personal Auto,Personal L3,2,Web,$732.24,Four-Door Car,Large
MZ81826,Arizona,12198.16,Yes,Premium,High School or Below,2011-01-21,Employed,F,"$46,355.00",Suburban,Married,$153.00,27,59,0,9,Personal Auto,Personal L1,2,Web,$732.24,Four-Door Car,Large
IX85835,Nevada,7082.48,Yes,Basic,Bachelor,2011-01-21,Employed,F,"$39,027.00",Suburban,Married,$89.00,20,89,0,8,Personal Auto,Personal L2,1,Agent,$616.55,Two-Door Car,Medsize
DW71192,Oregon,8061.27,No,Extended,High School or Below,2011-01-21,Employed,M,"$70,224.00",Suburban,Divorced,$105.00,23,50,3,7,Personal Auto,Personal L3,1,Agent,$505.44,Four-Door Car,Medsize
UK59933,California,6752.83,No,Basic,College,2011-01-21,Unemployed,M,$0.00,Suburban,Single,$95.00,47,76,0,3,Personal Auto,Personal L3,3,Call Center,$680.40,Four-Door Car,Medsize
XN50058,California,11836.3,No,Premium,Doctor,2011-01-21,Employed,M,"$61,403.00",Suburban,Single,$150.00,42,38,0,8,Corporate Auto,Corporate L3,1,Agent,$719.28,Four-Door Car,Medsize
GM54859,Oregon,8169.71,No,Extended,High School or Below,2011-01-21,Unemployed,M,$0.00,Suburban,Single,$119.00,22,108,0,6,Personal Auto,Personal L2,3,Agent,$855.36,Two-Door Car,Large
QW40254,Oregon,7100.61,No,Basic,College,2011-01-21,Employed,M,"$38,403.00",Suburban,Married,$90.00,27,134,0,3,Personal Auto,Personal L3,4,Agent,$434.16,Four-Door Car,Medsize
LT57545,California,7526.52,No,Basic,College,2011-01-21,Medical Leave,F,"$25,504.00",Rural,Married,$99.00,45,103,0,5,Personal Auto,Personal L2,1,Web,$144.20,Four-Door Car,Medsize
NL68893,California,3354.9,No,Basic,Bachelor,2011-01-21,Employed,M,"$1,03,421.00",Rural,Married,$84.00,3,3,0,1,Personal Auto,Personal L3,1,Call Center,$123.16,Four-Door Car,Small
LT77960,Arizona,7177.62,No,Basic,College,2011-01-21,Employed,F,"$38,555.00",Suburban,Married,$89.00,7,1,0,5,Corporate Auto,Corporate L3,4,Call Center,$576.78,Four-Door Car,Medsize
MT58123,California,18724.4,Yes,Basic,College,2011-01-21,Employed,M,"$38,383.00",Suburban,Married,$159.00,1,80,0,2,Corporate Auto,Corporate L2,2,Branch,$826.61,SUV,Small
FE84109,Washington,8829.28,No,Extended,Bachelor,2011-01-21,Disabled,M,"$28,561.00",Rural,Divorced,$120.00,3,43,0,8,Personal Auto,Personal L2,1,Web,$150.98,Two-Door Car,Medsize
LY73893,California,7511.09,No,Basic,College,2011-01-21,Employed,M,"$47,787.00",Suburban,Divorced,$96.00,35,55,0,7,Personal Auto,Personal L3,3,Agent,$460.08,Four-Door Car,Medsize
TX11163,Nevada,9963.77,No,Basic,Bachelor,2011-01-21,Employed,F,"$72,842.00",Rural,Married,$248.00,26,108,0,1,Corporate Auto,Corporate L3,1,Branch,$83.10,Luxury SUV,Medsize
SY95534,California,5120.32,No,Basic,Bachelor,2011-01-21,Unemployed,M,$0.00,Suburban,Married,$140.00,31,103,0,1,Personal Auto,Personal L3,3,Branch,"$1,010.88",SUV,Medsize
AY35539,Oregon,3416.45,Yes,Basic,Bachelor,2011-01-21,Employed,F,"$1,20,759.00",Rural,Single,$85.00,15,3,0,1,Personal Auto,Personal L2,2,Web,$83.39,Four-Door Car,Medsize
No31089,Arizona,4292.29,No,Extended,Bachelor,2011-01-21,Employed,F,"$88,752.00",Urban,Married,$107.00,8,0,0,1,Personal Auto,Personal L3,2,Call Center,$374.44,Four-Door Car,Medsize
FS67856,California,18724.4,Yes,Basic,College,2011-01-21,Employed,M,"$38,383.00",Suburban,Married,$159.00,1,80,0,2,Personal Auto,Personal L3,2,Branch,$826.61,SUV,Small
FD62224,Oregon,19766.05,No,Extended,College,2011-01-21,Unemployed,F,$0.00,Suburban,Single,$180.00,32,62,0,2,Personal Auto,Personal L3,1,Agent,"$1,872.28",SUV,Medsize
AE74442,California,9962.27,No,Basic,Bachelor,2011-01-21,Employed,F,"$83,138.00",Urban,Married,$82.00,24,126,0,2,Corporate Auto,Corporate L2,1,Agent,$277.15,Four-Door Car,Medsize
BL54814,Arizona,6576.05,No,Basic,College,2011-01-21,Employed,M,"$98,075.00",Rural,Married,$82.00,0,105,0,5,Personal Auto,Personal L2,3,Agent,$163.15,Four-Door Car,Large
MV19629,Oregon,10417.95,No,Extended,College,2011-01-21,Employed,F,"$50,458.00",Rural,Single,$134.00,46,70,0,3,Personal Auto,Personal L3,1,Branch,$88.49,Four-Door Car,Medsize
CR88883,Arizona,10060.93,No,Basic,College,2011-01-21,Unemployed,M,$0.00,Suburban,Married,$92.00,19,62,0,2,Corporate Auto,Corporate L1,1,Branch,$660.96,Two-Door Car,Medsize
EV57176,California,7567.26,No,Basic,High School or Below,2011-01-21,Employed,F,"$28,581.00",Suburban,Divorced,$97.00,3,54,0,3,Corporate Auto,Corporate L3,4,Call Center,$466.56,Four-Door Car,Large
DN34058,Washington,37961.04,No,Extended,Bachelor,2011-01-21,Employed,F,"$92,085.00",Suburban,Married,$134.00,12,28,0,2,Corporate Auto,Corporate L1,2,Branch,$641.52,Four-Door Car,Small
IY87065,California,7082.48,Yes,Basic,Bachelor,2011-01-21,Employed,F,"$39,027.00",Suburban,Married,$89.00,20,89,0,8,Corporate Auto,Corporate L1,1,Agent,$616.55,Two-Door Car,Medsize
UP31333,Washington,18724.4,Yes,Basic,College,2011-01-21,Employed,M,"$38,383.00",Suburban,Married,$159.00,1,80,0,2,Corporate Auto,Corporate L3,2,Branch,$826.61,SUV,Small
JQ35849,California,7236.75,No,Basic,High School or Below,2011-01-21,Employed,M,"$32,743.00",Suburban,Married,$92.00,15,113,0,5,Personal Auto,Personal L3,4,Agent,$440.64,Four-Door Car,Medsize
QJ49871,Oregon,5255.96,No,Basic,College,2011-01-21,Employed,M,"$35,917.00",Suburban,Married,$135.00,45,18,0,1,Personal Auto,Personal L1,3,Call Center,"$1,260.00",SUV,Medsize
DG34434,California,7082.48,Yes,Basic,Bachelor,2011-01-21,Employed,F,"$39,027.00",Suburban,Married,$89.00,20,89,0,8,Corporate Auto,Corporate L2,1,Agent,$616.55,Two-Door Car,Medsize
ED61615,California,10732.74,No,Basic,High School or Below,2011-01-21,Employed,M,"$35,355.00",Suburban,Single,$93.00,8,57,0,2,Personal Auto,Personal L2,3,Agent,$447.12,Four-Door Car,Small
HI26883,California,8492.44,No,Extended,Bachelor,2011-01-21,Unemployed,M,$0.00,Suburban,Single,$128.00,15,31,0,5,Personal Auto,Personal L2,1,Branch,$923.40,Two-Door Car,Medsize
TI90592,California,10030.97,No,Extended,College,2011-01-21,Employed,M,"$83,117.00",Urban,Married,$126.00,4,49,0,3,Corporate Auto,Corporate L1,1,Agent,$325.11,Four-Door Car,Medsize
OS21957,California,12010.28,No,Basic,High School or Below,2011-01-21,Employed,F,"$35,371.00",Rural,Married,$151.00,5,65,0,8,Personal Auto,Personal L2,4,Call Center,$228.02,SUV,Small
KJ29915,California,7082.48,Yes,Basic,Bachelor,2011-01-21,Employed,F,"$39,027.00",Suburban,Married,$89.00,20,89,0,8,Personal Auto,Personal L2,1,Agent,$616.55,Two-Door Car,Medsize
ML68781,California,3548.56,No,Basic,College,2011-01-21,Employed,F,"$1,14,072.00",Urban,Married,$88.00,24,112,0,1,Personal Auto,Personal L3,2,Branch,$344.53,Four-Door Car,Medsize
SZ61563,California,49453.92,No,Extended,Bachelor,2011-01-21,Employed,M,"$95,726.00",Urban,Divorced,$178.00,0,96,1,2,Personal Auto,Personal L2,1,Call Center,$703.95,SUV,Medsize
UI33675,California,6941.76,No,Basic,Bachelor,2011-01-21,Unemployed,M,$0.00,Suburban,Single,$97.00,23,117,0,8,Personal Auto,Personal L2,2,Branch,$466.56,Two-Door Car,Medsize
RN72721,California,11996.5,No,Basic,High School or Below,2011-01-21,Disabled,F,"$28,219.00",Suburban,Married,$158.00,5,54,0,8,Personal Auto,Personal L2,4,Branch,$758.16,SUV,Medsize
WD85096,California,6621.02,No,Basic,Master,2011-01-21,Disabled,F,"$37,251.00",Urban,Married,$85.00,42,105,0,6,Corporate Auto,Corporate L3,1,Agent,$325.66,Two-Door Car,Medsize
XP61922,California,3416.45,Yes,Basic,Bachelor,2011-01-21,Employed,F,"$1,20,759.00",Rural,Single,$85.00,15,3,0,1,Personal Auto,Personal L3,2,Web,$83.39,Four-Door Car,Medsize
UL64533,Nevada,25616.87,No,Extended,High School or Below,2011-01-22,Employed,M,"$89,099.00",Urban,Married,$320.00,1,19,0,6,Corporate Auto,Corporate L2,2,Agent,$831.50,Luxury SUV,Medsize
RU83859,California,10948.95,No,Premium,Bachelor,2011-01-22,Medical Leave,F,"$15,510.00",Suburban,Married,$142.00,5,68,0,6,Personal Auto,Personal L3,1,Call Center,$680.40,Two-Door Car,Small
RI22468,Arizona,7757.02,No,Basic,Bachelor,2011-01-22,Employed,F,"$77,949.00",Urban,Married,$100.00,41,117,3,9,Personal Auto,Personal L1,3,Web,$364.37,Four-Door Car,Medsize
KX54357,Washington,15343.11,No,Extended,College,2011-01-22,Employed,M,"$1,14,629.00",Urban,Married,$128.00,5,93,0,2,Corporate Auto,Corporate L3,2,Web,$517.28,Two-Door Car,Small
RK96223,California,17471.55,No,Basic,College,2011-01-22,Employed,M,"$70,698.00",Suburban,Married,$149.00,46,66,1,2,Personal Auto,Personal L3,1,Agent,$712.80,SUV,Medsize
DE34457,Oregon,12712.83,No,Basic,Doctor,2011-01-22,Employed,F,"$95,313.00",Urban,Married,$157.00,11,63,0,3,Personal Auto,Personal L3,3,Call Center,$649.81,SUV,Small
IC43478,California,15206.89,No,Extended,Bachelor,2011-01-22,Employed,M,"$47,146.00",Suburban,Single,$132.00,31,111,0,2,Personal Auto,Personal L1,1,Call Center,$862.79,Two-Door Car,Medsize
SV50502,Oregon,7554.38,No,Basic,Master,2011-01-22,Employed,F,"$1,06,905.00",Suburban,Married,$93.00,8,131,0,4,Corporate Auto,Corporate L2,4,Branch,$447.12,Four-Door Car,Medsize
UF88986,Washington,3773.13,No,Basic,College,2011-01-22,Employed,F,"$53,707.00",Suburban,Single,$97.00,38,58,0,1,Personal Auto,Personal L1,1,Branch,$466.56,Two-Door Car,Medsize
JK32620,Nevada,3003.44,No,Basic,College,2011-01-22,Unemployed,M,$0.00,Suburban,Single,$92.00,4,5,0,1,Personal Auto,Personal L3,2,Web,$440.64,Four-Door Car,Medsize
NQ86532,California,3478.22,No,Basic,High School or Below,2011-01-22,Medical Leave,M,"$36,253.00",Suburban,Married,$89.00,42,95,0,1,Personal Auto,Personal L3,1,Agent,$641.52,Four-Door Car,Small
SW79912,Oregon,3553.94,No,Basic,Bachelor,2011-01-22,Employed,M,"$1,29,403.00",Suburban,Married,$88.00,22,105,0,1,Personal Auto,Personal L3,2,Agent,$421.20,Two-Door Car,Small
ZZ91716,California,4396.63,No,Extended,Bachelor,2011-01-22,Unemployed,F,$0.00,Suburban,Married,$120.00,23,76,0,1,Personal Auto,Personal L3,2,Web,$663.87,Four-Door Car,Small
GP18756,California,13401.52,No,Extended,College,2011-01-22,Medical Leave,M,"$26,449.00",Suburban,Divorced,$124.00,42,85,0,2,Personal Auto,Personal L2,4,Web,$596.16,Four-Door Car,Medsize
RV15398,Oregon,37233.75,No,Extended,College,2011-01-22,Unemployed,M,$0.00,Suburban,Divorced,$117.00,22,55,1,2,Personal Auto,Personal L3,1,Agent,$563.76,Four-Door Car,Large
QW33258,California,9561.82,No,Basic,Bachelor,2011-01-22,Employed,M,"$71,969.00",Suburban,Divorced,$255.00,35,45,3,1,Personal Auto,Personal L3,2,Branch,"$1,837.08",Luxury Car,Medsize
QQ89253,Oregon,13799.44,No,Extended,College,2011-01-22,Unemployed,F,$0.00,Suburban,Married,$181.00,31,22,0,4,Personal Auto,Personal L3,1,Agent,$868.32,SUV,Small
SL50592,California,10578.17,No,Basic,High School or Below,2011-01-22,Unemployed,F,$0.00,Suburban,Married,$96.00,9,32,0,2,Corporate Auto,Corporate L3,4,Web,$545.77,Four-Door Car,Small
NU32697,Oregon,7057.48,No,Basic,College,2011-01-22,Unemployed,M,$0.00,Suburban,Single,$97.00,27,16,0,6,Corporate Auto,Corporate L3,1,Agent,$699.84,Four-Door Car,Medsize
NZ57065,Oregon,3878.52,No,Basic,Bachelor,2011-01-22,Employed,M,"$49,739.00",Urban,Married,$99.00,14,15,0,1,Personal Auto,Personal L3,2,Agent,$383.35,Four-Door Car,Medsize
OB77084,Oregon,2973.15,No,Basic,Bachelor,2011-01-22,Unemployed,F,$0.00,Suburban,Married,$82.00,3,46,1,1,Personal Auto,Personal L3,1,Call Center,$395.28,Two-Door Car,Medsize
TJ30354,Oregon,7135.17,No,Basic,Bachelor,2011-01-22,Employed,F,"$30,546.00",Suburban,Married,$90.00,26,58,0,8,Personal Auto,Personal L1,2,Agent,$434.16,Four-Door Car,Medsize
QT89604,Arizona,6697.9,No,Basic,High School or Below,2011-01-22,Employed,F,"$75,198.00",Rural,Married,$82.00,18,74,0,6,Personal Auto,Personal L3,1,Agent,$204.03,Four-Door Car,Medsize
SB79528,Oregon,3405.26,No,Basic,College,2011-01-22,Unemployed,M,$0.00,Suburban,Single,$99.00,32,20,0,1,Corporate Auto,Corporate L3,2,Branch,$473.04,Two-Door Car,Medsize
PQ13422,Nevada,13566.54,No,Extended,College,2011-01-22,Employed,M,"$78,562.00",Suburban,Married,$113.00,35,31,0,2,Personal Auto,Personal L3,2,Web,$608.85,Four-Door Car,Small
UD27196,Arizona,26575.3,No,Extended,High School or Below,2011-01-22,Employed,M,"$69,557.00",Suburban,Married,$329.00,8,41,0,3,Personal Auto,Personal L2,3,Branch,"$1,581.12",Luxury Car,Small
CD76093,Nevada,10254.99,No,Basic,College,2011-01-22,Employed,M,"$80,793.00",Suburban,Married,$259.00,38,84,0,1,Corporate Auto,Corporate L3,4,Call Center,"$1,244.16",Luxury Car,Medsize
OY44814,Arizona,6639.15,No,Basic,High School or Below,2011-01-22,Unemployed,M,$0.00,Suburban,Single,$96.00,36,109,0,5,Personal Auto,Personal L3,1,Web,$690.12,Two-Door Car,Medsize
ZK61113,Oregon,8493.65,No,Extended,High School or Below,2011-01-22,Unemployed,M,$0.00,Suburban,Single,$127.00,3,82,0,6,Personal Auto,Personal L2,3,Agent,$913.68,Two-Door Car,Medsize
LF41085,Arizona,7607.59,No,Basic,College,2011-01-22,Medical Leave,F,"$26,448.00",Rural,Divorced,$100.00,11,107,0,4,Personal Auto,Personal L2,1,Agent,$129.50,Two-Door Car,Medsize
PV77906,Arizona,6486.09,No,Basic,Bachelor,2011-01-22,Disabled,M,"$31,865.00",Suburban,Married,$86.00,5,116,0,8,Corporate Auto,Corporate L2,1,Web,$622.08,Two-Door Car,Medsize
GJ43254,Washington,42716.84,No,Extended,College,2011-01-22,Employed,M,"$1,20,227.00",Rural,Married,$132.00,23,122,0,2,Corporate Auto,Corporate L2,1,Call Center,$252.94,Two-Door Car,Medsize
PG93638,Oregon,7777.5,No,Basic,College,2011-01-22,Employed,M,"$39,041.00",Urban,Married,$99.00,15,103,0,5,Personal Auto,Personal L1,3,Call Center,$280.57,Two-Door Car,Medsize
KP54476,California,10503.66,No,Extended,Master,2011-01-22,Employed,M,"$1,17,623.00",Suburban,Single,$131.00,35,61,0,3,Personal Auto,Personal L1,2,Web,$669.08,Two-Door Car,Medsize
HM22034,Nevada,6775.28,No,Basic,College,2011-01-22,Unemployed,M,$0.00,Suburban,Divorced,$92.00,46,92,0,4,Personal Auto,Personal L1,1,Agent,$905.14,Four-Door Car,Medsize
ER19995,Washington,24011.48,No,Basic,College,2011-01-22,Employed,F,"$1,34,717.00",Urban,Single,$86.00,32,11,0,2,Personal Auto,Personal L3,3,Call Center,$241.63,Four-Door Car,Medsize
VI78454,Arizona,3713.45,No,Basic,College,2011-01-22,Employed,M,"$69,915.00",Suburban,Divorced,$95.00,11,46,0,1,Personal Auto,Personal L2,4,Call Center,$453.60,Four-Door Car,Large
XS47087,Oregon,15814.96,No,Basic,College,2011-01-22,Disabled,M,"$28,488.00",Suburban,Married,$135.00,0,109,0,2,Personal Auto,Personal L2,1,Agent,$648.00,SUV,Medsize
NV69875,Oregon,3991.08,No,Basic,High School or Below,2011-01-22,Employed,M,"$55,216.00",Rural,Married,$100.00,3,49,0,1,Corporate Auto,Corporate L2,4,Branch,$18.40,Four-Door Car,Medsize
CQ21583,Oregon,28720.36,No,Extended,Doctor,2011-01-22,Medical Leave,M,"$24,208.00",Suburban,Married,$107.00,11,51,0,2,Personal Auto,Personal L3,2,Call Center,$511.92,Four-Door Car,Medsize
XU35186,California,3711.7,No,Basic,High School or Below,2011-01-22,Employed,F,"$96,451.00",Suburban,Single,$95.00,8,128,2,1,Personal Auto,Personal L3,1,Branch,$453.60,Four-Door Car,Medsize
MO38507,California,6129.51,No,Basic,High School or Below,2011-01-22,Employed,M,"$80,401.00",Suburban,Married,$153.00,15,116,0,1,Personal Auto,Personal L3,3,Agent,$920.03,Sports Car,Large
WR43077,California,13231.74,No,Extended,High School or Below,2011-01-22,Unemployed,M,$0.00,Suburban,Married,$123.00,45,51,0,2,Corporate Auto,Corporate L3,3,Agent,$589.68,Four-Door Car,Small
ZJ77881,Oregon,12761.55,No,Premium,Bachelor,2011-01-22,Employed,F,"$1,24,122.00",Suburban,Married,$158.00,46,82,0,3,Personal Auto,Personal L3,3,Agent,$758.16,Four-Door Car,Medsize
HS69837,Oregon,10734.9,No,Basic,College,2011-01-22,Employed,M,"$1,01,921.00",Rural,Divorced,$135.00,7,97,0,3,Personal Auto,Personal L3,1,Branch,$96.89,SUV,Small
WP83694,California,7173.14,No,Extended,Bachelor,2011-01-22,Employed,F,"$92,553.00",Rural,Married,$177.00,22,15,0,1,Personal Auto,Personal L3,1,Agent,$379.22,SUV,Medsize
ZD40816,Nevada,3757.84,No,Basic,Bachelor,2011-01-22,Employed,M,"$57,101.00",Urban,Married,$96.00,39,84,0,1,Personal Auto,Personal L3,4,Agent,$270.52,Four-Door Car,Medsize
UV43859,Oregon,11934.26,No,Basic,High School or Below,2011-01-22,Employed,F,"$63,851.00",Suburban,Married,$155.00,14,62,4,4,Personal Auto,Personal L3,2,Web,"$1,074.78",SUV,Medsize
UV48189,California,11442.71,No,Basic,Bachelor,2011-01-22,Employed,M,"$38,044.00",Suburban,Married,$147.00,43,55,0,3,Personal Auto,Personal L2,3,Call Center,$706.32,SUV,Medsize
QD36118,Oregon,6984.21,No,Basic,College,2011-01-22,Unemployed,F,$0.00,Suburban,Married,$93.00,41,93,0,9,Personal Auto,Personal L2,1,Call Center,$447.12,Four-Door Car,Medsize
US78266,California,9441.68,No,Basic,High School or Below,2011-01-22,Unemployed,F,$0.00,Suburban,Single,$88.00,39,47,2,2,Corporate Auto,Corporate L2,1,Call Center,$631.80,Four-Door Car,Medsize
NU84299,Arizona,3853.05,No,Basic,High School or Below,2011-01-22,Employed,M,"$96,020.00",Urban,Married,$96.00,15,97,0,1,Personal Auto,Personal L1,4,Branch,$438.40,Four-Door Car,Medsize
KH19280,Arizona,8793.38,No,Extended,College,2011-01-22,Employed,F,"$67,550.00",Urban,Married,$109.00,32,123,0,6,Special Auto,Special L2,1,Call Center,$409.57,Four-Door Car,Medsize
XO94933,California,5324.71,No,Basic,Bachelor,2011-01-22,Employed,F,"$44,931.00",Rural,Married,$135.00,32,89,1,1,Personal Auto,Personal L3,2,Agent,$280.14,SUV,Small
NS92256,Oregon,32100.05,No,Extended,Master,2011-01-22,Employed,F,"$44,593.00",Rural,Married,$116.00,45,104,1,2,Personal Auto,Personal L3,2,Branch,$117.56,Two-Door Car,Medsize
GP56044,Washington,37044.82,No,Extended,High School or Below,2011-01-22,Employed,M,"$1,13,813.00",Suburban,Married,$185.00,22,50,0,2,Personal Auto,Personal L3,2,Agent,"$1,165.61",SUV,Large
TX35617,California,6028.57,No,Basic,Bachelor,2011-01-22,Employed,F,"$68,727.00",Urban,Married,$151.00,15,53,0,1,Personal Auto,Personal L3,2,Branch,$457.72,SUV,Medsize
SR74929,Oregon,12771.24,No,Extended,High School or Below,2011-01-22,Unemployed,F,$0.00,Suburban,Single,$180.00,31,43,0,6,Personal Auto,Personal L1,1,Call Center,"$1,948.66",SUV,Medsize
GN93462,California,8769.87,No,Extended,Bachelor,2011-01-22,Employed,M,"$1,20,535.00",Rural,Married,$109.00,34,4,0,3,Personal Auto,Personal L3,2,Call Center,$147.19,Four-Door Car,Medsize
EA40332,Oregon,20783.08,No,Premium,Bachelor,2011-01-22,Employed,M,"$48,360.00",Suburban,Divorced,$266.00,34,107,0,7,Personal Auto,Personal L2,2,Agent,"$1,896.57",SUV,Medsize
IL91509,Oregon,17855.4,No,Basic,Bachelor,2011-01-22,Unemployed,F,$0.00,Suburban,Single,$257.00,3,105,1,4,Special Auto,Special L3,1,Call Center,"$1,887.33",Luxury Car,Medsize
JW70372,Arizona,9617.67,No,Extended,Doctor,2011-01-22,Employed,F,"$82,665.00",Rural,Married,$120.00,36,68,2,7,Personal Auto,Personal L2,2,Branch,$244.74,Four-Door Car,Medsize
YR76491,Oregon,20388.01,No,Extended,College,2011-01-22,Unemployed,F,$0.00,Rural,Married,$185.00,14,124,0,2,Personal Auto,Personal L2,2,Branch,$44.52,SUV,Medsize
ZQ51896,Oregon,28565.06,No,Basic,College,2011-01-22,Unemployed,M,$0.00,Suburban,Single,$146.00,20,23,0,2,Special Auto,Special L1,4,Web,"$1,049.76",SUV,Large
SI58884,California,5380.18,No,Basic,College,2011-01-22,Retired,M,"$23,247.00",Suburban,Married,$142.00,14,32,0,1,Personal Auto,Personal L3,2,Web,$680.40,SUV,Large
NH85248,Arizona,9305.78,No,Basic,College,2011-01-22,Unemployed,M,$0.00,Suburban,Single,$92.00,11,97,0,2,Corporate Auto,Corporate L1,1,Agent,$440.64,Two-Door Car,Medsize
MU96709,California,11634.7,No,Basic,High School or Below,2011-01-22,Employed,F,"$62,612.00",Suburban,Single,$97.00,15,77,0,2,Corporate Auto,Corporate L3,3,Call Center,$466.56,Four-Door Car,Large
HW93117,California,11028.6,No,Basic,Bachelor,2011-01-22,Unemployed,F,$0.00,Suburban,Single,$157.00,14,134,0,3,Corporate Auto,Corporate L3,1,Branch,"$1,127.52",Sports Car,Medsize
BR39076,California,10305.66,No,Basic,High School or Below,2011-01-22,Unemployed,F,$0.00,Suburban,Divorced,$90.00,9,5,0,2,Personal Auto,Personal L3,2,Agent,$601.70,Four-Door Car,Medsize
HC52114,California,5865.74,No,Basic,Bachelor,2011-01-22,Unemployed,F,$0.00,Suburban,Single,$85.00,28,36,0,4,Corporate Auto,Corporate L1,3,Branch,$624.56,Four-Door Car,Small
QK23524,Oregon,6951.56,No,Extended,Bachelor,2011-01-22,Employed,F,"$36,284.00",Suburban,Married,$177.00,7,3,0,1,Personal Auto,Personal L2,4,Agent,$848.88,SUV,Small
ZQ92997,Nevada,8659.01,No,Extended,High School or Below,2011-01-22,Unemployed,M,$0.00,Suburban,Single,$120.00,0,16,0,5,Personal Auto,Personal L3,1,Call Center,$865.08,Four-Door Car,Medsize
WW31823,Oregon,25906.93,No,Basic,High School or Below,2011-01-22,Employed,F,"$52,696.00",Suburban,Married,$92.00,14,74,0,2,Personal Auto,Personal L1,1,Agent,$629.70,Four-Door Car,Small
KJ41153,Oregon,11195.05,No,Basic,College,2011-01-22,Employed,M,"$1,07,503.00",Urban,Divorced,$143.00,9,97,1,3,Personal Auto,Personal L3,2,Branch,$464.47,SUV,Medsize
FG21322,Oregon,10688.11,No,Basic,Bachelor,2011-01-22,Unemployed,F,$0.00,Suburban,Single,$97.00,0,131,0,2,Personal Auto,Personal L1,2,Web,$466.56,Four-Door Car,Medsize
JG66653,Oregon,3426.2,No,Basic,High School or Below,2011-01-22,Employed,M,"$34,433.00",Suburban,Married,$88.00,14,22,0,1,Personal Auto,Personal L3,3,Branch,$421.20,Two-Door Car,Medsize
GL44478,Oregon,13481.99,No,Extended,High School or Below,2011-01-22,Disabled,M,"$32,490.00",Suburban,Single,$178.00,16,3,0,6,Corporate Auto,Corporate L3,2,Branch,$855.36,Sports Car,Medsize
IQ40799,Washington,8543.04,No,Basic,Bachelor,2011-01-22,Unemployed,M,$0.00,Suburban,Single,$135.00,23,28,2,4,Personal Auto,Personal L2,1,Branch,$875.29,SUV,Small
LZ10377,California,9182.79,No,Extended,High School or Below,2011-01-22,Employed,M,"$64,059.00",Suburban,Married,$117.00,0,42,1,6,Personal Auto,Personal L3,2,Agent,$563.76,Four-Door Car,Medsize
DK26322,Washington,16634.48,No,Basic,High School or Below,2011-01-22,Medical Leave,M,"$36,297.00",Suburban,Single,$153.00,43,90,0,2,Special Auto,Special L3,1,Web,$732.24,SUV,Small
UF91715,Nevada,10347.49,No,Premium,High School or Below,2011-01-22,Unemployed,M,$0.00,Suburban,Single,$144.00,19,122,0,3,Personal Auto,Personal L3,1,Agent,"$1,040.04",Four-Door Car,Medsize
RF58958,California,15693.51,No,Premium,High School or Below,2011-01-22,Unemployed,M,$0.00,Suburban,Single,$153.00,43,89,0,2,Personal Auto,Personal L3,1,Agent,"$1,098.36",Four-Door Car,Medsize
OQ43721,Oregon,3575.44,No,Basic,High School or Below,2011-01-22,Disabled,F,"$35,829.00",Suburban,Married,$93.00,20,5,0,1,Personal Auto,Personal L2,2,Branch,$510.88,Four-Door Car,Medsize
NX84287,California,14663.05,No,Extended,Master,2011-01-22,Employed,F,"$88,731.00",Urban,Married,$181.00,19,20,0,6,Corporate Auto,Corporate L2,1,Agent,$491.39,SUV,Medsize
XN90444,California,11070.36,No,Basic,Doctor,2011-01-22,Employed,M,"$33,499.00",Suburban,Single,$93.00,42,65,0,2,Special Auto,Special L1,2,Call Center,$447.12,Two-Door Car,Medsize
HK16676,Oregon,3662.32,No,Basic,High School or Below,2011-01-22,Employed,M,"$53,484.00",Suburban,Married,$92.00,0,74,0,1,Corporate Auto,Corporate L3,1,Agent,$440.64,Four-Door Car,Small
FE46445,Arizona,9403.32,No,Extended,High School or Below,2011-01-22,Employed,F,"$34,305.00",Urban,Married,$116.00,11,99,0,8,Personal Auto,Personal L1,2,Branch,$327.79,Four-Door Car,Medsize
XF33416,Oregon,11734.58,No,Premium,College,2011-01-22,Employed,F,"$43,181.00",Suburban,Divorced,$150.00,18,112,0,6,Personal Auto,Personal L2,1,Branch,$719.28,Four-Door Car,Small
EY83434,Washington,29739.35,No,Extended,High School or Below,2011-01-22,Unemployed,M,$0.00,Suburban,Married,$163.00,36,78,0,2,Personal Auto,Personal L3,2,Branch,$784.08,SUV,Large
BW43011,California,5176.18,No,Basic,High School or Below,2011-01-22,Unemployed,M,$0.00,Suburban,Single,$151.00,18,18,0,1,Personal Auto,Personal L2,1,Agent,"$1,088.64",SUV,Medsize
KF62288,Oregon,8463.33,No,Extended,High School or Below,2011-01-22,Unemployed,F,$0.00,Suburban,Single,$120.00,34,53,1,7,Special Auto,Special L2,1,Call Center,"$1,272.07",Two-Door Car,Large
KJ52520,Arizona,11018.4,No,Basic,High School or Below,2011-01-22,Employed,F,"$61,115.00",Rural,Single,$95.00,15,85,0,2,Personal Auto,Personal L3,4,Call Center,$62.17,Two-Door Car,Medsize
GB71156,California,12361.04,No,Premium,College,2011-01-22,Employed,M,"$80,492.00",Suburban,Divorced,$158.00,31,59,0,3,Corporate Auto,Corporate L3,3,Branch,$786.76,Four-Door Car,Small
IO64256,Oregon,3694.88,No,Basic,High School or Below,2011-01-22,Employed,F,"$1,06,500.00",Rural,Married,$92.00,0,113,0,1,Corporate Auto,Corporate L3,4,Branch,$69.96,Two-Door Car,Medsize
RU58277,California,20905.84,No,Basic,Master,2011-01-22,Employed,F,"$97,235.00",Urban,Married,$258.00,30,97,0,6,Corporate Auto,Corporate L2,4,Web,$749.15,Luxury SUV,Small
KX47545,Oregon,10842.8,No,Basic,High School or Below,2011-01-22,Employed,M,"$54,111.00",Suburban,Divorced,$93.00,8,24,0,2,Personal Auto,Personal L2,4,Agent,$447.12,Four-Door Car,Small
OG36837,Arizona,10325.15,No,Extended,Doctor,2011-01-22,Employed,F,"$1,22,946.00",Urban,Married,$127.00,28,34,2,3,Personal Auto,Personal L1,2,Call Center,$543.70,Four-Door Car,Medsize
GY64553,California,6260,No,Premium,Bachelor,2011-01-22,Employed,M,"$1,30,973.00",Urban,Married,$155.00,45,81,1,1,Personal Auto,Personal L2,3,Agent,$721.01,Two-Door Car,Medsize
GP22382,Oregon,6558.46,No,Extended,College,2011-01-22,Employed,F,"$29,275.00",Suburban,Single,$171.00,0,95,0,1,Corporate Auto,Corporate L3,2,Web,$822.96,Sports Car,Large
No73257,Nevada,3971.47,No,Basic,Bachelor,2011-01-22,Employed,F,"$86,982.00",Rural,Divorced,$100.00,26,66,0,1,Personal Auto,Personal L2,2,Branch,$65.05,Four-Door Car,Medsize
CE11308,Washington,4826.31,No,Extended,College,2011-01-22,Employed,M,"$40,829.00",Urban,Married,$124.00,15,97,0,1,Personal Auto,Personal L2,4,Call Center,$517.20,Four-Door Car,Medsize
FW16824,Oregon,6423.56,No,Basic,High School or Below,2011-01-22,Employed,M,"$98,287.00",Suburban,Married,$84.00,18,46,4,3,Corporate Auto,Corporate L3,2,Branch,$493.38,Four-Door Car,Medsize
LD53393,California,10013.5,No,Basic,Bachelor,2011-01-22,Employed,M,"$91,063.00",Suburban,Married,$250.00,4,96,0,1,Personal Auto,Personal L1,2,Agent,"$1,798.20",Luxury Car,Large
BG74433,Oregon,3516.54,No,Basic,Bachelor,2011-01-22,Unemployed,F,$0.00,Suburban,Single,$100.00,26,68,0,1,Corporate Auto,Corporate L1,2,Call Center,$719.28,Four-Door Car,Medsize
CP74755,Oregon,3842.33,No,Basic,College,2011-01-22,Employed,F,"$52,909.00",Suburban,Divorced,$96.00,9,15,0,1,Corporate Auto,Corporate L3,3,Branch,$476.27,Four-Door Car,Medsize
JN55850,California,9498.28,No,Extended,Doctor,2011-01-22,Employed,M,"$1,04,267.00",Urban,Married,$117.00,3,92,0,5,Personal Auto,Personal L3,2,Branch,$418.72,Two-Door Car,Medsize
LB29621,Oregon,12547.64,No,Extended,Bachelor,2011-01-22,Employed,F,"$28,850.00",Rural,Married,$104.00,1,47,0,2,Corporate Auto,Corporate L3,2,Call Center,$141.99,Four-Door Car,Medsize
OO97388,Oregon,3855.18,No,Basic,Master,2011-01-22,Employed,F,"$1,34,476.00",Suburban,Married,$95.00,19,27,0,1,Personal Auto,Personal L1,2,Agent,$453.60,Two-Door Car,Small
LL92275,California,6788.8,No,Basic,College,2011-01-22,Unemployed,F,$0.00,Urban,Married,$90.00,28,81,0,5,Personal Auto,Personal L3,4,Web,$291.87,Four-Door Car,Medsize
XU97999,California,13631.22,No,Basic,High School or Below,2011-01-22,Employed,M,"$93,146.00",Urban,Married,$85.00,4,35,0,2,Personal Auto,Personal L2,2,Agent,$279.35,Four-Door Car,Large
QS23134,Arizona,16881.07,No,Premium,College,2011-01-22,Employed,M,"$45,557.00",Suburban,Married,$143.00,39,31,0,2,Personal Auto,Personal L2,2,Call Center,$686.88,Two-Door Car,Medsize
RN96985,Oregon,33860.94,No,Basic,High School or Below,2011-01-22,Unemployed,F,$0.00,Suburban,Single,$135.00,36,78,0,2,Personal Auto,Personal L3,1,Branch,"$1,351.15",SUV,Medsize
EB34435,Arizona,4044.79,No,Extended,High School or Below,2011-01-22,Unemployed,M,$0.00,Suburban,Single,$111.00,12,28,0,1,Corporate Auto,Corporate L3,2,Call Center,$797.04,Four-Door Car,Large
IE29890,Oregon,11963,No,Basic,High School or Below,2011-01-22,Employed,F,"$78,948.00",Suburban,Divorced,$153.00,8,47,1,5,Personal Auto,Personal L3,2,Branch,$732.24,SUV,Medsize
VM89271,Arizona,5190.17,No,Extended,High School or Below,2011-01-22,Employed,M,"$35,454.00",Suburban,Married,$131.00,8,80,0,1,Personal Auto,Personal L2,4,Call Center,$628.56,Four-Door Car,Small
DO48835,Oregon,18196.38,No,Basic,High School or Below,2011-01-22,Unemployed,M,$0.00,Suburban,Single,$267.00,45,74,1,3,Corporate Auto,Corporate L2,1,Call Center,"$1,924.56",Luxury SUV,Medsize
HJ37943,California,18000.07,No,Premium,Bachelor,2011-01-22,Employed,F,"$1,02,106.00",Urban,Married,$149.00,18,70,0,2,Personal Auto,Personal L3,1,Agent,$584.29,Two-Door Car,Medsize
CH50584,Oregon,43840.94,No,Basic,High School or Below,2011-01-22,Employed,M,"$96,456.00",Suburban,Divorced,$138.00,23,9,0,2,Personal Auto,Personal L3,4,Call Center,$991.44,SUV,Small
BD42101,California,33791.71,No,Basic,Bachelor,2011-01-22,Unemployed,M,$0.00,Suburban,Divorced,$149.00,1,72,1,2,Corporate Auto,Corporate L2,1,Branch,$712.80,SUV,Medsize
PB41497,Oregon,3870.15,No,Basic,High School or Below,2011-01-22,Employed,M,"$1,10,380.00",Suburban,Married,$97.00,30,16,1,1,Personal Auto,Personal L3,2,Branch,$699.84,Two-Door Car,Small
EO95783,Arizona,36131.17,No,Basic,High School or Below,2011-01-22,Employed,M,"$1,13,640.00",Rural,Divorced,$100.00,46,108,0,2,Personal Auto,Personal L3,2,Call Center,$16.99,Two-Door Car,Medsize
UT88283,Arizona,3746.36,No,Basic,College,2011-01-22,Disabled,F,"$39,219.00",Rural,Married,$99.00,42,107,0,1,Personal Auto,Personal L3,1,Agent,$206.82,Two-Door Car,Medsize
CR56473,Nevada,7090.89,No,Basic,High School or Below,2011-01-22,Unemployed,M,$0.00,Suburban,Single,$100.00,43,84,0,3,Corporate Auto,Corporate L3,1,Agent,$719.28,Four-Door Car,Medsize
RJ80405,Arizona,7423.19,No,Basic,Bachelor,2011-01-22,Employed,M,"$44,808.00",Suburban,Married,$95.00,12,108,0,9,Personal Auto,Personal L1,3,Branch,$598.78,Four-Door Car,Medsize
VE80757,Oregon,5815.08,No,Basic,Bachelor,2011-01-22,Unemployed,M,$0.00,Suburban,Single,$84.00,36,19,0,3,Personal Auto,Personal L1,3,Branch,$586.26,Two-Door Car,Medsize
PX66705,California,11146.97,No,Basic,High School or Below,2011-01-22,Employed,F,"$27,097.00",Suburban,Married,$95.00,35,46,0,2,Personal Auto,Personal L3,2,Agent,$658.55,Four-Door Car,Medsize
UC35517,Oregon,25018.75,No,Basic,College,2011-01-22,Unemployed,M,$0.00,Suburban,Single,$95.00,1,41,0,2,Corporate Auto,Corporate L3,4,Branch,$680.40,Four-Door Car,Small
VN30344,California,7307.14,No,Extended,College,2011-01-22,Unemployed,M,$0.00,Suburban,Single,$108.00,11,59,0,3,Personal Auto,Personal L3,2,Agent,$777.60,Four-Door Car,Small
SX20211,Oregon,10948.91,No,Premium,College,2011-01-22,Employed,M,"$70,940.00",Suburban,Married,$136.00,14,1,0,5,Personal Auto,Personal L3,2,Call Center,$793.13,Four-Door Car,Medsize
ZB85648,California,40922.97,No,Extended,College,2011-01-22,Employed,F,"$90,608.00",Urban,Single,$115.00,14,51,0,2,Personal Auto,Personal L3,4,Web,$444.72,Two-Door Car,Medsize
TO18404,California,14111.9,No,Extended,Bachelor,2011-01-22,Employed,F,"$99,365.00",Urban,Divorced,$119.00,16,101,0,2,Corporate Auto,Corporate L3,2,Agent,$537.56,Two-Door Car,Medsize
YC63458,California,7956.05,No,Basic,Bachelor,2011-01-22,Employed,F,"$1,16,772.00",Rural,Married,$100.00,18,18,1,5,Personal Auto,Personal L2,3,Agent,$11.52,Two-Door Car,Medsize
BC85847,California,9277.26,No,Basic,Bachelor,2011-01-22,Unemployed,F,$0.00,Suburban,Single,$86.00,0,97,0,2,Corporate Auto,Corporate L1,1,Call Center,$789.83,Four-Door Car,Small
TG37259,California,4554.72,No,Extended,Master,2011-01-22,Employed,M,"$39,135.00",Suburban,Married,$115.00,16,9,0,1,Personal Auto,Personal L2,2,Call Center,$550.80,Four-Door Car,Medsize
NA56063,California,58075.67,No,Extended,College,2011-01-22,Unemployed,M,$0.00,Suburban,Married,$178.00,32,66,0,2,Corporate Auto,Corporate L3,3,Branch,"$1,220.91",SUV,Large
PE51299,California,14555.18,No,Basic,High School or Below,2011-01-22,Employed,M,"$98,585.00",Suburban,Married,$90.00,39,109,0,2,Personal Auto,Personal L1,2,Branch,$434.16,Four-Door Car,Small
WB37082,Arizona,8928.86,No,Basic,Bachelor,2011-01-23,Unemployed,F,$0.00,Suburban,Single,$85.00,28,38,0,2,Personal Auto,Personal L3,3,Branch,$913.13,Four-Door Car,Large
RC62865,Oregon,4748.47,No,Extended,College,2011-01-23,Employed,M,"$69,949.00",Rural,Single,$124.00,38,120,0,1,Personal Auto,Personal L2,3,Agent,$76.01,Four-Door Car,Medsize
HH90090,California,5503.46,No,Basic,Bachelor,2011-01-23,Employed,F,"$39,891.00",Suburban,Divorced,$140.00,23,69,0,1,Personal Auto,Personal L2,2,Call Center,$959.09,Sports Car,Small
BC62782,Arizona,18327.16,No,Basic,College,2011-01-23,Employed,F,"$65,521.00",Suburban,Married,$155.00,39,107,1,2,Personal Auto,Personal L3,4,Call Center,$745.20,SUV,Small
GV45403,Arizona,10472.12,No,Premium,Bachelor,2011-01-23,Unemployed,M,$0.00,Suburban,Divorced,$150.00,43,18,0,3,Corporate Auto,Corporate L2,1,Branch,$820.05,Two-Door Car,Medsize
VC34764,California,9475.89,Yes,Basic,College,2011-01-23,Retired,M,"$36,188.00",Suburban,Married,$85.00,43,26,0,2,Personal Auto,Personal L2,1,Agent,$408.24,Four-Door Car,Medsize
OS39723,Oregon,7560.67,No,Basic,Doctor,2011-01-23,Employed,F,"$92,698.00",Suburban,Married,$93.00,45,90,0,7,Personal Auto,Personal L3,3,Call Center,$447.12,Two-Door Car,Small
MS59005,Nevada,7982.96,No,Extended,Bachelor,2011-01-23,Employed,M,"$58,963.00",Suburban,Single,$103.00,26,9,0,3,Personal Auto,Personal L3,1,Agent,$492.48,Four-Door Car,Medsize
OL97871,Oregon,10101.36,No,Extended,Bachelor,2011-01-23,Employed,F,"$66,139.00",Urban,Married,$127.00,41,0,1,7,Personal Auto,Personal L2,1,Agent,$575.20,Four-Door Car,Medsize
AP23850,Washington,23991.59,No,Premium,High School or Below,2011-01-23,Unemployed,F,$0.00,Suburban,Married,$154.00,41,1,0,2,Personal Auto,Personal L2,3,Branch,$738.72,Two-Door Car,Medsize
NC58480,Nevada,6531.58,No,Basic,Bachelor,2011-01-23,Employed,F,"$99,588.00",Urban,Married,$82.00,32,128,2,3,Personal Auto,Personal L3,4,Web,$323.38,Four-Door Car,Medsize
TE13577,Oregon,3131.64,No,Basic,College,2011-01-23,Unemployed,F,$0.00,Suburban,Single,$86.00,42,72,0,1,Personal Auto,Personal L1,3,Branch,$854.17,Four-Door Car,Medsize
OB69153,California,3485.95,No,Basic,Bachelor,2011-01-23,Employed,M,"$91,900.00",Rural,Married,$88.00,16,84,0,1,Personal Auto,Personal L1,4,Branch,$37.78,Four-Door Car,Medsize
QJ40732,Arizona,6588.46,No,Basic,College,2011-01-23,Employed,M,"$1,32,278.00",Suburban,Married,$82.00,1,49,1,5,Personal Auto,Personal L2,2,Agent,$550.06,Four-Door Car,Small
AM97901,Nevada,31031.31,No,Premium,College,2011-01-23,Employed,F,"$1,14,522.00",Suburban,Single,$259.00,18,50,0,2,Special Auto,Special L1,1,Branch,"$1,804.86",Sports Car,Medsize
TX28465,Nevada,7028.26,No,Basic,College,2011-01-23,Employed,M,"$71,049.00",Rural,Married,$88.00,41,30,0,6,Personal Auto,Personal L3,1,Branch,$184.52,Four-Door Car,Medsize
ZR20842,Arizona,6903.73,No,Extended,College,2011-01-23,Employed,M,"$1,27,460.00",Urban,Married,$171.00,8,72,1,1,Personal Auto,Personal L1,1,Branch,$665.24,Sports Car,Medsize
BW46202,Oregon,8093.8,No,Extended,Bachelor,2011-01-23,Medical Leave,F,"$38,885.00",Rural,Married,$105.00,8,113,0,3,Personal Auto,Personal L3,1,Web,$102.63,Two-Door Car,Large
XO42145,Oregon,5310.65,Yes,Basic,High School or Below,2011-01-23,Employed,M,"$35,001.00",Suburban,Single,$139.00,8,27,0,1,Personal Auto,Personal L1,2,Web,$911.21,SUV,Medsize
EG56026,Nevada,4421.47,No,Extended,High School or Below,2011-01-23,Employed,F,"$93,505.00",Suburban,Married,$109.00,11,16,2,1,Personal Auto,Personal L3,3,Agent,$668.04,Two-Door Car,Medsize
DF94525,Oregon,6561.84,No,Basic,College,2011-01-23,Medical Leave,M,"$34,903.00",Suburban,Single,$92.00,32,50,0,9,Personal Auto,Personal L3,1,Branch,$534.98,Four-Door Car,Medsize
HQ82089,Arizona,16039.3,No,Premium,High School or Below,2011-01-23,Unemployed,F,$0.00,Suburban,Single,$154.00,39,130,0,2,Personal Auto,Personal L3,1,Branch,"$1,108.08",Four-Door Car,Medsize
WJ44028,California,13284.11,No,Extended,Master,2011-01-23,Employed,M,"$1,27,697.00",Suburban,Married,$109.00,35,42,0,2,Personal Auto,Personal L3,2,Web,$524.88,Two-Door Car,Medsize
RP30093,Oregon,66448.93,No,Premium,Bachelor,2011-01-23,Employed,F,"$85,097.00",Suburban,Married,$207.00,27,131,0,2,Personal Auto,Personal L3,1,Agent,$991.44,SUV,Medsize
PY10605,Arizona,6254.69,No,Basic,Bachelor,2011-01-23,Unemployed,M,$0.00,Suburban,Single,$95.00,0,116,0,3,Personal Auto,Personal L2,1,Agent,$453.60,Two-Door Car,Medsize
OB88698,Oregon,7383.88,No,Basic,High School or Below,2011-01-23,Employed,M,"$90,584.00",Rural,Married,$93.00,15,32,0,6,Personal Auto,Personal L3,4,Branch,$31.04,Two-Door Car,Medsize
QB58745,California,3763.18,No,Basic,High School or Below,2011-01-23,Employed,M,"$47,151.00",Urban,Married,$95.00,7,3,0,1,Personal Auto,Personal L2,4,Web,$327.36,Two-Door Car,Large
CI24326,Oregon,4847.94,No,Extended,Bachelor,2011-01-23,Unemployed,M,$0.00,Suburban,Married,$130.00,7,47,0,1,Personal Auto,Personal L3,4,Web,$622.08,Four-Door Car,Medsize
SG20925,Washington,7000.83,No,Basic,Master,2011-01-23,Employed,F,"$1,34,228.00",Rural,Married,$86.00,22,34,1,5,Personal Auto,Personal L3,1,Call Center,$64.86,Four-Door Car,Medsize
MQ32284,California,16514.25,No,Basic,College,2011-01-23,Employed,F,"$47,430.00",Suburban,Married,$138.00,3,42,0,2,Personal Auto,Personal L3,1,Agent,$935.50,SUV,Medsize
SW93780,Arizona,3238.3,No,Basic,Master,2011-01-23,Retired,M,"$32,646.00",Suburban,Divorced,$89.00,16,43,0,1,Personal Auto,Personal L3,4,Web,$427.68,Four-Door Car,Large
WC83942,Oregon,28195.5,No,Extended,Bachelor,2011-01-23,Medical Leave,M,"$21,753.00",Suburban,Married,$109.00,36,26,0,2,Corporate Auto,Corporate L2,2,Web,$668.10,Four-Door Car,Small
NV91476,California,12934.73,No,Premium,College,2011-01-23,Employed,F,"$1,02,068.00",Suburban,Married,$161.00,8,131,0,7,Personal Auto,Personal L3,1,Web,$771.12,Four-Door Car,Medsize
OO11531,Nevada,3429.74,No,Basic,Master,2011-01-23,Employed,F,"$50,119.00",Urban,Married,$85.00,39,105,0,1,Personal Auto,Personal L2,2,Agent,$392.73,Four-Door Car,Large
IC70693,California,21692.27,No,Basic,Bachelor,2011-01-23,Employed,F,"$94,689.00",Suburban,Married,$269.00,34,20,0,7,Corporate Auto,Corporate L3,2,Web,"$1,289.52",Luxury Car,Medsize
WC28543,Arizona,3238.89,No,Basic,Bachelor,2011-01-23,Disabled,M,"$28,339.00",Suburban,Married,$86.00,28,99,0,1,Personal Auto,Personal L3,2,Call Center,$414.72,Two-Door Car,Medsize
YB42706,Nevada,10944.81,No,Extended,College,2011-01-23,Unemployed,M,$0.00,Suburban,Married,$103.00,0,123,0,2,Corporate Auto,Corporate L1,3,Branch,$492.48,Two-Door Car,Small
PR23514,California,10346.7,No,Basic,College,2011-01-23,Employed,M,"$81,248.00",Rural,Divorced,$269.00,9,59,1,1,Personal Auto,Personal L3,2,Web,$218.18,Luxury SUV,Medsize
KN27565,Oregon,10313.55,No,Basic,Master,2011-01-23,Employed,M,"$46,001.00",Rural,Single,$265.00,11,117,0,1,Special Auto,Special L2,3,Agent,$610.06,Luxury SUV,Small
OI98135,Washington,5310.65,Yes,Basic,High School or Below,2011-01-23,Employed,M,"$35,001.00",Suburban,Single,$139.00,8,27,0,1,Personal Auto,Personal L3,2,Web,$911.21,SUV,Medsize
FR82361,Arizona,14145,No,Extended,Doctor,2011-01-23,Employed,M,"$82,926.00",Suburban,Single,$119.00,32,16,0,2,Personal Auto,Personal L3,1,Branch,$570.24,Four-Door Car,Large
TY87896,California,16032.46,No,Basic,High School or Below,2011-01-23,Unemployed,M,$0.00,Suburban,Married,$146.00,31,74,0,2,Personal Auto,Personal L2,2,Branch,$699.84,SUV,Medsize
CM66204,Arizona,36140.1,No,Basic,College,2011-01-23,Employed,F,"$35,552.00",Urban,Married,$153.00,43,9,1,2,Personal Auto,Personal L2,1,Call Center,$480.35,SUV,Large
BA26944,Nevada,10248,No,Basic,Bachelor,2011-01-23,Unemployed,M,$0.00,Suburban,Married,$142.00,0,22,0,4,Corporate Auto,Corporate L3,2,Agent,$680.40,SUV,Small
QM39493,California,4724.98,No,Extended,High School or Below,2011-01-23,Disabled,M,"$22,560.00",Suburban,Married,$123.00,39,68,1,1,Personal Auto,Personal L3,1,Call Center,$783.84,Four-Door Car,Medsize
LG53863,Oregon,5051.12,No,Basic,High School or Below,2011-01-23,Disabled,F,"$17,676.00",Suburban,Divorced,$135.00,41,99,0,1,Personal Auto,Personal L2,1,Agent,$694.58,SUV,Medsize
ME99882,Arizona,12484.19,No,Premium,Bachelor,2011-01-23,Employed,M,"$1,15,633.00",Urban,Married,$157.00,7,74,0,4,Personal Auto,Personal L3,2,Call Center,$467.46,Two-Door Car,Large
RM83767,Washington,8060.84,No,Extended,College,2011-01-23,Employed,M,"$86,411.00",Urban,Single,$115.00,12,89,5,5,Personal Auto,Personal L3,3,Agent,$503.41,Four-Door Car,Medsize
NB40107,Arizona,3638.86,No,Extended,High School or Below,2011-01-23,Unemployed,M,$0.00,Suburban,Single,$103.00,45,113,0,1,Corporate Auto,Corporate L1,1,Web,$738.72,Four-Door Car,Small
HC60268,Oregon,11267.13,No,Premium,College,2011-01-23,Employed,M,"$54,142.00",Suburban,Divorced,$140.00,28,35,0,3,Personal Auto,Personal L2,1,Web,"$1,185.86",Four-Door Car,Medsize
WY17333,California,6388.5,No,Basic,High School or Below,2011-01-23,Employed,M,"$74,770.00",Suburban,Single,$82.00,9,30,0,3,Personal Auto,Personal L3,1,Branch,$395.28,Four-Door Car,Medsize
OX21474,California,3642.78,No,Basic,High School or Below,2011-01-23,Employed,M,"$1,19,970.00",Suburban,Single,$93.00,8,3,1,1,Personal Auto,Personal L1,3,Web,$447.12,Four-Door Car,Medsize
SM36624,Arizona,9523.95,No,Extended,High School or Below,2011-01-23,Unemployed,M,$0.00,Suburban,Single,$279.00,43,130,0,1,Personal Auto,Personal L3,2,Call Center,"$2,012.04",Luxury SUV,Medsize
JH36501,Arizona,3385.64,No,Basic,Doctor,2011-01-23,Employed,M,"$1,31,859.00",Urban,Single,$85.00,28,66,0,1,Personal Auto,Personal L3,4,Agent,$241.33,Four-Door Car,Medsize
KN57002,Arizona,12171.49,No,Extended,Bachelor,2011-01-23,Unemployed,M,$0.00,Suburban,Single,$176.00,43,51,0,4,Corporate Auto,Corporate L2,1,Agent,"$1,263.60",SUV,Small
JR45097,Oregon,17252.86,No,Basic,College,2011-01-23,Unemployed,M,$0.00,Suburban,Single,$248.00,0,127,0,9,Personal Auto,Personal L3,2,Agent,"$1,883.05",Luxury SUV,Medsize
PU34934,Arizona,14032.39,No,Extended,College,2011-01-23,Employed,F,"$30,511.00",Suburban,Married,$119.00,1,55,0,2,Personal Auto,Personal L3,3,Branch,$855.36,Four-Door Car,Medsize
FI77477,Washington,5710.4,No,Extended,College,2011-01-23,Unemployed,M,$0.00,Suburban,Single,$170.00,20,61,0,1,Personal Auto,Personal L1,4,Agent,"$1,224.72",SUV,Small
ZV36800,Oregon,5719.74,No,Basic,Bachelor,2011-01-23,Disabled,M,"$19,543.00",Suburban,Married,$153.00,15,0,0,1,Corporate Auto,Corporate L3,3,Branch,$732.24,Sports Car,Medsize
XB32430,California,7718.95,No,Basic,Bachelor,2011-01-23,Employed,M,"$92,262.00",Rural,Married,$97.00,45,53,0,5,Personal Auto,Personal L2,4,Branch,$200.80,Four-Door Car,Medsize
RT37588,Arizona,15144.9,No,Extended,High School or Below,2011-01-23,Employed,F,"$93,512.00",Rural,Married,$126.00,42,27,0,2,Personal Auto,Personal L1,2,Agent,$25.88,Two-Door Car,Medsize
LF75926,Arizona,6064.08,No,Basic,College,2011-01-23,Unemployed,M,$0.00,Suburban,Married,$85.00,22,7,0,5,Personal Auto,Personal L3,2,Agent,$408.24,Four-Door Car,Medsize
SR71068,Washington,5310.65,Yes,Basic,High School or Below,2011-01-23,Employed,M,"$35,001.00",Suburban,Single,$139.00,8,27,0,1,Personal Auto,Personal L3,2,Web,$911.21,SUV,Medsize
LO57469,Oregon,10618,No,Extended,High School or Below,2011-01-23,Employed,F,"$1,01,912.00",Rural,Married,$131.00,45,27,0,7,Corporate Auto,Corporate L3,2,Agent,$58.16,Four-Door Car,Medsize
WG33213,California,3790.91,No,Basic,Bachelor,2011-01-23,Employed,F,"$74,257.00",Suburban,Divorced,$95.00,42,53,1,1,Personal Auto,Personal L2,4,Call Center,$453.60,Four-Door Car,Medsize
DP97298,California,13108.89,No,Extended,High School or Below,2011-01-23,Employed,M,"$44,807.00",Rural,Single,$166.00,1,128,0,4,Personal Auto,Personal L2,1,Call Center,$55.28,Sports Car,Medsize
PR13091,Oregon,12428.68,No,Basic,College,2011-01-23,Employed,F,"$74,982.00",Urban,Single,$158.00,1,103,0,5,Personal Auto,Personal L3,1,Web,$419.38,Sports Car,Medsize
SP41790,California,14341.6,No,Extended,Bachelor,2011-01-23,Unemployed,M,$0.00,Suburban,Married,$130.00,15,22,0,2,Personal Auto,Personal L3,2,Agent,$622.08,Four-Door Car,Small
SD61306,Arizona,7042.83,No,Basic,High School or Below,2011-01-23,Employed,M,"$82,162.00",Rural,Married,$89.00,11,111,0,4,Personal Auto,Personal L3,4,Agent,$88.32,Four-Door Car,Small
KX80728,Washington,8319.2,No,Extended,High School or Below,2011-01-23,Unemployed,M,$0.00,Suburban,Single,$120.00,5,32,0,4,Personal Auto,Personal L2,1,Agent,"$1,270.82",Four-Door Car,Medsize
GO44613,Nevada,32482.5,No,Basic,High School or Below,2011-01-23,Medical Leave,F,"$25,877.00",Suburban,Married,$143.00,16,73,1,2,Personal Auto,Personal L1,1,Branch,$686.88,SUV,Medsize
NL44360,Oregon,3525.05,No,Basic,Bachelor,2011-01-23,Retired,F,"$18,122.00",Suburban,Divorced,$96.00,41,105,0,1,Personal Auto,Personal L3,3,Call Center,$460.08,Four-Door Car,Medsize
VS73599,Arizona,9475.89,Yes,Basic,College,2011-01-23,Retired,M,"$36,188.00",Suburban,Married,$85.00,43,26,0,2,Personal Auto,Personal L2,1,Agent,$408.24,Four-Door Car,Medsize
PR74307,California,3502.7,No,Basic,High School or Below,2011-01-23,Unemployed,M,$0.00,Suburban,Married,$95.00,23,63,1,1,Corporate Auto,Corporate L2,2,Agent,$667.17,Four-Door Car,Medsize
TF35512,Oregon,9484.63,No,Extended,College,2011-01-23,Employed,F,"$64,958.00",Suburban,Married,$119.00,5,69,0,3,Corporate Auto,Corporate L3,3,Agent,$570.24,Four-Door Car,Medsize
GZ77449,California,19493.73,No,Basic,College,2011-01-23,Employed,M,"$78,910.00",Suburban,Single,$251.00,9,18,0,5,Corporate Auto,Corporate L3,4,Branch,"$1,205.28",Luxury Car,Medsize
YO81676,Oregon,2892.9,No,Basic,Bachelor,2011-01-23,Unemployed,M,$0.00,Suburban,Single,$88.00,4,96,0,1,Corporate Auto,Corporate L1,4,Web,$927.15,Two-Door Car,Medsize
JP27787,Oregon,7660.08,No,Basic,College,2011-01-23,Employed,F,"$88,796.00",Rural,Divorced,$97.00,22,132,0,4,Personal Auto,Personal L2,2,Agent,$231.43,Four-Door Car,Medsize
RV75918,California,10542.85,No,Extended,College,2011-01-23,Employed,F,"$93,367.00",Urban,Married,$131.00,26,96,0,8,Personal Auto,Personal L3,3,Agent,$460.93,Four-Door Car,Medsize
GB70718,Arizona,3230.6,No,Basic,High School or Below,2011-01-23,Medical Leave,F,"$38,672.00",Suburban,Married,$82.00,15,68,0,1,Personal Auto,Personal L1,2,Web,$479.29,Four-Door Car,Small
JQ68425,California,17441.21,No,Basic,College,2011-01-23,Employed,M,"$78,619.00",Rural,Married,$146.00,30,124,0,2,Corporate Auto,Corporate L2,1,Agent,$90.79,SUV,Small
TN56613,Arizona,7233.66,No,Extended,Bachelor,2011-01-23,Employed,F,"$1,13,091.00",Urban,Married,$180.00,35,24,0,1,Personal Auto,Personal L3,4,Web,$651.14,Sports Car,Medsize
GF35623,California,7946.93,No,Extended,High School or Below,2011-01-23,Unemployed,F,$0.00,Suburban,Single,$109.00,28,50,0,4,Personal Auto,Personal L2,1,Branch,$787.32,Four-Door Car,Small
FG18525,Nevada,2867.63,No,Basic,Bachelor,2011-01-23,Unemployed,M,$0.00,Rural,Married,$82.00,23,19,1,1,Personal Auto,Personal L3,4,Web,$81.81,Two-Door Car,Medsize
LC42182,Nevada,41097.43,No,Premium,High School or Below,2011-01-23,Employed,F,"$86,833.00",Rural,Divorced,$342.00,5,101,0,2,Personal Auto,Personal L3,1,Agent,$570.29,Luxury SUV,Medsize
QD69852,Oregon,3931.52,No,Extended,Bachelor,2011-01-23,Unemployed,M,$0.00,Suburban,Single,$119.00,39,109,0,1,Personal Auto,Personal L1,3,Agent,$855.36,Four-Door Car,Medsize
LQ20969,California,8356.49,No,Extended,Bachelor,2011-01-23,Employed,M,"$80,356.00",Urban,Married,$105.00,0,84,1,8,Personal Auto,Personal L1,1,Branch,$464.12,Four-Door Car,Large
IP84574,Oregon,11060.67,No,Basic,College,2011-01-23,Employed,F,"$74,034.00",Suburban,Single,$97.00,24,80,3,2,Corporate Auto,Corporate L3,1,Branch,$632.78,Four-Door Car,Small
WI58274,Oregon,11121.92,No,Basic,College,2011-01-23,Employed,F,"$92,152.00",Rural,Married,$138.00,15,109,0,4,Personal Auto,Personal L1,2,Agent,$113.53,Sports Car,Medsize
IN78205,Arizona,11244.2,No,Basic,College,2011-01-23,Unemployed,F,$0.00,Suburban,Single,$159.00,24,12,0,3,Personal Auto,Personal L1,1,Agent,"$1,146.96",SUV,Medsize
MN19541,Arizona,2692.95,No,Basic,College,2011-01-23,Unemployed,M,$0.00,Suburban,Single,$82.00,24,130,0,1,Personal Auto,Personal L1,2,Web,$530.84,Four-Door Car,Medsize
EC51047,California,12035.48,No,Extended,Bachelor,2011-01-23,Employed,F,"$43,188.00",Suburban,Single,$109.00,20,30,3,2,Personal Auto,Personal L2,2,Agent,$740.23,Four-Door Car,Small
RA34556,California,6585.24,No,Basic,High School or Below,2011-01-23,Disabled,M,"$27,240.00",Suburban,Divorced,$93.00,35,70,2,6,Corporate Auto,Corporate L3,1,Branch,$447.12,Four-Door Car,Medsize
NB87421,Arizona,11198.21,No,Premium,High School or Below,2011-01-23,Employed,M,"$1,05,555.00",Rural,Married,$139.00,14,14,0,5,Corporate Auto,Corporate L3,3,Agent,$133.84,Four-Door Car,Medsize
SH36838,Arizona,6957.79,No,Basic,High School or Below,2011-01-23,Unemployed,M,$0.00,Suburban,Single,$100.00,30,68,0,3,Personal Auto,Personal L3,1,Branch,$719.28,Four-Door Car,Medsize
GO27855,Oregon,9292.95,No,Extended,College,2011-01-23,Employed,F,"$87,210.00",Rural,Married,$116.00,30,41,0,3,Personal Auto,Personal L3,2,Web,$227.19,Four-Door Car,Small
AN80983,Oregon,7044.76,No,Basic,College,2011-01-23,Employed,M,"$1,15,723.00",Suburban,Married,$88.00,16,61,0,5,Corporate Auto,Corporate L2,4,Web,$421.20,Four-Door Car,Medsize
JW16295,California,14413.4,No,Extended,High School or Below,2011-01-23,Employed,F,"$74,939.00",Suburban,Divorced,$120.00,1,3,0,2,Personal Auto,Personal L2,1,Web,$576.72,Two-Door Car,Medsize
HP68848,Arizona,12373.72,No,Premium,High School or Below,2011-01-23,Employed,F,"$72,619.00",Suburban,Married,$155.00,1,11,1,8,Corporate Auto,Corporate L3,1,Call Center,$745.20,Four-Door Car,Small
WP10197,Nevada,5310.65,Yes,Basic,High School or Below,2011-01-23,Employed,M,"$35,001.00",Suburban,Single,$139.00,8,27,0,1,Personal Auto,Personal L3,2,Web,$911.21,SUV,Medsize
DA84476,Oregon,9475.89,Yes,Basic,College,2011-01-23,Retired,M,"$36,188.00",Suburban,Married,$85.00,43,26,0,2,Corporate Auto,Corporate L3,1,Agent,$408.24,Four-Door Car,Medsize
WU95334,California,9475.89,Yes,Basic,College,2011-01-23,Retired,M,"$36,188.00",Suburban,Married,$85.00,43,26,0,2,Personal Auto,Personal L3,1,Agent,$408.24,Four-Door Car,Medsize
FG15154,California,9774.89,No,Extended,Bachelor,2011-01-23,Employed,M,"$44,304.00",Suburban,Married,$126.00,23,53,0,8,Personal Auto,Personal L1,2,Call Center,$602.64,Four-Door Car,Medsize
BP69529,Arizona,13386.47,No,Extended,Bachelor,2011-01-23,Employed,M,"$41,315.00",Suburban,Divorced,$177.00,47,103,2,3,Corporate Auto,Corporate L3,2,Agent,"$1,328.63",SUV,Medsize
JV44724,Arizona,13845.33,No,Basic,Bachelor,2011-01-23,Unemployed,M,$0.00,Suburban,Single,$138.00,23,104,0,2,Personal Auto,Personal L3,1,Agent,$991.44,Sports Car,Medsize
LY30169,California,4536.36,No,Extended,High School or Below,2011-01-23,Employed,M,"$1,01,542.00",Rural,Married,$113.00,31,53,1,1,Corporate Auto,Corporate L3,4,Agent,$88.83,Four-Door Car,Medsize
GR76453,Oregon,6672.88,No,Basic,High School or Below,2011-01-23,Employed,M,"$1,10,826.00",Urban,Divorced,$84.00,23,4,0,3,Personal Auto,Personal L2,2,Branch,$360.36,Four-Door Car,Medsize
JM98365,Nevada,7779.34,No,Basic,Doctor,2011-01-23,Employed,M,"$89,311.00",Suburban,Married,$97.00,15,89,0,6,Personal Auto,Personal L2,2,Web,$466.56,Four-Door Car,Medsize
MV97958,Arizona,3887.5,No,Basic,Bachelor,2011-01-23,Employed,F,"$54,709.00",Rural,Married,$99.00,4,36,0,1,Personal Auto,Personal L3,2,Branch,$167.12,Four-Door Car,Medsize
VK94891,Nevada,2816.92,No,Basic,High School or Below,2011-01-23,Unemployed,M,$0.00,Suburban,Single,$84.00,35,41,0,1,Personal Auto,Personal L3,2,Web,$602.64,Two-Door Car,Medsize
CM94209,Oregon,4167.08,No,Extended,High School or Below,2011-01-23,Employed,F,"$1,24,398.00",Urban,Married,$104.00,34,36,2,1,Personal Auto,Personal L2,1,Agent,$375.95,Four-Door Car,Medsize
UQ40371,Nevada,4526.47,No,Extended,Master,2011-01-23,Employed,F,"$74,735.00",Urban,Married,$112.00,38,99,0,1,Special Auto,Special L3,4,Branch,$409.50,Four-Door Car,Large
SN63066,Nevada,9658.03,No,Basic,Bachelor,2011-01-23,Employed,F,"$38,075.00",Urban,Married,$246.00,41,113,0,1,Personal Auto,Personal L2,2,Branch,$718.32,Luxury Car,Medsize
HS74723,Arizona,23546.21,No,Extended,College,2011-01-23,Employed,F,"$1,09,308.00",Suburban,Married,$293.00,1,108,0,3,Personal Auto,Personal L3,4,Web,"$1,406.16",Luxury SUV,Small
BS91742,Washington,24800.27,No,Extended,College,2011-01-23,Employed,M,"$67,040.00",Suburban,Divorced,$316.00,42,20,0,9,Personal Auto,Personal L3,3,Web,"$2,274.48",Luxury Car,Large
ZN18884,California,8724,No,Basic,Bachelor,2011-01-23,Unemployed,M,$0.00,Suburban,Single,$88.00,23,55,0,2,Corporate Auto,Corporate L2,4,Call Center,$421.20,Four-Door Car,Medsize
UI64573,Oregon,4684.74,No,Extended,High School or Below,2011-01-23,Employed,F,"$1,28,095.00",Rural,Married,$116.00,24,14,3,1,Personal Auto,Personal L1,2,Web,$230.22,Four-Door Car,Medsize
JM59803,California,7753.59,No,Basic,Doctor,2011-01-23,Employed,M,"$83,398.00",Urban,Divorced,$99.00,12,82,3,6,Personal Auto,Personal L2,3,Agent,$463.43,Two-Door Car,Medsize
LO90163,Nevada,40609.85,No,Basic,Bachelor,2011-01-23,Employed,F,"$33,245.00",Rural,Married,$146.00,26,4,0,2,Personal Auto,Personal L3,1,Call Center,$305.06,SUV,Medsize
FP10040,Oregon,11607.55,No,Basic,High School or Below,2011-01-23,Employed,M,"$51,453.00",Urban,Married,$99.00,5,46,0,2,Personal Auto,Personal L1,3,Agent,$274.91,Four-Door Car,Large
UH89141,Oregon,44927.69,No,Basic,High School or Below,2011-01-23,Employed,F,"$79,826.00",Urban,Married,$158.00,28,9,0,2,Corporate Auto,Corporate L3,4,Call Center,$589.32,Sports Car,Medsize
NZ73268,California,6327.19,No,Premium,Bachelor,2011-01-23,Employed,M,"$44,072.00",Urban,Married,$161.00,34,113,0,1,Corporate Auto,Corporate L3,3,Agent,$627.75,Four-Door Car,Medsize
PN68458,California,10186.49,No,Basic,High School or Below,2011-01-23,Unemployed,F,$0.00,Suburban,Married,$143.00,26,90,1,3,Corporate Auto,Corporate L3,3,Agent,$852.00,SUV,Medsize
AI74959,California,5310.65,Yes,Basic,High School or Below,2011-01-23,Employed,M,"$35,001.00",Suburban,Single,$139.00,8,27,0,1,Personal Auto,Personal L3,2,Web,$911.21,SUV,Medsize
WK29536,Oregon,10502.44,No,Basic,Bachelor,2011-01-23,Employed,F,"$1,22,808.00",Urban,Single,$88.00,9,30,0,2,Personal Auto,Personal L2,1,Agent,$257.51,Four-Door Car,Medsize
HX63408,Arizona,6510.29,No,Basic,Bachelor,2011-01-23,Employed,M,"$99,588.00",Rural,Divorced,$82.00,32,113,0,6,Corporate Auto,Corporate L1,1,Branch,$164.23,Four-Door Car,Medsize
VA89684,Nevada,3281.15,No,Basic,College,2011-01-23,Employed,F,"$45,596.00",Suburban,Married,$82.00,32,128,0,1,Personal Auto,Personal L2,1,Agent,$395.28,Two-Door Car,Medsize
JB47784,Oregon,7472.01,No,Basic,Doctor,2011-01-23,Employed,F,"$1,10,626.00",Rural,Single,$92.00,26,61,0,9,Personal Auto,Personal L1,1,Call Center,$64.06,Four-Door Car,Small
AX56708,California,6472.55,No,Basic,High School or Below,2011-01-23,Retired,M,"$28,164.00",Suburban,Divorced,$92.00,1,93,0,9,Personal Auto,Personal L3,1,Agent,$440.64,Four-Door Car,Small
JI80257,Nevada,12393.21,No,Basic,College,2011-01-23,Employed,F,"$64,345.00",Rural,Divorced,$154.00,47,32,0,8,Personal Auto,Personal L3,1,Branch,$140.00,Sports Car,Medsize
WD38315,California,6102.46,No,Basic,College,2011-01-23,Unemployed,M,$0.00,Suburban,Single,$82.00,9,1,0,4,Personal Auto,Personal L3,1,Agent,$410.61,Four-Door Car,Medsize
GX38439,California,6034.74,No,Extended,College,2011-01-23,Unemployed,F,$0.00,Suburban,Single,$174.00,3,97,0,1,Personal Auto,Personal L2,4,Web,"$1,253.88",SUV,Medsize
FF65294,Oregon,13969.82,No,Extended,High School or Below,2011-01-23,Employed,M,"$46,229.00",Suburban,Married,$117.00,19,46,2,2,Personal Auto,Personal L3,1,Branch,$563.76,Four-Door Car,Medsize
AH97088,Nevada,10534.73,No,Extended,High School or Below,2011-01-23,Employed,M,"$1,13,963.00",Rural,Divorced,$132.00,7,43,0,7,Personal Auto,Personal L2,4,Agent,$188.62,Two-Door Car,Medsize
KK26955,Washington,3495.73,No,Basic,High School or Below,2011-01-23,Employed,F,"$67,061.00",Suburban,Married,$88.00,14,73,0,1,Personal Auto,Personal L2,2,Agent,$421.20,Two-Door Car,Medsize
JA55700,California,5310.65,Yes,Basic,High School or Below,2011-01-23,Employed,M,"$35,001.00",Suburban,Single,$139.00,8,27,0,1,Personal Auto,Personal L3,2,Web,$911.21,SUV,Medsize
DK93464,Nevada,11571.5,No,Premium,Bachelor,2011-01-23,Employed,F,"$75,873.00",Urban,Married,$144.00,26,45,0,8,Personal Auto,Personal L1,2,Agent,$693.24,Two-Door Car,Medsize
OX62816,Washington,6975.93,No,Basic,Master,2011-01-23,Employed,M,"$41,008.00",Suburban,Single,$89.00,35,22,0,6,Personal Auto,Personal L1,1,Web,$427.68,Four-Door Car,Small
YP32443,Oregon,5902.46,No,Basic,Bachelor,2011-01-23,Medical Leave,M,"$27,478.00",Suburban,Married,$157.00,31,0,0,1,Personal Auto,Personal L1,3,Agent,$751.68,SUV,Medsize
HY36253,California,11461.88,No,Extended,Bachelor,2011-01-23,Disabled,M,"$38,714.00",Rural,Divorced,$105.00,4,41,0,2,Personal Auto,Personal L3,3,Agent,$177.55,Four-Door Car,Medsize
AE93522,Washington,9736.39,No,Basic,Bachelor,2011-01-23,Employed,M,"$1,02,453.00",Rural,Single,$82.00,1,7,0,2,Corporate Auto,Corporate L2,2,Branch,$82.74,Two-Door Car,Medsize
NL87371,Oregon,3287.58,No,Basic,Bachelor,2011-01-23,Unemployed,M,$0.00,Suburban,Divorced,$97.00,38,86,0,1,Personal Auto,Personal L3,4,Web,$466.56,Two-Door Car,Medsize
GT19025,Oregon,4909.36,No,Extended,Bachelor,2011-01-23,Medical Leave,F,"$34,299.00",Urban,Divorced,$132.00,3,119,0,1,Personal Auto,Personal L1,1,Branch,$383.72,Four-Door Car,Medsize
BY59578,California,4721.6,No,Extended,College,2011-01-23,Employed,M,"$85,305.00",Suburban,Married,$119.00,22,128,0,1,Personal Auto,Personal L3,1,Agent,$768.32,Four-Door Car,Medsize
WY12393,Washington,23874.28,No,Basic,High School or Below,2011-01-23,Employed,F,"$1,11,600.00",Suburban,Single,$86.00,7,88,1,2,Special Auto,Special L1,1,Branch,$414.72,Two-Door Car,Medsize
YQ24856,California,9239.2,No,Basic,Bachelor,2011-01-23,Unemployed,M,$0.00,Suburban,Single,$89.00,24,28,0,2,Corporate Auto,Corporate L2,2,Web,$645.99,Two-Door Car,Medsize
CF26207,California,9475.89,Yes,Basic,College,2011-01-23,Retired,M,"$36,188.00",Suburban,Married,$85.00,43,26,0,2,Personal Auto,Personal L2,1,Agent,$408.24,Four-Door Car,Medsize
ZZ69693,California,3306.93,No,Basic,High School or Below,2011-01-23,Unemployed,M,$0.00,Suburban,Single,$93.00,27,59,0,1,Corporate Auto,Corporate L3,3,Branch,$670.68,Four-Door Car,Large
YW95322,California,4737.02,No,Extended,Bachelor,2011-01-23,Employed,M,"$31,899.00",Suburban,Married,$119.00,20,109,0,1,Personal Auto,Personal L1,3,Agent,$855.36,Four-Door Car,Small
BC75105,California,3861.6,No,Extended,College,2011-01-23,Employed,M,"$61,542.00",Urban,Divorced,$109.00,11,66,5,1,Personal Auto,Personal L3,3,Agent,$513.80,Four-Door Car,Medsize
SE21603,California,3333.27,No,Basic,Bachelor,2011-01-23,Unemployed,M,$0.00,Suburban,Single,$96.00,14,27,0,1,Corporate Auto,Corporate L3,1,Branch,$654.59,Four-Door Car,Medsize
FH68849,California,17233.8,No,Basic,Bachelor,2011-01-23,Unemployed,F,$0.00,Suburban,Single,$158.00,18,63,0,2,Personal Auto,Personal L2,2,Web,"$1,137.24",SUV,Medsize
LJ20215,California,4638.13,No,Extended,High School or Below,2011-01-23,Unemployed,F,$0.00,Suburban,Single,$128.00,24,101,0,1,Corporate Auto,Corporate L3,1,Agent,$916.72,Four-Door Car,Medsize
UN77671,California,9895.76,No,Extended,College,2011-01-23,Employed,F,"$36,323.00",Rural,Married,$124.00,23,16,0,3,Personal Auto,Personal L3,3,Branch,$143.81,Two-Door Car,Medsize
ED82243,California,9475.89,Yes,Basic,College,2011-01-23,Retired,M,"$36,188.00",Suburban,Married,$85.00,43,26,0,2,Personal Auto,Personal L2,1,Agent,$408.24,Four-Door Car,Medsize
ON44465,California,7172.95,No,Extended,High School or Below,2011-01-24,Unemployed,F,$0.00,Suburban,Single,$104.00,11,14,1,9,Personal Auto,Personal L2,1,Agent,"$1,165.58",Four-Door Car,Medsize
KC11055,Nevada,22863.97,No,Extended,Bachelor,2011-01-24,Employed,F,"$53,205.00",Suburban,Married,$293.00,5,39,2,4,Personal Auto,Personal L3,3,Branch,"$1,515.59",Luxury Car,Medsize
FG16766,California,9231.21,No,Premium,Bachelor,2011-01-24,Employed,F,"$70,010.00",Suburban,Married,$231.00,0,28,0,1,Personal Auto,Personal L2,4,Branch,"$1,354.27",SUV,Medsize
ZH17561,Washington,6881.66,No,Extended,Bachelor,2011-01-24,Medical Leave,F,"$29,248.00",Suburban,Divorced,$184.00,0,34,0,1,Corporate Auto,Corporate L2,1,Branch,"$1,033.71",SUV,Medsize
DP84567,California,27292.02,No,Basic,High School or Below,2011-01-24,Unemployed,M,$0.00,Suburban,Married,$247.00,8,22,0,2,Personal Auto,Personal L1,3,Agent,"$1,185.84",Luxury SUV,Large
VH31965,Washington,7134.91,No,Basic,Bachelor,2011-01-24,Employed,M,"$55,057.00",Suburban,Married,$90.00,18,58,1,9,Personal Auto,Personal L1,1,Call Center,$434.16,Four-Door Car,Medsize
EY50028,Nevada,4440.89,No,Extended,Doctor,2011-01-24,Unemployed,M,$0.00,Urban,Married,$116.00,7,74,0,1,Corporate Auto,Corporate L3,2,Agent,$537.63,Two-Door Car,Medsize
RA93608,Oregon,24399.82,No,Extended,Bachelor,2011-01-24,Employed,M,"$87,237.00",Suburban,Married,$103.00,32,43,1,2,Personal Auto,Personal L2,1,Agent,$492.48,Two-Door Car,Small
UQ87917,Oregon,17471.34,No,Basic,High School or Below,2011-01-24,Employed,M,"$1,04,031.00",Urban,Married,$143.00,31,122,0,2,Personal Auto,Personal L2,1,Branch,$632.56,SUV,Medsize
IU47468,Oregon,8323.5,No,Extended,Bachelor,2011-01-24,Unemployed,F,$0.00,Suburban,Single,$119.00,16,73,0,6,Special Auto,Special L2,3,Web,$882.44,Two-Door Car,Small
KI56154,Nevada,12216.13,Yes,Basic,High School or Below,2011-01-24,Unemployed,M,$0.00,Suburban,Married,$161.00,12,11,0,3,Personal Auto,Personal L1,2,Web,$771.12,Sports Car,Medsize
RA68844,Oregon,12959.93,No,Extended,College,2011-01-24,Unemployed,M,$0.00,Suburban,Single,$177.00,8,70,0,6,Personal Auto,Personal L2,2,Web,"$1,273.32",SUV,Small
DG80424,Washington,3633.62,No,Basic,College,2011-01-24,Employed,F,"$1,04,505.00",Urban,Married,$90.00,41,85,0,1,Personal Auto,Personal L2,2,Agent,$348.17,Four-Door Car,Medsize
DL36983,Oregon,11468.47,No,Premium,High School or Below,2011-01-24,Employed,F,"$32,118.00",Suburban,Divorced,$149.00,15,96,3,7,Personal Auto,Personal L3,1,Agent,$830.62,Two-Door Car,Medsize
QD38160,Oregon,6036.9,No,Extended,College,2011-01-24,Unemployed,M,$0.00,Suburban,Single,$182.00,11,19,0,1,Personal Auto,Personal L3,1,Agent,"$1,312.20",SUV,Medsize
DK94262,Oregon,11484.62,No,Basic,High School or Below,2011-01-24,Employed,M,"$63,118.00",Suburban,Married,$143.00,7,95,1,9,Personal Auto,Personal L3,3,Web,$693.65,SUV,Medsize
QN10888,Oregon,10431.44,No,Basic,High School or Below,2011-01-24,Employed,F,"$1,18,287.00",Rural,Married,$86.00,4,20,0,2,Personal Auto,Personal L3,3,Call Center,$32.49,Four-Door Car,Medsize
ZJ73220,Arizona,17674.99,No,Basic,College,2011-01-24,Unemployed,F,$0.00,Suburban,Single,$254.00,47,111,0,7,Special Auto,Special L2,1,Call Center,"$1,827.36",Luxury Car,Medsize
WT22392,Oregon,10809.92,No,Basic,College,2011-01-24,Employed,F,"$88,389.00",Urban,Married,$90.00,5,19,0,2,Personal Auto,Personal L1,2,Call Center,$374.88,Four-Door Car,Medsize
FZ20933,Oregon,6589.28,No,Basic,High School or Below,2011-01-24,Employed,M,"$32,937.00",Suburban,Married,$85.00,19,107,1,3,Personal Auto,Personal L2,2,Agent,$408.24,Four-Door Car,Large
BQ12347,Arizona,7601.57,No,Basic,High School or Below,2011-01-24,Employed,M,"$98,380.00",Suburban,Married,$95.00,35,42,0,6,Special Auto,Special L3,3,Branch,$453.60,Four-Door Car,Small
PD32641,Oregon,7810.05,No,Basic,College,2011-01-24,Employed,M,"$42,282.00",Urban,Married,$97.00,41,128,0,5,Personal Auto,Personal L3,1,Branch,$396.72,Four-Door Car,Medsize
TA66375,Oregon,14862.33,Yes,Premium,Bachelor,2011-01-24,Employed,F,"$69,718.00",Suburban,Single,$382.00,22,58,0,1,Corporate Auto,Corporate L2,2,Agent,"$1,833.84",Luxury Car,Medsize
XV83643,California,6766.45,No,Extended,College,2011-01-24,Employed,M,"$28,318.00",Suburban,Married,$174.00,27,116,1,1,Personal Auto,Personal L3,1,Agent,$993.17,Sports Car,Large
NR18672,Nevada,3952.96,No,Basic,High School or Below,2011-01-24,Employed,M,"$85,221.00",Rural,Married,$100.00,47,23,1,1,Personal Auto,Personal L1,4,Agent,$235.29,Two-Door Car,Large
SX50964,Arizona,7052.84,No,Basic,Bachelor,2011-01-24,Employed,F,"$1,12,575.00",Urban,Married,$88.00,7,77,0,3,Corporate Auto,Corporate L2,2,Branch,$282.50,Two-Door Car,Small
EO40136,Arizona,3931.54,No,Basic,College,2011-01-24,Employed,F,"$1,26,094.00",Urban,Divorced,$99.00,24,43,0,1,Personal Auto,Personal L2,2,Web,$398.55,Four-Door Car,Small
VF32979,Washington,7830.23,No,Basic,Bachelor,2011-01-24,Employed,F,"$34,387.00",Suburban,Divorced,$99.00,7,116,0,9,Corporate Auto,Corporate L2,1,Branch,$473.04,Four-Door Car,Medsize
AR61426,California,12751.63,No,Extended,Bachelor,2011-01-24,Employed,F,"$1,25,882.00",Rural,Married,$105.00,42,32,0,2,Personal Auto,Personal L3,4,Branch,$56.20,Two-Door Car,Medsize
ZF40143,Nevada,11172.47,No,Premium,College,2011-01-24,Employed,F,"$65,066.00",Suburban,Single,$143.00,14,82,0,6,Personal Auto,Personal L2,2,Agent,$686.88,Four-Door Car,Medsize
IB81655,California,10388.42,No,Basic,Bachelor,2011-01-24,Employed,M,"$67,698.00",Suburban,Single,$136.00,5,50,0,3,Personal Auto,Personal L2,1,Branch,$654.48,SUV,Medsize
GP66031,California,3491.04,No,Basic,College,2011-01-24,Employed,F,"$1,13,073.00",Rural,Married,$86.00,36,46,0,1,Corporate Auto,Corporate L1,2,Agent,$143.90,Two-Door Car,Medsize
PM78410,Oregon,5563.69,No,Basic,Bachelor,2011-01-24,Unemployed,F,$0.00,Suburban,Single,$90.00,9,11,3,3,Personal Auto,Personal L3,1,Agent,$651.24,Two-Door Car,Medsize
MZ88454,Oregon,6445.91,No,Basic,Bachelor,2011-01-24,Unemployed,F,$0.00,Suburban,Single,$95.00,27,109,0,9,Personal Auto,Personal L1,1,Call Center,$453.60,Four-Door Car,Medsize
EP29567,Washington,9492.48,No,Extended,Master,2011-01-24,Retired,M,"$21,902.00",Suburban,Married,$126.00,18,74,0,9,Corporate Auto,Corporate L1,3,Web,$672.91,Four-Door Car,Medsize
GB43363,Oregon,9275.32,No,Premium,College,2011-01-24,Unemployed,M,$0.00,Suburban,Single,$142.00,7,117,0,3,Personal Auto,Personal L3,1,Branch,"$1,020.60",Four-Door Car,Small
NW41789,Oregon,3708.32,No,Extended,Bachelor,2011-01-24,Unemployed,M,$0.00,Suburban,Single,$113.00,34,59,0,1,Personal Auto,Personal L3,4,Call Center,$816.48,Four-Door Car,Medsize
MG46007,California,8583.64,No,Extended,High School or Below,2011-01-24,Unemployed,M,$0.00,Rural,Married,$127.00,26,132,2,4,Personal Auto,Personal L2,1,Agent,$24.22,Four-Door Car,Medsize
GK13851,Oregon,12457.22,No,Extended,College,2011-01-24,Unemployed,M,$0.00,Suburban,Single,$174.00,20,57,0,3,Personal Auto,Personal L1,3,Call Center,$835.92,SUV,Medsize
PQ46798,California,11205.96,No,Basic,College,2011-01-24,Disabled,F,"$22,996.00",Suburban,Single,$153.00,15,54,0,6,Personal Auto,Personal L1,2,Agent,$732.24,Sports Car,Medsize
QO59138,Arizona,3496.79,No,Basic,High School or Below,2011-01-24,Disabled,M,"$25,307.00",Suburban,Married,$92.00,28,126,0,1,Personal Auto,Personal L2,2,Branch,$440.64,Four-Door Car,Large
GT57081,Oregon,6631.23,No,Basic,Bachelor,2011-01-24,Unemployed,F,$0.00,Suburban,Single,$89.00,31,51,0,4,Personal Auto,Personal L2,1,Branch,$902.01,Four-Door Car,Medsize
QY81331,Arizona,11604.58,No,Basic,High School or Below,2011-01-24,Employed,F,"$1,27,227.00",Rural,Married,$96.00,47,9,1,2,Personal Auto,Personal L1,1,Agent,$55.66,Four-Door Car,Medsize
WF51811,Arizona,3671.33,Yes,Basic,College,2011-01-24,Retired,F,"$18,941.00",Suburban,Married,$97.00,15,4,0,1,Personal Auto,Personal L2,2,Branch,$466.56,Two-Door Car,Large
PG26401,Washington,12408.76,No,Basic,High School or Below,2011-01-24,Employed,M,"$1,04,764.00",Suburban,Married,$154.00,14,112,0,8,Personal Auto,Personal L1,2,Call Center,$738.72,SUV,Medsize
PA84292,Oregon,3310.69,No,Basic,Bachelor,2011-01-24,Unemployed,F,$0.00,Suburban,Single,$93.00,18,101,0,1,Personal Auto,Personal L3,1,Agent,$670.68,Four-Door Car,Medsize
XK39439,California,6425.55,No,Extended,College,2011-01-24,Unemployed,M,$0.00,Suburban,Single,$109.00,14,108,3,3,Personal Auto,Personal L3,1,Agent,$524.88,Four-Door Car,Medsize
CE16324,Nevada,9839.2,No,Extended,College,2011-01-24,Employed,F,"$80,209.00",Urban,Married,$123.00,31,28,0,3,Personal Auto,Personal L3,1,Call Center,$459.44,Two-Door Car,Medsize
QB82117,Oregon,12216.13,Yes,Basic,High School or Below,2011-01-24,Unemployed,M,$0.00,Suburban,Married,$161.00,12,11,0,3,Personal Auto,Personal L2,2,Web,$771.12,Sports Car,Medsize
GX29162,Arizona,17582.31,No,Premium,High School or Below,2011-01-24,Employed,F,"$87,730.00",Rural,Married,$146.00,31,127,0,2,Personal Auto,Personal L3,1,Web,$22.17,Two-Door Car,Small
HR48520,Oregon,5286.33,No,Basic,Bachelor,2011-01-24,Unemployed,M,$0.00,Suburban,Single,$147.00,3,116,0,1,Personal Auto,Personal L2,1,Call Center,"$1,059.48",SUV,Large
FW92569,Arizona,17915.78,No,Basic,College,2011-01-24,Employed,M,"$38,781.00",Urban,Married,$153.00,9,57,0,2,Corporate Auto,Corporate L1,4,Branch,$473.68,SUV,Medsize
SO38188,Oregon,7166.63,No,Extended,Bachelor,2011-01-24,Employed,M,"$54,240.00",Suburban,Married,$184.00,9,18,0,1,Special Auto,Special L2,1,Agent,$881.28,SUV,Medsize
EA63660,California,28292.77,No,Basic,College,2011-01-24,Unemployed,F,$0.00,Suburban,Single,$159.00,39,61,0,2,Personal Auto,Personal L3,1,Agent,$764.64,SUV,Medsize
GF97506,Nevada,12216.13,Yes,Basic,High School or Below,2011-01-24,Unemployed,M,$0.00,Suburban,Married,$161.00,12,11,0,3,Personal Auto,Personal L2,2,Web,$771.12,Sports Car,Medsize
LX24476,Oregon,4885.73,No,Extended,Bachelor,2011-01-24,Unemployed,F,$0.00,Urban,Married,$132.00,36,63,0,1,Personal Auto,Personal L3,2,Web,$419.64,Four-Door Car,Medsize
LS59637,Arizona,3671.33,Yes,Basic,College,2011-01-24,Retired,F,"$18,941.00",Suburban,Married,$97.00,15,4,0,1,Corporate Auto,Corporate L2,2,Branch,$466.56,Two-Door Car,Large
OK31456,California,14862.33,Yes,Premium,Bachelor,2011-01-24,Employed,F,"$69,718.00",Suburban,Single,$382.00,22,58,0,1,Corporate Auto,Corporate L3,2,Agent,"$1,833.84",Luxury Car,Medsize
EY75197,Arizona,7576.1,No,Premium,Bachelor,2011-01-24,Unemployed,F,$0.00,Suburban,Single,$213.00,7,80,0,1,Personal Auto,Personal L3,3,Agent,"$1,535.76",SUV,Medsize
AZ68072,Oregon,6141.6,No,Basic,Bachelor,2011-01-24,Medical Leave,F,"$31,928.00",Rural,Married,$82.00,7,14,2,3,Personal Auto,Personal L2,1,Agent,$19.03,Four-Door Car,Medsize
CS70768,California,9130.3,No,Basic,High School or Below,2011-01-24,Unemployed,F,$0.00,Suburban,Single,$86.00,36,1,0,2,Personal Auto,Personal L3,1,Branch,$622.08,Four-Door Car,Medsize
UM44109,Oregon,10676.41,No,Basic,College,2011-01-24,Employed,M,"$1,27,309.00",Rural,Married,$88.00,22,12,0,2,Personal Auto,Personal L3,2,Call Center,$202.08,Four-Door Car,Medsize
UA44429,California,3402.04,No,Basic,College,2011-01-24,Unemployed,F,$0.00,Suburban,Married,$92.00,4,70,0,1,Personal Auto,Personal L3,2,Branch,$440.64,Four-Door Car,Medsize
YC69616,Arizona,3671.33,Yes,Basic,College,2011-01-24,Retired,F,"$18,941.00",Suburban,Married,$97.00,15,4,0,1,Personal Auto,Personal L3,2,Branch,$466.56,Two-Door Car,Large
DF65548,California,11628.18,No,Premium,Master,2011-01-24,Employed,F,"$36,018.00",Suburban,Married,$143.00,15,66,0,5,Personal Auto,Personal L2,1,Agent,$686.88,Two-Door Car,Small
FE67098,Nevada,6272.62,No,Basic,College,2011-01-24,Employed,M,"$50,666.00",Suburban,Married,$158.00,35,78,0,1,Personal Auto,Personal L3,1,Call Center,$758.16,SUV,Small
WE68750,Oregon,7678.66,No,Basic,Bachelor,2011-01-24,Employed,M,"$1,34,658.00",Rural,Single,$97.00,38,117,0,5,Corporate Auto,Corporate L2,1,Call Center,$83.07,Two-Door Car,Medsize
JD71348,California,9840.55,No,Extended,College,2011-01-24,Employed,M,"$82,181.00",Urban,Married,$124.00,0,113,0,3,Personal Auto,Personal L3,1,Branch,$554.64,Four-Door Car,Medsize
NT38409,California,3444.27,No,Basic,College,2011-01-24,Employed,M,"$1,07,260.00",Urban,Single,$88.00,45,101,0,1,Corporate Auto,Corporate L2,2,Call Center,$253.37,Four-Door Car,Medsize
PI98333,Oregon,3176.79,No,Basic,Bachelor,2011-01-24,Unemployed,F,$0.00,Suburban,Single,$89.00,15,99,0,1,Personal Auto,Personal L3,1,Agent,$676.56,Four-Door Car,Medsize
GF12712,California,12905.11,No,Extended,High School or Below,2011-01-24,Employed,F,"$54,907.00",Suburban,Divorced,$163.00,38,134,0,3,Corporate Auto,Corporate L3,1,Call Center,$784.08,SUV,Medsize
AO42003,Oregon,22519.79,No,Basic,College,2011-01-24,Employed,F,"$75,474.00",Suburban,Married,$140.00,31,86,0,2,Corporate Auto,Corporate L1,1,Agent,$673.92,SUV,Large
FQ32742,Arizona,10197.81,No,Basic,Doctor,2011-01-24,Employed,M,"$51,311.00",Urban,Divorced,$92.00,16,54,4,2,Personal Auto,Personal L2,2,Agent,$434.42,Four-Door Car,Medsize
NL17964,Oregon,3484.38,No,Basic,High School or Below,2011-01-24,Employed,M,"$48,323.00",Suburban,Married,$88.00,34,72,0,1,Personal Auto,Personal L3,1,Agent,$421.20,Four-Door Car,Medsize
SC40169,Oregon,3671.33,Yes,Basic,College,2011-01-24,Retired,F,"$18,941.00",Suburban,Married,$97.00,15,4,0,1,Personal Auto,Personal L2,2,Branch,$466.56,Two-Door Car,Large
DU50092,Oregon,76512.52,No,Premium,College,2011-01-24,Employed,F,"$1,04,270.00",Suburban,Married,$382.00,45,126,0,2,Personal Auto,Personal L1,4,Web,"$1,833.84",Luxury SUV,Medsize
GO56075,Oregon,10246.01,No,Basic,High School or Below,2011-01-24,Unemployed,M,$0.00,Suburban,Married,$93.00,41,131,0,2,Personal Auto,Personal L3,1,Branch,$447.12,Four-Door Car,Small
FP65563,Washington,20591.91,No,Basic,High School or Below,2011-01-24,Employed,M,"$70,115.00",Urban,Married,$261.00,7,54,0,9,Personal Auto,Personal L3,4,Web,"$1,148.03",Luxury Car,Small
YL65673,California,25711.43,No,Basic,Bachelor,2011-01-24,Unemployed,F,$0.00,Suburban,Single,$82.00,3,82,0,2,Personal Auto,Personal L2,1,Agent,$592.92,Four-Door Car,Small
OQ20827,California,19174.11,No,Basic,College,2011-01-24,Employed,M,"$75,051.00",Urban,Married,$246.00,14,65,1,9,Corporate Auto,Corporate L2,4,Web,$914.81,Luxury Car,Medsize
HI98447,Oregon,14245.78,No,Extended,High School or Below,2011-01-24,Employed,M,"$38,482.00",Suburban,Married,$119.00,0,126,0,2,Personal Auto,Personal L2,4,Agent,$570.24,Four-Door Car,Large
DH68234,California,27673.42,No,Basic,Master,2011-01-24,Employed,M,"$75,695.00",Rural,Divorced,$100.00,7,99,0,2,Personal Auto,Personal L3,1,Branch,$118.79,Two-Door Car,Medsize
XI62151,Oregon,17951.81,No,Basic,College,2011-01-24,Employed,M,"$1,19,381.00",Suburban,Married,$89.00,9,23,1,2,Personal Auto,Personal L1,1,Agent,$427.68,Four-Door Car,Medsize
SL98898,Nevada,12216.13,Yes,Basic,High School or Below,2011-01-24,Unemployed,M,$0.00,Suburban,Married,$161.00,12,11,0,3,Personal Auto,Personal L1,2,Web,$771.12,Sports Car,Medsize
AK11719,California,3067.61,No,Basic,Master,2011-01-24,Unemployed,M,$0.00,Urban,Single,$86.00,47,80,0,1,Corporate Auto,Corporate L3,3,Agent,$386.27,Four-Door Car,Medsize
JV13438,Oregon,6627.19,No,Basic,High School or Below,2011-01-24,Employed,M,"$1,33,236.00",Suburban,Married,$82.00,9,77,0,3,Personal Auto,Personal L2,2,Agent,$395.28,Four-Door Car,Small
CW57351,Nevada,14394.56,No,Extended,College,2011-01-24,Employed,F,"$84,252.00",Urban,Divorced,$120.00,22,68,0,2,Personal Auto,Personal L2,2,Agent,$530.13,Four-Door Car,Small
XH47201,California,8420.63,No,Extended,High School or Below,2011-01-24,Unemployed,M,$0.00,Suburban,Married,$122.00,3,62,1,3,Personal Auto,Personal L3,4,Agent,$583.20,Two-Door Car,Medsize
LK40971,California,10059.51,No,Basic,Bachelor,2011-01-24,Unemployed,M,$0.00,Suburban,Single,$144.00,8,85,0,8,Personal Auto,Personal L3,1,Agent,"$1,040.04",SUV,Medsize
HD56196,Oregon,46021.55,No,Extended,Doctor,2011-01-24,Employed,F,"$69,984.00",Rural,Married,$127.00,14,101,0,2,Corporate Auto,Corporate L1,2,Agent,$45.56,Two-Door Car,Small
PY79113,California,3513.58,No,Basic,Master,2011-01-24,Employed,M,"$56,643.00",Urban,Married,$89.00,20,66,1,1,Corporate Auto,Corporate L3,4,Call Center,$279.20,Four-Door Car,Small
RX31862,California,8338.55,No,Extended,High School or Below,2011-01-24,Employed,M,"$66,864.00",Urban,Married,$105.00,5,105,0,3,Personal Auto,Personal L2,4,Agent,$316.88,Two-Door Car,Medsize
RA61917,Washington,10840.12,No,Basic,High School or Below,2011-01-24,Employed,F,"$1,02,709.00",Suburban,Single,$92.00,19,4,0,2,Personal Auto,Personal L2,2,Branch,$518.68,Four-Door Car,Medsize
ST65635,Arizona,3671.33,Yes,Basic,College,2011-01-24,Retired,F,"$18,941.00",Suburban,Married,$97.00,15,4,0,1,Corporate Auto,Corporate L3,2,Branch,$466.56,Two-Door Car,Large
QK37708,California,6094.23,No,Basic,Bachelor,2011-01-24,Employed,M,"$67,697.00",Suburban,Married,$157.00,8,59,1,1,Personal Auto,Personal L3,2,Branch,"$1,025.04",SUV,Medsize
ID21652,Washington,3886.34,No,Basic,Bachelor,2011-01-24,Employed,F,"$1,06,905.00",Rural,Married,$96.00,15,107,0,1,Personal Auto,Personal L2,2,Branch,$75.72,Two-Door Car,Medsize
AJ89108,California,14862.33,Yes,Premium,Bachelor,2011-01-24,Employed,F,"$69,718.00",Suburban,Single,$382.00,22,58,0,1,Personal Auto,Personal L3,2,Agent,"$1,833.84",Luxury Car,Medsize
TY31217,Washington,14862.33,Yes,Premium,Bachelor,2011-01-24,Employed,F,"$69,718.00",Suburban,Single,$382.00,22,58,0,1,Personal Auto,Personal L3,2,Agent,"$1,833.84",Luxury Car,Medsize
BC86800,California,4832.69,No,Extended,Bachelor,2011-01-24,Employed,F,"$1,14,207.00",Suburban,Married,$120.00,11,9,2,1,Personal Auto,Personal L3,4,Call Center,$863.01,Two-Door Car,Small
SD75391,California,3651.13,No,Basic,Master,2011-01-24,Retired,F,"$32,634.00",Urban,Married,$95.00,22,130,0,1,Personal Auto,Personal L2,3,Web,$244.98,Four-Door Car,Medsize
YX84828,Oregon,6857.77,No,Basic,Bachelor,2011-01-24,Unemployed,F,$0.00,Suburban,Married,$92.00,8,128,0,5,Personal Auto,Personal L3,2,Agent,$440.64,Two-Door Car,Small
PD22502,California,6479.49,No,Basic,Bachelor,2011-01-24,Unemployed,F,$0.00,Suburban,Married,$88.00,15,34,0,4,Personal Auto,Personal L3,1,Agent,$421.20,Two-Door Car,Small
WL69218,Oregon,23538.17,No,Basic,Bachelor,2011-01-24,Employed,F,"$73,042.00",Suburban,Married,$99.00,30,20,2,2,Personal Auto,Personal L3,2,Web,$473.04,Two-Door Car,Medsize
OZ47099,Arizona,3613.88,No,Basic,Master,2011-01-24,Unemployed,M,$0.00,Suburban,Married,$96.00,23,8,0,1,Corporate Auto,Corporate L3,4,Branch,$460.08,Four-Door Car,Medsize
CC88237,California,7097.28,No,Basic,High School or Below,2011-01-24,Employed,M,"$75,808.00",Suburban,Single,$90.00,8,35,0,4,Personal Auto,Personal L3,3,Web,$521.32,Two-Door Car,Small
AY59197,Nevada,12853.65,No,Extended,College,2011-01-24,Employed,M,"$37,488.00",Rural,Married,$163.00,32,105,0,6,Special Auto,Special L3,4,Agent,$166.26,SUV,Small
RR47424,California,29385.22,No,Premium,High School or Below,2011-01-24,Unemployed,F,$0.00,Suburban,Married,$392.00,15,24,0,5,Personal Auto,Personal L3,1,Call Center,"$2,093.31",Luxury Car,Medsize
EI58541,Washington,3671.33,Yes,Basic,College,2011-01-24,Retired,F,"$18,941.00",Suburban,Married,$97.00,15,4,0,1,Personal Auto,Personal L3,2,Branch,$466.56,Two-Door Car,Large
RN66346,California,19795.32,No,Basic,Master,2011-01-24,Employed,M,"$1,22,870.00",Rural,Divorced,$99.00,42,41,1,2,Personal Auto,Personal L3,3,Agent,$160.73,Two-Door Car,Medsize
VA63861,California,6706.18,No,Basic,College,2011-01-24,Employed,F,"$38,507.00",Suburban,Married,$84.00,35,61,0,9,Personal Auto,Personal L3,2,Web,$401.76,Four-Door Car,Medsize
YC53575,Oregon,11487.76,No,Extended,High School or Below,2011-01-24,Unemployed,M,$0.00,Suburban,Single,$111.00,20,27,0,2,Personal Auto,Personal L2,2,Branch,$797.04,Four-Door Car,Medsize
HH99354,Oregon,9761.85,No,Basic,Bachelor,2011-01-24,Employed,M,"$90,823.00",Urban,Married,$82.00,9,100,0,2,Personal Auto,Personal L2,2,Call Center,$245.44,Two-Door Car,Medsize
UI99151,Nevada,16232.06,No,Basic,High School or Below,2011-01-24,Medical Leave,M,"$38,987.00",Suburban,Married,$143.00,8,12,0,2,Personal Auto,Personal L3,2,Web,"$1,030.32",Sports Car,Medsize
NB30472,Arizona,55489.38,No,Premium,College,2011-01-24,Employed,F,"$41,641.00",Suburban,Married,$157.00,4,120,1,2,Personal Auto,Personal L2,1,Branch,$751.68,Four-Door Car,Medsize
II97469,California,9468.14,No,Extended,High School or Below,2011-01-24,Employed,M,"$1,24,344.00",Rural,Divorced,$119.00,9,51,0,5,Personal Auto,Personal L3,2,Agent,$22.10,Four-Door Car,Medsize
KG21285,Arizona,9665.74,No,Extended,College,2011-01-24,Employed,M,"$90,728.00",Rural,Divorced,$122.00,12,93,0,9,Personal Auto,Personal L1,1,Web,$102.99,Four-Door Car,Medsize
FE93959,California,10172.82,No,Basic,Doctor,2011-01-24,Employed,M,"$50,620.00",Suburban,Single,$88.00,1,49,0,2,Corporate Auto,Corporate L2,3,Agent,$421.20,Two-Door Car,Small
YJ16163,Oregon,14862.33,Yes,Premium,Bachelor,2011-01-24,Employed,F,"$69,718.00",Suburban,Single,$382.00,22,58,0,1,Special Auto,Special L3,2,Agent,"$1,833.84",Luxury Car,Medsize
BO81145,Arizona,10657.58,No,Basic,Bachelor,2011-01-24,Employed,M,"$29,326.00",Suburban,Single,$140.00,42,8,0,8,Personal Auto,Personal L2,2,Call Center,"$1,010.88",SUV,Medsize
ZL30083,Oregon,12216.13,Yes,Basic,High School or Below,2011-01-24,Unemployed,M,$0.00,Suburban,Married,$161.00,12,11,0,3,Personal Auto,Personal L1,2,Web,$771.12,Sports Car,Medsize
PP30874,California,4831.68,No,Extended,High School or Below,2011-01-24,Employed,F,"$38,210.00",Suburban,Married,$123.00,14,41,2,1,Personal Auto,Personal L2,2,Agent,$884.52,Four-Door Car,Medsize
CK24264,Arizona,8393.3,No,Extended,High School or Below,2011-01-24,Unemployed,M,$0.00,Rural,Married,$116.00,20,127,0,9,Personal Auto,Personal L3,3,Agent,$53.64,Four-Door Car,Medsize
IV97881,Nevada,6577.98,No,Extended,High School or Below,2011-01-24,Unemployed,M,$0.00,Suburban,Single,$182.00,43,45,0,1,Personal Auto,Personal L3,4,Call Center,$874.80,Sports Car,Medsize
UV49359,Nevada,9952.51,No,Basic,Bachelor,2011-01-24,Employed,F,"$1,00,352.00",Urban,Single,$252.00,4,5,0,1,Corporate Auto,Corporate L1,3,Agent,"$1,210.19",Luxury Car,Small
EO74797,Arizona,10584.87,No,Extended,Bachelor,2011-01-24,Unemployed,F,$0.00,Suburban,Single,$103.00,23,46,1,2,Personal Auto,Personal L2,2,Agent,$492.48,Four-Door Car,Large
FH77504,California,14862.33,Yes,Premium,Bachelor,2011-01-24,Employed,F,"$69,718.00",Suburban,Single,$382.00,22,58,0,1,Personal Auto,Personal L3,2,Agent,"$1,833.84",Luxury Car,Medsize
DJ87316,Oregon,13783.41,No,Extended,High School or Below,2011-01-24,Employed,M,"$59,044.00",Suburban,Married,$173.00,0,119,0,3,Personal Auto,Personal L1,1,Branch,$829.44,SUV,Medsize
WI86229,Oregon,10539.74,No,Extended,Master,2011-01-24,Employed,M,"$70,419.00",Urban,Divorced,$134.00,1,85,0,4,Personal Auto,Personal L2,1,Agent,$339.06,Two-Door Car,Large
BY62906,Arizona,37786.98,No,Basic,High School or Below,2011-01-24,Employed,M,"$31,011.00",Suburban,Married,$136.00,32,11,0,2,Personal Auto,Personal L3,2,Web,$758.73,SUV,Medsize
NG69817,California,10179.53,No,Basic,Bachelor,2011-01-24,Unemployed,F,$0.00,Suburban,Single,$92.00,32,57,0,2,Personal Auto,Personal L1,1,Branch,$701.67,Two-Door Car,Small
EW51866,Arizona,9119.35,No,Extended,College,2011-01-24,Employed,F,"$40,339.00",Rural,Married,$115.00,36,128,0,6,Personal Auto,Personal L2,1,Call Center,$24.19,Four-Door Car,Medsize
RZ51338,Arizona,9308.67,No,Basic,Bachelor,2011-01-24,Retired,M,"$39,139.00",Suburban,Divorced,$100.00,4,122,4,2,Personal Auto,Personal L3,2,Branch,$479.52,Four-Door Car,Medsize
PG67485,Nevada,12216.13,Yes,Basic,High School or Below,2011-01-24,Unemployed,M,$0.00,Suburban,Married,$161.00,12,11,0,3,Personal Auto,Personal L2,2,Web,$771.12,Sports Car,Medsize
OX62244,California,5885.65,No,Basic,Bachelor,2011-01-24,Unemployed,M,$0.00,Suburban,Single,$86.00,23,113,0,9,Personal Auto,Personal L1,1,Branch,$414.72,Four-Door Car,Medsize
SM62247,Nevada,33133.32,No,Extended,High School or Below,2011-01-24,Employed,F,"$92,201.00",Suburban,Single,$286.00,8,57,3,2,Corporate Auto,Corporate L3,2,Call Center,"$1,717.86",Luxury Car,Medsize
NE51159,Oregon,10100.46,No,Extended,College,2011-01-24,Employed,M,"$83,407.00",Suburban,Married,$127.00,23,27,0,6,Personal Auto,Personal L2,2,Branch,$888.47,Four-Door Car,Small
TW11115,California,3502.97,No,Basic,High School or Below,2011-01-24,Employed,F,"$40,586.00",Urban,Married,$88.00,27,31,0,1,Personal Auto,Personal L3,1,Agent,$400.75,Two-Door Car,Large
NA14154,California,6810.56,No,Basic,Bachelor,2011-01-24,Employed,M,"$80,044.00",Urban,Married,$86.00,19,124,0,4,Corporate Auto,Corporate L3,2,Call Center,$294.96,Two-Door Car,Medsize
IJ36435,California,7845.68,No,Extended,College,2011-01-24,Unemployed,F,$0.00,Urban,Married,$107.00,14,30,0,8,Personal Auto,Personal L2,3,Agent,$411.14,Four-Door Car,Medsize
XA27299,California,17296.79,No,Extended,Bachelor,2011-01-24,Unemployed,M,$0.00,Suburban,Single,$173.00,47,96,0,2,Personal Auto,Personal L2,2,Agent,"$1,066.20",SUV,Medsize
CO56168,California,5352.11,No,Basic,High School or Below,2011-01-24,Employed,M,"$84,561.00",Urban,Married,$135.00,27,84,0,1,Personal Auto,Personal L2,2,Agent,$596.68,SUV,Small
SV46904,California,9320.51,No,Extended,High School or Below,2011-01-24,Unemployed,F,$0.00,Suburban,Single,$132.00,35,42,0,4,Personal Auto,Personal L2,2,Agent,"$1,393.64",Four-Door Car,Medsize
ZI69514,California,6508.64,No,Basic,College,2011-01-24,Employed,M,"$85,578.00",Rural,Married,$86.00,38,65,4,3,Corporate Auto,Corporate L3,3,Agent,$161.44,Four-Door Car,Medsize
GH31245,California,17138.1,No,Basic,High School or Below,2011-01-24,Employed,F,"$98,920.00",Urban,Married,$142.00,8,122,0,2,Corporate Auto,Corporate L3,3,Branch,$383.69,SUV,Medsize
HO74982,California,7266.73,No,Basic,Bachelor,2011-01-24,Employed,F,"$1,01,099.00",Suburban,Married,$92.00,26,49,3,7,Personal Auto,Personal L3,3,Call Center,$453.51,Two-Door Car,Small
AH22694,California,7898.11,No,Basic,Doctor,2011-01-24,Employed,M,"$32,828.00",Suburban,Married,$99.00,3,47,1,3,Corporate Auto,Corporate L1,1,Call Center,$473.04,Four-Door Car,Medsize
GV76798,California,6455.46,No,Premium,Master,2011-01-24,Employed,F,"$40,987.00",Urban,Married,$161.00,38,65,1,1,Personal Auto,Personal L2,2,Branch,$503.94,Four-Door Car,Medsize
OC83172,Oregon,11146,Yes,Basic,Bachelor,2011-01-25,Employed,F,"$84,918.00",Rural,Married,$93.00,19,127,0,2,Personal Auto,Personal L3,2,Web,$215.17,Two-Door Car,Medsize
PF41800,California,6365.68,No,Basic,Bachelor,2011-01-25,Unemployed,M,$0.00,Urban,Married,$88.00,26,76,0,3,Personal Auto,Personal L3,1,Call Center,$416.00,Four-Door Car,Medsize
CM61827,Oregon,4171.55,No,Extended,Bachelor,2011-01-25,Unemployed,M,$0.00,Suburban,Single,$122.00,9,107,0,1,Personal Auto,Personal L2,3,Agent,$874.80,Two-Door Car,Small
HG65722,Oregon,17305.79,No,Premium,Doctor,2011-01-25,Disabled,F,"$13,642.00",Rural,Married,$232.00,7,5,3,3,Personal Auto,Personal L2,1,Branch,$0.70,SUV,Medsize
ET79815,California,8001.08,Yes,Extended,College,2011-01-25,Retired,M,"$31,173.00",Suburban,Married,$130.00,38,122,5,5,Personal Auto,Personal L1,1,Agent,$622.08,Four-Door Car,Medsize
XK31350,Oregon,9336.24,No,Extended,College,2011-01-25,Employed,F,"$1,30,424.00",Suburban,Married,$115.00,8,31,0,3,Corporate Auto,Corporate L1,4,Call Center,$702.49,Four-Door Car,Large
HR10526,California,10860.39,No,Basic,Master,2011-01-25,Employed,M,"$59,832.00",Suburban,Married,$90.00,18,107,0,2,Personal Auto,Personal L2,1,Call Center,$434.16,Four-Door Car,Medsize
EU27538,Oregon,24357.35,No,Extended,Master,2011-01-25,Employed,M,"$48,200.00",Rural,Married,$304.00,28,47,0,8,Personal Auto,Personal L3,1,Branch,$483.68,Luxury Car,Medsize
HD32044,Oregon,11189.01,No,Premium,Master,2011-01-25,Employed,F,"$45,652.00",Suburban,Divorced,$143.00,14,131,2,3,Corporate Auto,Corporate L3,1,Branch,$686.88,Four-Door Car,Medsize
LA13377,California,7438.36,No,Basic,Doctor,2011-01-25,Employed,M,"$1,06,487.00",Suburban,Married,$93.00,12,90,1,4,Personal Auto,Personal L3,4,Call Center,$629.87,Four-Door Car,Small
KF75098,Arizona,6925.15,No,Basic,Bachelor,2011-01-25,Employed,M,"$1,16,300.00",Suburban,Married,$88.00,26,69,2,4,Personal Auto,Personal L3,4,Agent,$421.20,Four-Door Car,Small
NW30838,Nevada,5227.5,No,Basic,High School or Below,2011-01-25,Unemployed,M,$0.00,Suburban,Single,$84.00,11,109,2,6,Corporate Auto,Corporate L3,1,Call Center,$680.14,Four-Door Car,Medsize
HX78576,California,7609.6,No,Basic,High School or Below,2011-01-25,Employed,F,"$33,097.00",Urban,Married,$96.00,15,31,0,8,Personal Auto,Personal L3,3,Call Center,$405.82,Four-Door Car,Medsize
GB45753,California,7343.74,No,Basic,High School or Below,2011-01-25,Employed,M,"$83,087.00",Rural,Married,$92.00,5,36,0,3,Corporate Auto,Corporate L2,4,Call Center,$39.43,Two-Door Car,Large
CH85444,Oregon,5596.71,No,Premium,College,2011-01-25,Disabled,M,"$35,023.00",Suburban,Married,$149.00,35,112,0,1,Corporate Auto,Corporate L2,1,Branch,"$1,440.90",Two-Door Car,Small
QK46697,Washington,8339.1,No,Extended,Bachelor,2011-01-25,Employed,M,"$82,404.00",Rural,Married,$107.00,16,32,1,4,Personal Auto,Personal L3,4,Agent,$27.52,Two-Door Car,Medsize
PZ89632,Oregon,6392.5,No,Extended,High School or Below,2011-01-25,Unemployed,F,$0.00,Suburban,Single,$181.00,30,92,0,1,Personal Auto,Personal L3,3,Agent,"$1,302.48",SUV,Medsize
KI18648,Arizona,10914.54,No,Basic,Bachelor,2011-01-25,Employed,F,"$81,894.00",Suburban,Divorced,$92.00,14,51,0,2,Special Auto,Special L1,2,Web,$440.64,Two-Door Car,Medsize
ZZ44902,Arizona,17135.11,No,Premium,High School or Below,2011-01-25,Employed,M,"$54,158.00",Suburban,Married,$146.00,8,74,0,2,Personal Auto,Personal L1,3,Agent,"$1,012.61",Two-Door Car,Small
MP47256,California,30589.02,Yes,Basic,Bachelor,2011-01-25,Retired,M,"$31,948.00",Suburban,Married,$90.00,26,68,0,2,Personal Auto,Personal L3,1,Branch,$546.50,Four-Door Car,Medsize
XZ17273,Nevada,28347.65,No,Basic,Bachelor,2011-01-25,Employed,M,"$96,745.00",Rural,Married,$100.00,31,30,0,2,Corporate Auto,Corporate L3,2,Web,$114.07,Four-Door Car,Medsize
GH31557,California,3624.19,No,Basic,High School or Below,2011-01-25,Employed,M,"$1,32,463.00",Suburban,Divorced,$90.00,30,66,0,1,Personal Auto,Personal L3,2,Web,$517.94,Two-Door Car,Small
EJ90880,California,3767.12,No,Basic,College,2011-01-25,Employed,M,"$38,861.00",Suburban,Married,$96.00,41,93,1,1,Personal Auto,Personal L3,1,Agent,$466.59,Four-Door Car,Medsize
TE61015,Oregon,6867.48,No,Basic,College,2011-01-25,Unemployed,M,$0.00,Suburban,Married,$97.00,16,95,0,3,Personal Auto,Personal L1,2,Web,$466.56,Four-Door Car,Medsize
LG19551,Arizona,7782.46,No,Basic,Bachelor,2011-01-25,Employed,M,"$29,881.00",Suburban,Married,$97.00,18,109,0,3,Corporate Auto,Corporate L2,1,Call Center,$601.94,Four-Door Car,Medsize
XO46388,California,6948.19,No,Basic,Bachelor,2011-01-25,Disabled,F,"$30,502.00",Suburban,Married,$90.00,30,55,0,3,Personal Auto,Personal L2,1,Call Center,$434.16,Four-Door Car,Medsize
ZX35838,Oregon,12604.05,No,Premium,Master,2011-01-25,Employed,F,"$94,739.00",Rural,Married,$155.00,16,46,0,8,Personal Auto,Personal L1,1,Agent,$304.45,Four-Door Car,Medsize
JA93297,California,30589.02,Yes,Basic,Bachelor,2011-01-25,Retired,M,"$31,948.00",Suburban,Married,$90.00,26,68,0,2,Personal Auto,Personal L2,1,Branch,$546.50,Four-Door Car,Medsize
EN72010,Oregon,9816.44,No,Basic,College,2011-01-25,Disabled,M,"$27,736.00",Suburban,Single,$95.00,31,116,0,2,Personal Auto,Personal L2,3,Agent,$453.60,Two-Door Car,Medsize
YL72747,California,3058.18,No,Basic,High School or Below,2011-01-25,Unemployed,M,$0.00,Suburban,Divorced,$82.00,7,28,0,1,Personal Auto,Personal L3,1,Branch,$395.28,Four-Door Car,Medsize
JV68002,Washington,8001.08,Yes,Extended,College,2011-01-25,Retired,M,"$31,173.00",Suburban,Married,$130.00,38,122,5,5,Corporate Auto,Corporate L1,1,Agent,$622.08,Four-Door Car,Medsize
YP47665,Washington,7302.03,No,Basic,Doctor,2011-01-25,Employed,M,"$1,08,259.00",Rural,Married,$90.00,30,32,0,7,Personal Auto,Personal L3,2,Agent,$128.51,Four-Door Car,Medsize
XV22744,Oregon,20284.01,No,Extended,Bachelor,2011-01-25,Employed,F,"$47,463.00",Rural,Married,$103.00,19,36,0,2,Personal Auto,Personal L3,4,Branch,$224.04,Four-Door Car,Medsize
GU82475,California,8818.21,No,Extended,College,2011-01-25,Employed,M,"$33,641.00",Suburban,Married,$113.00,28,3,1,5,Personal Auto,Personal L3,2,Call Center,$567.57,Four-Door Car,Small
TX39594,Arizona,3310.86,No,Basic,High School or Below,2011-01-25,Employed,F,"$68,965.00",Suburban,Married,$84.00,5,78,1,1,Personal Auto,Personal L3,3,Call Center,$549.32,Two-Door Car,Small
QK62680,Oregon,12681.86,No,Premium,Master,2011-01-25,Employed,F,"$53,690.00",Suburban,Married,$158.00,15,50,0,3,Personal Auto,Personal L3,3,Agent,$758.16,Two-Door Car,Medsize
FX48006,Oregon,32641.22,No,Extended,College,2011-01-25,Employed,M,"$59,000.00",Suburban,Married,$271.00,39,90,0,2,Personal Auto,Personal L3,1,Branch,"$1,437.05",Luxury SUV,Medsize
QV47358,Arizona,10979.76,No,Basic,Bachelor,2011-01-25,Employed,F,"$43,228.00",Suburban,Single,$95.00,16,78,0,2,Personal Auto,Personal L2,1,Call Center,$453.60,Four-Door Car,Small
VA60020,Nevada,4474.64,No,Extended,High School or Below,2011-01-25,Employed,F,"$85,837.00",Rural,Married,$112.00,20,11,0,1,Special Auto,Special L1,4,Agent,$225.99,Four-Door Car,Medsize
QJ57215,Nevada,5918.06,No,Extended,College,2011-01-25,Unemployed,F,$0.00,Suburban,Single,$166.00,19,131,0,1,Personal Auto,Personal L2,1,Branch,"$1,998.45",SUV,Medsize
PJ13204,California,4457.05,No,Extended,High School or Below,2011-01-25,Unemployed,F,$0.00,Suburban,Married,$120.00,14,112,0,1,Corporate Auto,Corporate L3,1,Call Center,$576.72,Two-Door Car,Large
UQ60825,California,12649.01,No,Basic,College,2011-01-25,Employed,F,"$1,33,900.00",Urban,Married,$155.00,11,26,0,3,Corporate Auto,Corporate L3,2,Call Center,$606.73,SUV,Medsize
GX22886,Arizona,4319.76,No,Extended,College,2011-01-25,Employed,M,"$1,06,358.00",Urban,Married,$108.00,45,97,0,1,Personal Auto,Personal L3,2,Agent,$323.95,Four-Door Car,Medsize
XF96605,California,3992.09,No,Basic,College,2011-01-25,Employed,M,"$1,27,389.00",Urban,Divorced,$100.00,28,130,0,1,Personal Auto,Personal L2,1,Agent,$263.80,Two-Door Car,Large
AO40386,Oregon,30573.74,No,Extended,College,2011-01-25,Retired,M,"$37,130.00",Suburban,Divorced,$123.00,35,61,0,2,Personal Auto,Personal L2,2,Branch,$589.68,Four-Door Car,Small
UR73910,California,3513.03,No,Basic,College,2011-01-25,Employed,M,"$51,524.00",Urban,Married,$90.00,34,7,1,1,Corporate Auto,Corporate L2,4,Agent,$319.74,Four-Door Car,Medsize
QC50643,California,7342.24,No,Extended,Bachelor,2011-01-25,Employed,F,"$71,173.00",Urban,Married,$184.00,46,39,0,1,Personal Auto,Personal L3,1,Branch,$742.67,SUV,Medsize
WS84995,Nevada,12423.56,No,Extended,Master,2011-01-25,Unemployed,M,$0.00,Suburban,Married,$108.00,11,96,0,2,Personal Auto,Personal L3,1,Agent,$518.40,Four-Door Car,Medsize
CV75841,California,5898.82,No,Premium,College,2011-01-25,Employed,M,"$1,31,383.00",Rural,Single,$149.00,47,62,0,1,Personal Auto,Personal L2,1,Agent,$100.91,Four-Door Car,Medsize
ZZ31825,Oregon,3401.89,No,Basic,Bachelor,2011-01-25,Unemployed,M,$0.00,Suburban,Married,$90.00,15,35,0,1,Personal Auto,Personal L2,2,Branch,$651.24,Four-Door Car,Medsize
HT50748,Oregon,3752.8,No,Basic,Doctor,2011-01-25,Employed,F,"$52,506.00",Urban,Single,$93.00,16,81,0,1,Personal Auto,Personal L3,1,Branch,$377.95,Two-Door Car,Medsize
KL48832,Nevada,7071.21,No,Basic,College,2011-01-25,Employed,F,"$42,871.00",Rural,Married,$89.00,46,59,0,8,Corporate Auto,Corporate L1,1,Branch,$217.16,Four-Door Car,Medsize
FU63281,Arizona,7126.01,No,Basic,Bachelor,2011-01-25,Employed,M,"$43,693.00",Urban,Married,$90.00,38,105,0,3,Personal Auto,Personal L3,1,Agent,$260.75,Four-Door Car,Medsize
XN34686,Oregon,7614.03,No,Basic,High School or Below,2011-01-25,Employed,M,"$55,885.00",Suburban,Married,$95.00,9,9,0,3,Special Auto,Special L2,2,Branch,$453.60,Four-Door Car,Medsize
VR81851,Oregon,14907.09,No,Basic,College,2011-01-25,Unemployed,F,$0.00,Suburban,Single,$86.00,19,123,0,2,Personal Auto,Personal L3,2,Agent,$561.33,Four-Door Car,Medsize
YK66939,Arizona,5919.55,No,Basic,College,2011-01-25,Medical Leave,F,"$31,698.00",Suburban,Single,$158.00,8,120,0,1,Personal Auto,Personal L2,3,Call Center,"$1,137.24",SUV,Medsize
MZ23183,Oregon,5703.52,No,Basic,Bachelor,2011-01-25,Unemployed,M,$0.00,Suburban,Single,$85.00,12,119,0,8,Personal Auto,Personal L3,1,Call Center,$612.36,Four-Door Car,Medsize
DV58197,California,11146,Yes,Basic,Bachelor,2011-01-25,Employed,F,"$84,918.00",Rural,Married,$93.00,19,127,0,2,Personal Auto,Personal L3,2,Web,$215.17,Two-Door Car,Medsize
KD16729,Nevada,8972,No,Extended,College,2011-01-25,Employed,M,"$28,544.00",Urban,Married,$116.00,8,132,0,8,Personal Auto,Personal L2,1,Branch,$528.45,Two-Door Car,Medsize
ER63193,California,10415.39,No,Extended,High School or Below,2011-01-25,Employed,F,"$65,858.00",Urban,Married,$130.00,38,116,0,3,Corporate Auto,Corporate L2,1,Branch,$340.30,Four-Door Car,Medsize
QQ25666,Arizona,19589.51,No,Basic,High School or Below,2011-01-25,Employed,M,"$81,162.00",Urban,Married,$246.00,41,28,0,6,Personal Auto,Personal L3,2,Branch,$967.23,Luxury Car,Medsize
MU75490,Oregon,11363.09,No,Basic,Bachelor,2011-01-25,Employed,M,"$42,871.00",Urban,Married,$144.00,1,131,0,3,Corporate Auto,Corporate L3,1,Agent,$561.40,SUV,Medsize
LH80781,Washington,6759.75,No,Basic,College,2011-01-25,Unemployed,F,$0.00,Suburban,Single,$99.00,32,93,1,3,Personal Auto,Personal L2,1,Agent,$885.32,Four-Door Car,Medsize
EW34576,Arizona,3833.73,No,Basic,High School or Below,2011-01-25,Employed,F,"$71,646.00",Suburban,Divorced,$97.00,38,26,0,1,Corporate Auto,Corporate L3,1,Agent,$521.40,Four-Door Car,Medsize
AW17574,Nevada,12737.98,No,Extended,Bachelor,2011-01-25,Unemployed,F,$0.00,Suburban,Divorced,$174.00,18,26,0,8,Corporate Auto,Corporate L3,1,Call Center,$848.29,SUV,Large
GL66847,Arizona,11146,Yes,Basic,Bachelor,2011-01-25,Employed,F,"$84,918.00",Rural,Married,$93.00,19,127,0,2,Personal Auto,Personal L3,2,Web,$215.17,Two-Door Car,Medsize
BM83544,Arizona,10043.97,No,Basic,Bachelor,2011-01-25,Unemployed,F,$0.00,Suburban,Single,$146.00,3,127,0,5,Personal Auto,Personal L2,2,Agent,$699.84,SUV,Medsize
XV30885,California,6203.96,No,Basic,College,2011-01-25,Employed,M,"$1,28,993.00",Urban,Divorced,$157.00,20,101,1,1,Personal Auto,Personal L3,1,Agent,$515.12,SUV,Medsize
ZB91993,Arizona,8001.08,Yes,Extended,College,2011-01-25,Retired,M,"$31,173.00",Suburban,Married,$130.00,38,122,5,5,Personal Auto,Personal L3,1,Agent,$622.08,Four-Door Car,Medsize
FB21121,California,3438.27,No,Basic,Bachelor,2011-01-25,Employed,F,"$1,16,903.00",Suburban,Married,$85.00,1,104,0,1,Corporate Auto,Corporate L2,4,Branch,$601.59,Two-Door Car,Medsize
FY83287,Washington,3415.95,No,Basic,Doctor,2011-01-25,Employed,M,"$68,279.00",Rural,Divorced,$85.00,3,11,0,1,Personal Auto,Personal L1,2,Agent,$16.80,Two-Door Car,Large
VU87728,Nevada,6542.54,No,Basic,High School or Below,2011-01-25,Unemployed,M,$0.00,Suburban,Single,$97.00,42,101,0,9,Personal Auto,Personal L2,4,Agent,$699.84,Four-Door Car,Medsize
KL80110,Arizona,12600,No,Basic,College,2011-01-25,Employed,F,"$1,20,843.00",Rural,Married,$157.00,7,16,0,6,Personal Auto,Personal L2,2,Branch,$314.48,SUV,Medsize
ET89070,California,12755.93,No,Basic,High School or Below,2011-01-25,Employed,F,"$1,15,048.00",Urban,Married,$158.00,15,57,0,4,Personal Auto,Personal L2,2,Branch,$697.83,Sports Car,Medsize
BM45823,Oregon,4283.59,No,Premium,College,2011-01-25,Unemployed,M,$0.00,Suburban,Married,$136.00,46,70,4,1,Personal Auto,Personal L3,1,Call Center,$654.48,Four-Door Car,Small
BV35683,Arizona,11146,Yes,Basic,Bachelor,2011-01-25,Employed,F,"$84,918.00",Rural,Married,$93.00,19,127,0,2,Personal Auto,Personal L3,2,Web,$215.17,Two-Door Car,Medsize
XP52012,Arizona,32749.26,No,Extended,High School or Below,2011-01-25,Unemployed,M,$0.00,Suburban,Single,$120.00,47,30,0,2,Personal Auto,Personal L3,1,Agent,$727.23,Two-Door Car,Medsize
VI35467,Nevada,5826.16,No,Basic,Master,2011-01-25,Employed,F,"$1,21,226.00",Rural,Married,$143.00,26,11,0,1,Personal Auto,Personal L3,2,Web,$95.79,SUV,Small
NK27819,Arizona,8001.08,Yes,Extended,College,2011-01-25,Retired,M,"$31,173.00",Suburban,Married,$130.00,38,122,5,5,Personal Auto,Personal L3,1,Agent,$622.08,Four-Door Car,Medsize
EI89831,Nevada,10454.29,No,Basic,Bachelor,2011-01-25,Employed,F,"$1,30,897.00",Rural,Married,$86.00,32,134,0,2,Corporate Auto,Corporate L3,4,Call Center,$109.86,Two-Door Car,Medsize
RU72450,California,9423.44,No,Basic,Bachelor,2011-01-25,Unemployed,M,$0.00,Suburban,Single,$90.00,27,19,0,2,Corporate Auto,Corporate L3,3,Branch,$434.16,Four-Door Car,Medsize
ZR58728,Nevada,3906.55,No,Basic,Master,2011-01-25,Employed,M,"$1,11,525.00",Suburban,Single,$100.00,31,117,1,1,Personal Auto,Personal L3,2,Web,$479.52,Four-Door Car,Medsize
TH69908,Washington,6568.25,No,Extended,College,2011-01-25,Employed,F,"$36,758.00",Rural,Married,$174.00,26,82,4,1,Personal Auto,Personal L3,4,Branch,$321.65,Sports Car,Medsize
JA26024,Oregon,5592.46,No,Premium,High School or Below,2011-01-25,Employed,F,"$65,155.00",Suburban,Married,$140.00,3,43,0,1,Personal Auto,Personal L3,2,Branch,$911.07,Two-Door Car,Small
SV58690,California,7500,No,Basic,Bachelor,2011-01-25,Employed,M,"$56,502.00",Rural,Single,$96.00,23,69,0,3,Personal Auto,Personal L2,1,Agent,$209.94,Two-Door Car,Medsize
QE50648,Washington,9578.43,No,Premium,High School or Below,2011-01-25,Employed,F,"$1,00,302.00",Rural,Married,$239.00,12,109,0,1,Corporate Auto,Corporate L1,2,Call Center,$218.08,Sports Car,Medsize
TU33850,Washington,6233.48,No,Basic,Bachelor,2011-01-25,Medical Leave,F,"$22,631.00",Suburban,Married,$82.00,18,107,0,7,Personal Auto,Personal L3,1,Branch,$395.28,Four-Door Car,Medsize
CS84396,Arizona,6592.21,No,Basic,Bachelor,2011-01-25,Employed,M,"$71,962.00",Suburban,Single,$85.00,43,99,0,4,Corporate Auto,Corporate L2,1,Call Center,$408.24,Two-Door Car,Small
VU48786,Washington,7492.7,No,Basic,Master,2011-01-25,Employed,M,"$83,996.00",Urban,Married,$93.00,9,99,0,4,Personal Auto,Personal L3,2,Branch,$328.37,Two-Door Car,Small
PJ74689,Nevada,19901.38,No,Extended,Bachelor,2011-01-25,Unemployed,F,$0.00,Suburban,Married,$188.00,3,45,1,2,Personal Auto,Personal L3,3,Call Center,$900.72,SUV,Medsize
ZQ37702,California,9492.91,No,Extended,High School or Below,2011-01-25,Employed,F,"$35,444.00",Rural,Married,$119.00,28,5,0,3,Personal Auto,Personal L1,1,Branch,$71.22,Four-Door Car,Medsize
ZK60855,Oregon,6519.92,No,Basic,College,2011-01-25,Employed,F,"$47,006.00",Urban,Married,$82.00,0,42,0,6,Corporate Auto,Corporate L2,1,Agent,$250.96,Four-Door Car,Medsize
MO27230,Oregon,6356.07,No,Basic,College,2011-01-25,Employed,F,"$64,569.00",Suburban,Married,$158.00,31,50,1,1,Personal Auto,Personal L3,3,Call Center,$758.16,SUV,Medsize
WR86431,Nevada,14693.11,No,Extended,High School or Below,2011-01-25,Employed,F,"$1,23,016.00",Rural,Divorced,$186.00,43,95,3,8,Corporate Auto,Corporate L1,1,Agent,$139.67,SUV,Medsize
UI44314,Arizona,3537.23,No,Basic,Bachelor,2011-01-25,Employed,M,"$43,080.00",Urban,Single,$92.00,18,88,0,1,Personal Auto,Personal L3,1,Branch,$331.96,Four-Door Car,Medsize
UU77151,Washington,6996.23,No,Extended,College,2011-01-25,Employed,F,"$60,507.00",Urban,Married,$180.00,16,84,3,1,Personal Auto,Personal L3,1,Branch,$453.78,Sports Car,Medsize
SX85653,Arizona,7455.41,No,Extended,Doctor,2011-01-25,Employed,F,"$1,15,572.00",Suburban,Married,$184.00,30,23,0,1,Personal Auto,Personal L3,2,Agent,$881.28,SUV,Medsize
PH91033,Oregon,21341.82,No,Extended,College,2011-01-25,Employed,M,"$1,16,568.00",Urban,Married,$176.00,23,126,0,2,Personal Auto,Personal L2,1,Web,$801.60,Sports Car,Medsize
NJ72300,Oregon,10812.19,No,Basic,Bachelor,2011-01-25,Unemployed,F,$0.00,Suburban,Married,$144.00,7,11,0,3,Personal Auto,Personal L3,2,Web,"$1,000.30",SUV,Small
JJ23168,Arizona,10510.65,No,Basic,High School or Below,2011-01-25,Employed,F,"$27,671.00",Suburban,Married,$88.00,23,127,0,2,Personal Auto,Personal L2,4,Branch,$574.23,Four-Door Car,Small
ZC89812,Arizona,7161.13,No,Basic,Bachelor,2011-01-25,Unemployed,M,$0.00,Suburban,Divorced,$100.00,24,39,0,8,Personal Auto,Personal L2,1,Branch,$719.28,Four-Door Car,Medsize
VL36269,Washington,3329.88,No,Basic,High School or Below,2011-01-25,Unemployed,F,$0.00,Suburban,Single,$95.00,8,24,0,1,Special Auto,Special L1,1,Branch,$680.40,Four-Door Car,Small
IF18508,California,10733.27,No,Extended,High School or Below,2011-01-25,Employed,F,"$95,324.00",Rural,Single,$134.00,3,15,0,3,Personal Auto,Personal L1,4,Agent,$325.32,Four-Door Car,Large
TJ82551,Nevada,5485.5,No,Premium,Bachelor,2011-01-25,Employed,F,"$63,353.00",Suburban,Married,$138.00,42,20,1,1,Personal Auto,Personal L1,4,Web,$852.39,Four-Door Car,Medsize
HC66205,Washington,4262.95,No,Extended,High School or Below,2011-01-25,Employed,M,"$78,635.00",Rural,Married,$108.00,23,1,0,1,Corporate Auto,Corporate L2,3,Branch,$181.40,Four-Door Car,Large
JP52554,California,20992.76,No,Basic,Bachelor,2011-01-25,Medical Leave,F,"$23,556.00",Urban,Divorced,$96.00,22,74,0,2,Corporate Auto,Corporate L1,3,Agent,$362.71,Four-Door Car,Medsize
KU54022,Nevada,4487.21,No,Extended,High School or Below,2011-01-25,Disabled,F,"$17,229.00",Suburban,Married,$116.00,14,19,0,1,Corporate Auto,Corporate L3,4,Agent,$557.28,Two-Door Car,Medsize
FP67637,Nevada,7263.42,No,Basic,Bachelor,2011-01-25,Employed,M,"$1,26,654.00",Urban,Married,$89.00,9,34,0,6,Personal Auto,Personal L3,1,Agent,$335.35,Four-Door Car,Small
FA39525,Oregon,6617.56,No,Basic,High School or Below,2011-01-25,Employed,M,"$98,360.00",Rural,Divorced,$82.00,8,7,0,9,Personal Auto,Personal L3,3,Agent,$67.45,Two-Door Car,Medsize
LQ28707,Oregon,30589.02,Yes,Basic,Bachelor,2011-01-25,Retired,M,"$31,948.00",Suburban,Married,$90.00,26,68,0,2,Personal Auto,Personal L3,1,Branch,$546.50,Four-Door Car,Medsize
YD53564,California,7497.63,No,Basic,College,2011-01-25,Medical Leave,F,"$35,695.00",Rural,Married,$96.00,22,38,0,5,Personal Auto,Personal L2,1,Branch,$205.49,Two-Door Car,Medsize
AT89553,California,8001.08,Yes,Extended,College,2011-01-25,Retired,M,"$31,173.00",Suburban,Married,$130.00,38,122,5,5,Personal Auto,Personal L1,1,Agent,$622.08,Four-Door Car,Medsize
EK40672,California,3230.71,No,Basic,College,2011-01-25,Medical Leave,M,"$31,024.00",Rural,Single,$93.00,41,11,0,1,Personal Auto,Personal L2,2,Call Center,$22.68,Four-Door Car,Large
ZB71094,Oregon,4771.36,No,Extended,Bachelor,2011-01-25,Medical Leave,M,"$26,812.00",Suburban,Married,$126.00,36,28,0,1,Corporate Auto,Corporate L1,2,Agent,$602.64,Four-Door Car,Medsize
FG63647,Nevada,17385,No,Premium,Bachelor,2011-01-25,Unemployed,M,$0.00,Suburban,Married,$158.00,11,120,0,2,Personal Auto,Personal L1,2,Agent,$758.16,Four-Door Car,Medsize
RT51330,California,3389.35,No,Basic,Doctor,2011-01-25,Unemployed,F,$0.00,Suburban,Married,$86.00,32,1,0,1,Corporate Auto,Corporate L3,4,Branch,$590.20,Four-Door Car,Large
VY84895,Nevada,9075.65,No,Extended,High School or Below,2011-01-25,Unemployed,F,$0.00,Suburban,Single,$126.00,11,65,0,8,Personal Auto,Personal L3,2,Branch,$903.96,Four-Door Car,Medsize
CZ84042,Oregon,3592.26,No,Basic,High School or Below,2011-01-25,Employed,F,"$72,000.00",Rural,Married,$89.00,5,46,0,1,Personal Auto,Personal L1,2,Branch,$30.98,Two-Door Car,Medsize
RF73080,Oregon,8001.08,Yes,Extended,College,2011-01-25,Retired,M,"$31,173.00",Suburban,Married,$130.00,38,122,5,5,Personal Auto,Personal L3,1,Agent,$622.08,Four-Door Car,Medsize
RX66745,Washington,30589.02,Yes,Basic,Bachelor,2011-01-25,Retired,M,"$31,948.00",Suburban,Married,$90.00,26,68,0,2,Corporate Auto,Corporate L3,1,Branch,$546.50,Four-Door Car,Medsize
WG51330,Arizona,7607.65,No,Basic,College,2011-01-25,Employed,M,"$80,089.00",Urban,Married,$96.00,18,101,0,3,Corporate Auto,Corporate L3,2,Call Center,$310.08,Four-Door Car,Medsize
IS95117,Arizona,7931.01,No,Basic,College,2011-01-25,Employed,F,"$47,656.00",Rural,Married,$100.00,31,92,0,7,Personal Auto,Personal L3,1,Agent,$173.67,Four-Door Car,Medsize
ZD72991,California,6614.97,No,Extended,Doctor,2011-01-25,Employed,M,"$1,03,402.00",Suburban,Married,$165.00,35,12,1,1,Personal Auto,Personal L3,1,Agent,"$1,123.81",SUV,Medsize
LL55780,Oregon,9086.92,No,Basic,High School or Below,2011-01-25,Unemployed,F,$0.00,Suburban,Single,$84.00,0,7,0,2,Corporate Auto,Corporate L3,4,Agent,$602.64,Four-Door Car,Medsize
TU15769,Washington,30589.02,Yes,Basic,Bachelor,2011-01-25,Retired,M,"$31,948.00",Suburban,Married,$90.00,26,68,0,2,Personal Auto,Personal L2,1,Branch,$546.50,Four-Door Car,Medsize
BN89470,California,6157.72,No,Premium,College,2011-01-25,Medical Leave,M,"$39,591.00",Suburban,Married,$159.00,35,28,0,1,Special Auto,Special L2,1,Agent,$847.66,Four-Door Car,Small
JX27737,California,18160.46,No,Premium,College,2011-01-25,Employed,M,"$43,681.00",Urban,Married,$158.00,15,47,2,2,Personal Auto,Personal L1,1,Agent,$578.46,Two-Door Car,Medsize
SY66568,Oregon,12710.96,No,Premium,College,2011-01-25,Employed,F,"$74,706.00",Suburban,Married,$157.00,34,73,0,7,Corporate Auto,Corporate L3,2,Branch,$751.68,Two-Door Car,Medsize
PK23339,Arizona,4614.24,No,Extended,High School or Below,2011-01-25,Employed,F,"$97,821.00",Urban,Married,$115.00,12,103,0,1,Personal Auto,Personal L2,2,Call Center,$499.52,Four-Door Car,Medsize
MG74662,Oregon,4703.73,No,Extended,High School or Below,2011-01-25,Employed,F,"$69,305.00",Rural,Single,$119.00,4,95,0,1,Corporate Auto,Corporate L2,3,Branch,$97.93,Four-Door Car,Medsize
UL55837,Nevada,15025.66,No,Extended,Bachelor,2011-01-25,Employed,F,"$57,953.00",Suburban,Married,$126.00,27,88,0,2,Personal Auto,Personal L3,1,Call Center,$879.69,Four-Door Car,Large
DY73849,California,6169.33,No,Extended,Bachelor,2011-01-25,Unemployed,F,$0.00,Rural,Married,$167.00,43,101,0,1,Personal Auto,Personal L1,2,Call Center,$338.48,SUV,Large
ZC75052,California,30589.02,Yes,Basic,Bachelor,2011-01-25,Retired,M,"$31,948.00",Suburban,Married,$90.00,26,68,0,2,Personal Auto,Personal L3,1,Branch,$546.50,Four-Door Car,Medsize
GW42895,Oregon,23794.48,No,Basic,Bachelor,2011-01-25,Employed,F,"$1,05,034.00",Urban,Married,$85.00,41,24,0,2,Personal Auto,Personal L3,2,Agent,$293.70,Four-Door Car,Medsize
XK87182,Oregon,6077.98,No,Premium,College,2011-01-25,Employed,F,"$62,643.00",Urban,Married,$153.00,9,3,0,1,Personal Auto,Personal L3,1,Agent,$643.12,Four-Door Car,Medsize
IY98928,Arizona,6987.81,No,Basic,Master,2011-01-25,Employed,F,"$1,23,491.00",Rural,Divorced,$86.00,38,47,0,3,Personal Auto,Personal L1,1,Agent,$98.95,Four-Door Car,Medsize
GC36679,Oregon,4461.93,No,Extended,High School or Below,2011-01-25,Employed,M,"$55,050.00",Suburban,Single,$116.00,1,80,0,1,Personal Auto,Personal L3,2,Web,$557.28,Four-Door Car,Medsize
ND42562,California,12138.02,No,Extended,High School or Below,2011-01-25,Unemployed,M,$0.00,Suburban,Single,$171.00,39,34,0,4,Personal Auto,Personal L3,2,Call Center,"$1,587.99",Sports Car,Large
ES34753,California,6973.02,No,Extended,Master,2011-01-25,Disabled,F,"$17,420.00",Suburban,Married,$178.00,23,42,0,1,Personal Auto,Personal L2,1,Agent,$855.36,SUV,Medsize
DL34364,California,3934.03,No,Extended,High School or Below,2011-01-25,Disabled,M,"$38,506.00",Suburban,Married,$104.00,20,16,0,1,Corporate Auto,Corporate L1,3,Agent,$498.96,Four-Door Car,Large
EV15014,California,9712.21,No,Basic,Bachelor,2011-01-25,Unemployed,M,$0.00,Suburban,Single,$96.00,30,0,0,2,Personal Auto,Personal L3,1,Branch,$809.16,Four-Door Car,Medsize
BM16805,California,15437.56,No,Basic,College,2011-01-25,Disabled,F,"$16,835.00",Suburban,Married,$139.00,41,70,1,2,Corporate Auto,Corporate L1,1,Agent,$835.23,SUV,Medsize
IB60476,California,5486.55,No,Basic,Master,2011-01-25,Unemployed,M,$0.00,Suburban,Married,$144.00,42,55,0,1,Personal Auto,Personal L3,4,Branch,$693.36,Sports Car,Medsize
VS42598,California,11146,Yes,Basic,Bachelor,2011-01-25,Employed,F,"$84,918.00",Rural,Married,$93.00,19,127,0,2,Personal Auto,Personal L1,2,Web,$215.17,Two-Door Car,Medsize
PT42203,California,10870.53,No,Premium,College,2011-01-25,Employed,M,"$1,06,133.00",Rural,Married,$136.00,4,128,0,3,Corporate Auto,Corporate L1,4,Web,$314.78,Four-Door Car,Medsize
VI69768,California,32386.7,No,Basic,Bachelor,2011-01-25,Employed,M,"$94,204.00",Suburban,Married,$161.00,34,66,0,2,Personal Auto,Personal L1,2,Call Center,"$1,146.43",SUV,Small
ET39822,California,11146,Yes,Basic,Bachelor,2011-01-25,Employed,F,"$84,918.00",Rural,Married,$93.00,19,127,0,2,Personal Auto,Personal L2,2,Web,$215.17,Two-Door Car,Medsize
UV48386,California,3642.37,No,Basic,Master,2011-01-25,Employed,M,"$54,208.00",Suburban,Married,$90.00,32,23,0,1,Corporate Auto,Corporate L1,1,Branch,$486.91,Four-Door Car,Medsize
DR77989,California,6460.98,No,Basic,College,2011-01-25,Unemployed,M,$0.00,Urban,Divorced,$92.00,22,16,0,7,Personal Auto,Personal L1,1,Call Center,$268.97,Four-Door Car,Medsize
WH28633,California,3911.33,No,Basic,College,2011-01-25,Employed,M,"$1,01,305.00",Rural,Single,$100.00,41,57,0,1,Personal Auto,Personal L2,3,Agent,$75.67,Four-Door Car,Medsize
JR41742,California,4890.88,No,Basic,College,2011-01-25,Unemployed,M,$0.00,Suburban,Single,$146.00,31,70,0,1,Corporate Auto,Corporate L3,1,Branch,"$1,693.14",SUV,Medsize
DY87989,Oregon,32572.13,Yes,Basic,Bachelor,2011-01-26,Medical Leave,M,"$18,997.00",Suburban,Divorced,$96.00,18,4,0,2,Corporate Auto,Corporate L3,1,Agent,$690.12,Four-Door Car,Medsize
YH23384,Arizona,32572.13,Yes,Basic,Bachelor,2011-01-26,Medical Leave,M,"$18,997.00",Suburban,Divorced,$96.00,18,4,0,2,Personal Auto,Personal L3,1,Agent,$690.12,Four-Door Car,Medsize
FL82372,Oregon,11707.46,No,Basic,College,2011-01-26,Employed,F,"$30,438.00",Suburban,Divorced,$151.00,9,81,0,3,Corporate Auto,Corporate L3,1,Agent,$725.76,SUV,Medsize
ZU35962,California,10834.06,No,Extended,College,2011-01-26,Unemployed,F,$0.00,Rural,Single,$104.00,27,35,0,2,Personal Auto,Personal L3,3,Branch,$34.84,Two-Door Car,Large
FV21968,Nevada,8064.87,No,Basic,Bachelor,2011-01-26,Employed,F,"$56,175.00",Rural,Married,$100.00,19,11,0,8,Special Auto,Special L2,1,Branch,$153.63,Four-Door Car,Medsize
MS41162,Arizona,5431,No,Basic,High School or Below,2011-01-26,Unemployed,M,$0.00,Suburban,Single,$158.00,8,1,0,1,Personal Auto,Personal L3,1,Agent,"$1,316.39",SUV,Medsize
LK60013,Oregon,8058.9,No,Basic,Bachelor,2011-01-26,Employed,F,"$1,31,532.00",Suburban,Married,$100.00,1,97,0,3,Personal Auto,Personal L2,3,Branch,$479.52,Four-Door Car,Medsize
UI64281,Nevada,30855.08,No,Basic,Master,2011-01-26,Medical Leave,F,"$28,123.00",Rural,Married,$88.00,11,43,0,2,Personal Auto,Personal L3,1,Call Center,$76.10,Two-Door Car,Medsize
QL59704,Arizona,31650.62,No,Basic,College,2011-01-26,Employed,F,"$94,373.00",Urban,Married,$100.00,46,43,2,2,Corporate Auto,Corporate L3,2,Branch,$273.86,Four-Door Car,Medsize
JJ97525,California,6654.89,Yes,Basic,Bachelor,2011-01-26,Employed,M,"$34,603.00",Suburban,Married,$85.00,36,70,0,7,Personal Auto,Personal L1,2,Call Center,$474.22,Two-Door Car,Medsize
ON73702,Arizona,12258.86,No,Basic,Bachelor,2011-01-26,Employed,F,"$45,761.00",Urban,Married,$154.00,20,90,0,8,Corporate Auto,Corporate L3,1,Agent,$728.79,SUV,Small
VV77534,Oregon,18868.3,No,Premium,College,2011-01-26,Employed,M,"$1,04,077.00",Urban,Married,$238.00,34,39,0,5,Personal Auto,Personal L3,3,Call Center,$600.04,SUV,Medsize
WE68644,Oregon,5135.29,No,Basic,Bachelor,2011-01-26,Medical Leave,F,"$27,439.00",Suburban,Married,$135.00,5,8,0,1,Personal Auto,Personal L3,1,Branch,$902.20,Sports Car,Medsize
CF57022,Oregon,14097.58,No,Extended,Bachelor,2011-01-26,Medical Leave,M,"$23,313.00",Suburban,Married,$188.00,4,42,0,5,Personal Auto,Personal L1,1,Branch,$900.72,SUV,Small
CM94425,Arizona,5961.88,No,Basic,Bachelor,2011-01-26,Employed,M,"$83,637.00",Urban,Divorced,$153.00,7,85,0,1,Personal Auto,Personal L3,3,Branch,$671.01,SUV,Medsize
PU42145,California,32572.13,Yes,Basic,Bachelor,2011-01-26,Medical Leave,M,"$18,997.00",Suburban,Divorced,$96.00,18,4,0,2,Personal Auto,Personal L3,1,Agent,$690.12,Four-Door Car,Medsize
FI61723,California,3763.02,No,Basic,Bachelor,2011-01-26,Employed,M,"$52,200.00",Rural,Single,$97.00,11,90,0,1,Personal Auto,Personal L3,1,Agent,$215.01,Four-Door Car,Medsize
FL69363,Oregon,12252.29,Yes,Basic,Master,2011-01-26,Employed,M,"$50,925.00",Rural,Single,$157.00,11,31,0,8,Personal Auto,Personal L1,1,Agent,$213.40,Sports Car,Medsize
VY19543,California,11220.03,No,Basic,Bachelor,2011-01-26,Unemployed,F,$0.00,Urban,Married,$97.00,30,107,0,2,Corporate Auto,Corporate L2,2,Agent,$420.29,Four-Door Car,Medsize
ST43550,Oregon,7731.89,No,Basic,Bachelor,2011-01-26,Employed,M,"$1,34,911.00",Suburban,Married,$96.00,12,16,0,3,Special Auto,Special L3,4,Web,$621.44,Four-Door Car,Medsize
TD10493,Oregon,3913.29,No,Extended,High School or Below,2011-01-26,Unemployed,F,$0.00,Suburban,Single,$130.00,7,9,4,1,Personal Auto,Personal L2,2,Agent,$933.12,Four-Door Car,Medsize
KU29408,Washington,12252.29,Yes,Basic,Master,2011-01-26,Employed,M,"$50,925.00",Rural,Single,$157.00,11,31,0,8,Corporate Auto,Corporate L3,1,Agent,$213.40,Sports Car,Medsize
TC88986,Oregon,7586.58,Yes,Premium,High School or Below,2011-01-26,Unemployed,M,$0.00,Suburban,Married,$207.00,34,7,0,1,Special Auto,Special L1,2,Web,"$1,386.45",SUV,Medsize
MB90871,Oregon,7894.01,No,Extended,College,2011-01-26,Medical Leave,F,"$31,720.00",Rural,Married,$104.00,23,119,0,8,Special Auto,Special L1,3,Web,$17.77,Four-Door Car,Medsize
AF81450,California,15432.84,No,Basic,High School or Below,2011-01-26,Disabled,M,"$38,687.00",Suburban,Married,$135.00,5,74,0,2,Personal Auto,Personal L3,1,Branch,$794.80,SUV,Small
KN25556,Arizona,9720.9,Yes,Basic,College,2011-01-26,Unemployed,F,$0.00,Suburban,Married,$89.00,22,104,0,2,Personal Auto,Personal L1,2,Agent,$427.68,Four-Door Car,Medsize
NE24371,Oregon,8767.23,No,Extended,College,2011-01-26,Medical Leave,F,"$20,655.00",Suburban,Married,$115.00,23,22,0,9,Personal Auto,Personal L2,3,Call Center,$550.80,Four-Door Car,Small
BM21532,Washington,9223.35,No,Extended,Bachelor,2011-01-26,Unemployed,F,$0.00,Suburban,Married,$126.00,9,122,1,5,Personal Auto,Personal L3,1,Agent,$602.64,Four-Door Car,Small
CK39096,Oregon,7586.58,Yes,Premium,High School or Below,2011-01-26,Unemployed,M,$0.00,Suburban,Married,$207.00,34,7,0,1,Personal Auto,Personal L3,2,Web,"$1,386.45",SUV,Medsize
FS49381,Oregon,6459.7,No,Basic,Bachelor,2011-01-26,Employed,F,"$34,848.00",Urban,Divorced,$82.00,22,131,0,8,Personal Auto,Personal L1,3,Agent,$277.20,Four-Door Car,Medsize
ZK54897,Arizona,19488.16,Yes,Premium,Master,2011-01-26,Employed,M,"$82,188.00",Rural,Married,$161.00,34,120,0,2,Personal Auto,Personal L3,1,Agent,$148.37,Two-Door Car,Medsize
FO99259,California,11293.66,No,Premium,Bachelor,2011-01-26,Retired,M,"$35,951.00",Suburban,Divorced,$159.00,26,36,0,8,Personal Auto,Personal L3,4,Call Center,$784.45,Four-Door Car,Medsize
GX37592,Nevada,7662.5,No,Basic,College,2011-01-26,Employed,F,"$44,897.00",Suburban,Married,$97.00,20,19,1,4,Personal Auto,Personal L3,3,Web,$466.56,Four-Door Car,Medsize
HB53755,Oregon,5196.96,No,Basic,High School or Below,2011-01-26,Unemployed,F,$0.00,Suburban,Single,$143.00,14,43,0,1,Personal Auto,Personal L3,1,Agent,"$1,030.32",Sports Car,Medsize
UF77079,Arizona,20608.85,No,Extended,High School or Below,2011-01-26,Employed,F,"$78,787.00",Rural,Married,$128.00,23,22,0,2,Personal Auto,Personal L2,2,Agent,$58.86,Four-Door Car,Medsize
FF94341,Nevada,10352.89,No,Extended,Bachelor,2011-01-26,Employed,F,"$1,24,816.00",Suburban,Divorced,$128.00,11,4,0,4,Special Auto,Special L3,1,Branch,$615.60,Four-Door Car,Medsize
SB66770,Arizona,19488.16,Yes,Premium,Master,2011-01-26,Employed,M,"$82,188.00",Rural,Married,$161.00,34,120,0,2,Corporate Auto,Corporate L2,1,Agent,$148.37,Two-Door Car,Medsize
BM70908,Arizona,3044.67,No,Basic,College,2011-01-26,Employed,M,"$78,690.00",Suburban,Single,$84.00,24,124,4,1,Personal Auto,Personal L3,1,Agent,$401.76,Two-Door Car,Medsize
DB28979,California,10095.72,No,Basic,Bachelor,2011-01-26,Employed,M,"$31,766.00",Suburban,Divorced,$88.00,30,46,0,2,Corporate Auto,Corporate L3,3,Agent,$421.20,Two-Door Car,Medsize
GD87742,Oregon,19089.75,No,Basic,College,2011-01-26,Employed,F,"$79,634.00",Suburban,Married,$159.00,4,103,0,2,Personal Auto,Personal L3,2,Web,$764.64,Sports Car,Medsize
YC54142,Washington,100208.5,No,Extended,High School or Below,2011-01-26,Unemployed,M,$0.00,Suburban,Single,$327.00,1,46,0,2,Personal Auto,Personal L1,1,Branch,"$2,352.24",Luxury Car,Medsize
NG85002,Washington,14196.56,No,Extended,High School or Below,2011-01-26,Employed,M,"$29,024.00",Suburban,Married,$182.00,46,38,1,3,Corporate Auto,Corporate L3,2,Branch,$874.80,SUV,Medsize
LZ19268,California,15712.51,Yes,Basic,College,2011-01-26,Medical Leave,F,"$34,250.00",Suburban,Married,$138.00,14,104,0,2,Personal Auto,Personal L3,1,Branch,$660.96,Sports Car,Large
ZL73902,Nevada,4407.96,Yes,Extended,Bachelor,2011-01-26,Employed,F,"$34,857.00",Suburban,Divorced,$111.00,14,93,0,1,Personal Auto,Personal L3,1,Agent,$531.36,Four-Door Car,Medsize
AA16582,Washington,32572.13,Yes,Basic,Bachelor,2011-01-26,Medical Leave,M,"$18,997.00",Suburban,Divorced,$96.00,18,4,0,2,Personal Auto,Personal L2,1,Agent,$690.12,Four-Door Car,Medsize
UW70224,Oregon,3561.22,No,Basic,College,2011-01-26,Employed,F,"$85,620.00",Suburban,Married,$89.00,11,92,0,1,Personal Auto,Personal L1,2,Call Center,$480.50,Four-Door Car,Small
FI86516,Oregon,6461.17,No,Basic,Bachelor,2011-01-26,Unemployed,F,$0.00,Suburban,Single,$92.00,5,90,0,9,Corporate Auto,Corporate L1,1,Agent,$660.96,Four-Door Car,Small
PC42162,Oregon,7084.6,No,Extended,Bachelor,2011-01-26,Unemployed,M,$0.00,Suburban,Single,$104.00,0,113,0,3,Personal Auto,Personal L3,1,Branch,$748.44,Two-Door Car,Medsize
IY37465,Arizona,6654.89,Yes,Basic,Bachelor,2011-01-26,Employed,M,"$34,603.00",Suburban,Married,$85.00,36,70,0,7,Corporate Auto,Corporate L3,2,Call Center,$474.22,Two-Door Car,Medsize
SB27146,Oregon,5898.21,No,Premium,High School or Below,2011-01-26,Employed,F,"$35,135.00",Rural,Single,$157.00,1,103,1,1,Personal Auto,Personal L3,3,Agent,$382.95,Two-Door Car,Medsize
PZ98142,Arizona,18217.93,No,Extended,College,2011-01-26,Unemployed,F,$0.00,Suburban,Single,$178.00,18,45,0,2,Personal Auto,Personal L2,3,Branch,"$1,283.04",SUV,Medsize
SO47345,Arizona,12695.23,No,Basic,Master,2011-01-26,Employed,F,"$76,154.00",Urban,Married,$158.00,18,99,0,3,Personal Auto,Personal L2,1,Agent,$707.40,SUV,Medsize
GZ22403,Oregon,5491.93,No,Basic,High School or Below,2011-01-26,Unemployed,M,$0.00,Suburban,Married,$85.00,4,47,4,4,Personal Auto,Personal L3,4,Web,"$1,016.85",Two-Door Car,Medsize
GU42084,Arizona,5734.37,No,Basic,Bachelor,2011-01-26,Employed,M,"$60,125.00",Urban,Married,$143.00,18,57,0,1,Corporate Auto,Corporate L2,3,Branch,$596.57,Sports Car,Small
SE72928,California,12252.29,Yes,Basic,Master,2011-01-26,Employed,M,"$50,925.00",Rural,Single,$157.00,11,31,0,8,Personal Auto,Personal L1,1,Agent,$213.40,Sports Car,Medsize
QX57337,Oregon,3836.73,No,Basic,Doctor,2011-01-26,Employed,F,"$1,25,049.00",Rural,Single,$97.00,30,1,3,1,Personal Auto,Personal L2,2,Call Center,$82.14,Four-Door Car,Medsize
VT85216,Nevada,7202.27,No,Basic,High School or Below,2011-01-26,Unemployed,M,$0.00,Suburban,Single,$99.00,8,131,0,9,Personal Auto,Personal L3,2,Agent,$709.56,Four-Door Car,Medsize
PF77449,Washington,13263.41,No,Extended,High School or Below,2011-01-26,Employed,F,"$32,296.00",Suburban,Married,$111.00,39,82,1,2,Personal Auto,Personal L3,3,Call Center,$531.36,Four-Door Car,Medsize
SF46129,California,12131.92,No,Premium,High School or Below,2011-01-26,Employed,M,"$89,460.00",Suburban,Married,$150.00,31,128,0,3,Personal Auto,Personal L2,3,Web,"$1,476.51",Four-Door Car,Small
ZA34848,Arizona,7027.76,No,Basic,Bachelor,2011-01-26,Employed,F,"$42,221.00",Suburban,Divorced,$89.00,35,0,0,3,Personal Auto,Personal L3,2,Agent,$427.68,Two-Door Car,Medsize
GM98732,California,10668.62,No,Basic,College,2011-01-26,Unemployed,F,$0.00,Suburban,Married,$143.00,28,34,0,9,Personal Auto,Personal L2,1,Agent,$856.44,SUV,Small
EP83939,Arizona,7527.26,No,Basic,High School or Below,2011-01-26,Employed,M,"$1,23,412.00",Rural,Married,$93.00,5,53,0,5,Personal Auto,Personal L3,2,Call Center,$148.37,Four-Door Car,Medsize
KX79225,Oregon,27167.22,No,Basic,High School or Below,2011-01-26,Unemployed,M,$0.00,Suburban,Single,$95.00,24,31,0,2,Personal Auto,Personal L2,1,Call Center,$680.40,Four-Door Car,Small
CZ19025,Oregon,3360.38,No,Basic,High School or Below,2011-01-26,Employed,F,"$64,649.00",Suburban,Single,$86.00,31,22,1,1,Personal Auto,Personal L1,1,Web,$735.86,Four-Door Car,Small
UO16539,Washington,11393.48,No,Basic,Bachelor,2011-01-26,Employed,M,"$30,313.00",Suburban,Single,$149.00,7,101,2,3,Personal Auto,Personal L3,2,Agent,$750.73,SUV,Medsize
EM32982,Arizona,6037.65,No,Basic,Doctor,2011-01-26,Employed,F,"$72,251.00",Urban,Married,$150.00,9,50,0,1,Corporate Auto,Corporate L2,4,Call Center,$702.05,SUV,Medsize
IC55961,Arizona,27746.04,No,Basic,High School or Below,2011-01-26,Unemployed,F,$0.00,Suburban,Single,$252.00,30,131,1,2,Corporate Auto,Corporate L2,1,Agent,"$1,930.95",Luxury SUV,Medsize
VC43751,Arizona,7911.02,No,Basic,Bachelor,2011-01-26,Employed,F,"$52,223.00",Suburban,Married,$100.00,1,30,0,6,Personal Auto,Personal L3,3,Branch,$508.63,Two-Door Car,Medsize
TD58354,Nevada,6284.78,No,Basic,High School or Below,2011-01-26,Unemployed,M,$0.00,Suburban,Single,$90.00,24,59,0,3,Personal Auto,Personal L3,1,Agent,$651.24,Four-Door Car,Medsize
FX30915,Arizona,28748.94,No,Extended,High School or Below,2011-01-26,Unemployed,F,$0.00,Suburban,Divorced,$130.00,20,99,0,2,Corporate Auto,Corporate L2,1,Branch,$914.78,Two-Door Car,Medsize
ZR72236,Nevada,7055.49,No,Basic,Master,2011-01-26,Employed,M,"$1,03,472.00",Urban,Married,$88.00,4,41,0,9,Personal Auto,Personal L3,2,Branch,$356.19,Two-Door Car,Medsize
TW73441,Nevada,3744.16,No,Basic,High School or Below,2011-01-26,Employed,F,"$99,195.00",Urban,Married,$92.00,3,51,0,1,Personal Auto,Personal L2,2,Call Center,$326.55,Four-Door Car,Medsize
OP47206,Arizona,7063.65,No,Premium,College,2011-01-26,Unemployed,M,$0.00,Suburban,Single,$208.00,35,115,0,1,Corporate Auto,Corporate L2,3,Agent,"$1,539.71",Sports Car,Medsize
EH13261,California,3560.15,No,Basic,Master,2011-01-26,Employed,M,"$68,191.00",Suburban,Single,$90.00,26,22,0,1,Personal Auto,Personal L1,3,Branch,$474.39,Four-Door Car,Large
CW12066,Oregon,15712.51,Yes,Basic,College,2011-01-26,Medical Leave,F,"$34,250.00",Suburban,Married,$138.00,14,104,0,2,Corporate Auto,Corporate L1,1,Branch,$660.96,Sports Car,Large
IZ37104,California,3061.27,No,Basic,Doctor,2011-01-26,Unemployed,M,$0.00,Suburban,Married,$82.00,4,90,0,1,Personal Auto,Personal L2,4,Call Center,$395.28,Four-Door Car,Medsize
VE46465,Oregon,6286.26,No,Extended,Master,2011-01-26,Unemployed,M,$0.00,Suburban,Married,$173.00,8,50,1,1,Personal Auto,Personal L2,1,Agent,"$2,090.22",Sports Car,Medsize
UM14135,Nevada,4407.96,Yes,Extended,Bachelor,2011-01-26,Employed,F,"$34,857.00",Suburban,Divorced,$111.00,14,93,0,1,Personal Auto,Personal L1,1,Agent,$531.36,Four-Door Car,Medsize
TX34322,Oregon,3266.06,No,Basic,College,2011-01-26,Unemployed,M,$0.00,Suburban,Married,$95.00,16,39,1,1,Personal Auto,Personal L1,1,Call Center,$453.60,Two-Door Car,Small
VW70435,Oregon,6654.89,Yes,Basic,Bachelor,2011-01-26,Employed,M,"$34,603.00",Suburban,Married,$85.00,36,70,0,7,Personal Auto,Personal L3,2,Call Center,$474.22,Two-Door Car,Medsize
WY58555,Oregon,6654.89,Yes,Basic,Bachelor,2011-01-26,Employed,M,"$34,603.00",Suburban,Married,$85.00,36,70,0,7,Personal Auto,Personal L3,2,Call Center,$474.22,Two-Door Car,Medsize
QX54905,Nevada,9720.9,Yes,Basic,College,2011-01-26,Unemployed,F,$0.00,Suburban,Married,$89.00,22,104,0,2,Corporate Auto,Corporate L3,2,Agent,$427.68,Four-Door Car,Medsize
LY19199,Oregon,6500.97,No,Basic,Bachelor,2011-01-26,Employed,M,"$1,08,479.00",Rural,Divorced,$84.00,35,45,1,3,Corporate Auto,Corporate L3,1,Branch,$112.58,Two-Door Car,Medsize
TS31417,Washington,53688.9,No,Basic,College,2011-01-26,Medical Leave,M,"$22,471.00",Suburban,Married,$158.00,26,124,0,2,Personal Auto,Personal L3,1,Web,$940.90,SUV,Medsize
EA14700,California,6705.09,No,Basic,Bachelor,2011-01-26,Unemployed,M,$0.00,Suburban,Single,$99.00,12,112,0,6,Personal Auto,Personal L3,2,Call Center,$709.56,Two-Door Car,Small
XX44146,California,8726.96,No,Extended,High School or Below,2011-01-26,Unemployed,F,$0.00,Suburban,Single,$120.00,45,132,0,3,Personal Auto,Personal L2,1,Branch,$865.08,Two-Door Car,Small
DT82702,Arizona,9720.9,Yes,Basic,College,2011-01-26,Unemployed,F,$0.00,Suburban,Married,$89.00,22,104,0,2,Personal Auto,Personal L3,2,Agent,$427.68,Four-Door Car,Medsize
DU60004,Nevada,4806.85,No,Extended,College,2011-01-26,Employed,F,"$1,03,638.00",Rural,Married,$119.00,8,123,0,1,Corporate Auto,Corporate L2,2,Web,$229.64,Four-Door Car,Medsize
KR82385,California,7363.69,No,Basic,Master,2011-01-26,Employed,M,"$89,551.00",Suburban,Single,$93.00,34,34,0,4,Personal Auto,Personal L3,4,Call Center,$447.12,Two-Door Car,Medsize
TG97744,Oregon,4407.96,Yes,Extended,Bachelor,2011-01-26,Employed,F,"$34,857.00",Suburban,Divorced,$111.00,14,93,0,1,Corporate Auto,Corporate L2,1,Agent,$531.36,Four-Door Car,Medsize
BU17847,Arizona,12252.29,Yes,Basic,Master,2011-01-26,Employed,M,"$50,925.00",Rural,Single,$157.00,11,31,0,8,Personal Auto,Personal L2,1,Agent,$213.40,Sports Car,Medsize
XD81935,Oregon,6894.67,Yes,Basic,Bachelor,2011-01-26,Employed,F,"$48,094.00",Urban,Married,$88.00,14,76,1,3,Personal Auto,Personal L3,2,Agent,$389.57,Four-Door Car,Medsize
TZ19823,California,4407.96,Yes,Extended,Bachelor,2011-01-26,Employed,F,"$34,857.00",Suburban,Divorced,$111.00,14,93,0,1,Personal Auto,Personal L3,1,Agent,$531.36,Four-Door Car,Medsize
NZ57264,California,10106.22,No,Basic,Bachelor,2011-01-26,Unemployed,M,$0.00,Suburban,Single,$153.00,45,24,0,4,Personal Auto,Personal L3,4,Call Center,"$1,098.36",SUV,Medsize
ZV80216,Oregon,7586.58,Yes,Premium,High School or Below,2011-01-26,Unemployed,M,$0.00,Suburban,Married,$207.00,34,7,0,1,Personal Auto,Personal L1,2,Web,"$1,386.45",SUV,Medsize
HM21382,Washington,3243.15,No,Basic,Bachelor,2011-01-26,Employed,M,"$62,384.00",Suburban,Married,$82.00,32,59,3,1,Personal Auto,Personal L3,2,Branch,$592.92,Two-Door Car,Medsize
KA62636,Oregon,6652.8,No,Basic,High School or Below,2011-01-26,Employed,M,"$1,32,188.00",Urban,Single,$90.00,19,43,5,3,Personal Auto,Personal L2,4,Agent,$376.90,Two-Door Car,Medsize
ZY57929,Arizona,11029.16,No,Basic,College,2011-01-26,Employed,F,"$44,279.00",Suburban,Divorced,$140.00,9,36,0,3,Personal Auto,Personal L2,1,Agent,$673.92,SUV,Medsize
QS70017,Arizona,11796.84,No,Premium,Bachelor,2011-01-26,Employed,M,"$58,856.00",Suburban,Married,$149.00,27,32,0,6,Personal Auto,Personal L3,1,Agent,$712.80,Two-Door Car,Medsize
NE83217,Nevada,5057.14,No,Extended,Bachelor,2011-01-26,Employed,F,"$94,962.00",Suburban,Single,$130.00,4,134,1,1,Personal Auto,Personal L2,3,Web,$925.97,Four-Door Car,Small
SH12501,Washington,5086.92,No,Extended,High School or Below,2011-01-26,Employed,M,"$58,606.00",Suburban,Married,$127.00,45,51,0,1,Personal Auto,Personal L2,4,Agent,$688.13,Two-Door Car,Medsize
JF19701,Arizona,5993.56,No,Basic,Bachelor,2011-01-26,Employed,M,"$1,01,862.00",Rural,Married,$151.00,8,122,0,1,Special Auto,Special L3,2,Web,$221.33,SUV,Medsize
UM52895,California,17690.81,No,Basic,Bachelor,2011-01-26,Employed,F,"$40,676.00",Suburban,Married,$149.00,30,16,0,2,Personal Auto,Personal L3,1,Call Center,$712.80,SUV,Small
QH46481,Washington,10395.84,No,Basic,High School or Below,2011-01-26,Unemployed,F,$0.00,Suburban,Single,$99.00,24,22,1,2,Corporate Auto,Corporate L1,1,Branch,"$1,070.37",Four-Door Car,Medsize
ZI72165,Arizona,6725.46,No,Basic,High School or Below,2011-01-26,Employed,M,"$44,788.00",Suburban,Married,$85.00,30,101,0,3,Corporate Auto,Corporate L3,3,Branch,$408.24,Four-Door Car,Medsize
ZP49970,Oregon,7863.5,No,Basic,Bachelor,2011-01-26,Employed,M,"$55,301.00",Suburban,Married,$100.00,9,77,0,8,Special Auto,Special L2,3,Agent,$479.52,Two-Door Car,Large
KR62128,California,12165.88,No,Basic,Master,2011-01-26,Employed,F,"$86,245.00",Rural,Single,$154.00,0,23,0,8,Personal Auto,Personal L3,2,Agent,$116.74,SUV,Medsize
FJ28407,California,7586.58,Yes,Premium,High School or Below,2011-01-26,Unemployed,M,$0.00,Suburban,Married,$207.00,34,7,0,1,Personal Auto,Personal L1,2,Web,"$1,386.45",SUV,Medsize
JH58282,California,9720.9,Yes,Basic,College,2011-01-26,Unemployed,F,$0.00,Suburban,Married,$89.00,22,104,0,2,Personal Auto,Personal L3,2,Agent,$427.68,Four-Door Car,Medsize
WA74455,Arizona,6368.79,No,Extended,College,2011-01-26,Unemployed,M,$0.00,Suburban,Married,$177.00,0,108,0,1,Personal Auto,Personal L1,2,Agent,$848.88,SUV,Large
XG47945,Oregon,7582.74,No,Basic,Master,2011-01-26,Employed,M,"$65,613.00",Suburban,Married,$95.00,41,62,0,5,Corporate Auto,Corporate L3,3,Agent,$658.64,Two-Door Car,Small
FP39090,Oregon,32572.13,Yes,Basic,Bachelor,2011-01-26,Medical Leave,M,"$18,997.00",Suburban,Divorced,$96.00,18,4,0,2,Special Auto,Special L2,1,Agent,$690.12,Four-Door Car,Medsize
HF67477,Washington,20379.96,No,Basic,High School or Below,2011-01-26,Disabled,M,"$20,127.00",Suburban,Married,$269.00,42,128,0,6,Personal Auto,Personal L2,1,Branch,"$1,671.40",Luxury Car,Medsize
MB69465,Arizona,8616.49,No,Extended,High School or Below,2011-01-26,Unemployed,M,$0.00,Suburban,Married,$117.00,19,90,0,3,Personal Auto,Personal L3,2,Web,$563.76,Four-Door Car,Medsize
CK31454,Arizona,6894.67,Yes,Basic,Bachelor,2011-01-26,Employed,F,"$48,094.00",Urban,Married,$88.00,14,76,1,3,Special Auto,Special L1,2,Agent,$389.57,Four-Door Car,Medsize
LT72149,Nevada,7586.58,Yes,Premium,High School or Below,2011-01-26,Unemployed,M,$0.00,Suburban,Married,$207.00,34,7,0,1,Personal Auto,Personal L2,2,Web,"$1,386.45",SUV,Medsize
RR37482,Washington,31125.02,No,Premium,High School or Below,2011-01-26,Employed,M,"$56,331.00",Rural,Married,$158.00,24,113,1,2,Personal Auto,Personal L2,1,Agent,$111.05,Four-Door Car,Medsize
HS39343,Washington,10092.31,No,Basic,Bachelor,2011-01-26,Disabled,F,"$40,005.00",Urban,Married,$265.00,35,77,0,1,Corporate Auto,Corporate L3,1,Agent,$721.78,Luxury Car,Medsize
WW52683,California,6841.31,No,Basic,Bachelor,2011-01-26,Employed,F,"$82,440.00",Rural,Married,$86.00,27,0,1,3,Personal Auto,Personal L3,2,Agent,$116.52,Four-Door Car,Medsize
PU81096,Arizona,9203.53,No,Basic,Bachelor,2011-01-26,Employed,M,"$59,328.00",Urban,Married,$82.00,45,58,4,2,Personal Auto,Personal L3,3,Agent,$393.38,Four-Door Car,Large
BV55733,Nevada,14651.49,No,Extended,College,2011-01-26,Employed,M,"$91,390.00",Rural,Married,$131.00,15,69,5,2,Corporate Auto,Corporate L3,4,Branch,$23.60,Two-Door Car,Medsize
NJ28041,Oregon,17625.02,No,Premium,High School or Below,2011-01-26,Employed,M,"$79,223.00",Suburban,Married,$219.00,5,104,0,9,Personal Auto,Personal L2,1,Web,"$1,574.64",SUV,Medsize
SM54927,Washington,9098.55,No,Extended,Bachelor,2011-01-26,Unemployed,F,$0.00,Rural,Married,$126.00,46,43,0,9,Personal Auto,Personal L2,1,Call Center,$17.65,Four-Door Car,Medsize
AB45325,Arizona,3479.38,No,Basic,High School or Below,2011-01-26,Employed,M,"$1,00,190.00",Suburban,Married,$86.00,36,55,0,1,Personal Auto,Personal L3,4,Branch,$465.99,Two-Door Car,Small
UV89077,Oregon,15712.51,Yes,Basic,College,2011-01-26,Medical Leave,F,"$34,250.00",Suburban,Married,$138.00,14,104,0,2,Personal Auto,Personal L3,1,Branch,$660.96,Sports Car,Large
RR49534,Oregon,4407.96,Yes,Extended,Bachelor,2011-01-26,Employed,F,"$34,857.00",Suburban,Divorced,$111.00,14,93,0,1,Personal Auto,Personal L3,1,Agent,$531.36,Four-Door Car,Medsize
YQ75801,Arizona,11980.64,No,Basic,High School or Below,2011-01-26,Employed,F,"$1,14,387.00",Rural,Married,$149.00,15,43,1,7,Personal Auto,Personal L1,1,Agent,$306.10,SUV,Medsize
RZ97154,Arizona,4822.86,No,Extended,Bachelor,2011-01-26,Employed,M,"$76,637.00",Suburban,Divorced,$124.00,15,77,0,1,Personal Auto,Personal L3,1,Agent,$596.16,Two-Door Car,Small
DC46685,California,15712.51,Yes,Basic,College,2011-01-26,Medical Leave,F,"$34,250.00",Suburban,Married,$138.00,14,104,0,2,Corporate Auto,Corporate L3,1,Branch,$660.96,Sports Car,Large
AP32891,Arizona,4634.5,No,Extended,High School or Below,2011-01-26,Unemployed,M,$0.00,Suburban,Married,$128.00,22,38,0,1,Personal Auto,Personal L2,4,Agent,$615.60,Four-Door Car,Medsize
IC94523,California,15712.51,Yes,Basic,College,2011-01-26,Medical Leave,F,"$34,250.00",Suburban,Married,$138.00,14,104,0,2,Personal Auto,Personal L2,1,Branch,$660.96,Sports Car,Large
PT46181,California,3336.05,No,Basic,College,2011-01-26,Employed,M,"$87,988.00",Suburban,Married,$84.00,32,43,0,1,Personal Auto,Personal L3,2,Branch,$401.76,Four-Door Car,Medsize
IJ26642,Nevada,6894.67,Yes,Basic,Bachelor,2011-01-26,Employed,F,"$48,094.00",Urban,Married,$88.00,14,76,1,3,Personal Auto,Personal L3,2,Agent,$389.57,Four-Door Car,Medsize
IZ26849,Oregon,7457.82,No,Basic,Bachelor,2011-01-26,Employed,F,"$94,986.00",Suburban,Married,$93.00,0,89,0,8,Personal Auto,Personal L3,2,Branch,$447.12,Two-Door Car,Small
UZ35113,California,13518.94,No,Extended,Bachelor,2011-01-26,Employed,F,"$1,00,560.00",Rural,Married,$167.00,15,49,0,3,Special Auto,Special L2,3,Branch,$173.52,SUV,Medsize
TK45392,California,6894.67,Yes,Basic,Bachelor,2011-01-26,Employed,F,"$48,094.00",Urban,Married,$88.00,14,76,1,3,Personal Auto,Personal L2,2,Agent,$389.57,Four-Door Car,Medsize
RS20615,California,7657.1,No,Basic,High School or Below,2011-01-26,Employed,F,"$47,215.00",Urban,Married,$96.00,9,49,0,3,Special Auto,Special L1,1,Web,$425.47,Four-Door Car,Medsize
QH27767,Oregon,7166.19,No,Basic,Doctor,2011-01-26,Employed,M,"$1,11,511.00",Urban,Divorced,$89.00,12,51,0,3,Personal Auto,Personal L2,4,Agent,$251.62,Four-Door Car,Medsize
UO44449,Washington,6630.01,No,Basic,College,2011-01-26,Employed,F,"$45,495.00",Urban,Married,$84.00,35,97,0,3,Corporate Auto,Corporate L3,1,Agent,$370.06,Four-Door Car,Medsize
IN64985,Nevada,8289.33,No,Extended,College,2011-01-26,Employed,F,"$46,051.00",Suburban,Married,$104.00,43,92,0,6,Personal Auto,Personal L3,2,Branch,$498.96,Four-Door Car,Small
VW65351,Washington,4529.96,No,Extended,College,2011-01-26,Employed,F,"$62,969.00",Rural,Married,$113.00,46,26,0,1,Personal Auto,Personal L2,3,Agent,$203.43,Four-Door Car,Medsize
WR85740,Arizona,11002.19,No,Basic,Doctor,2011-01-26,Unemployed,F,$0.00,Suburban,Married,$96.00,38,103,0,2,Corporate Auto,Corporate L3,2,Call Center,$460.08,Two-Door Car,Medsize
OT66924,Oregon,6320.06,No,Basic,Bachelor,2011-01-26,Disabled,F,"$19,718.00",Suburban,Married,$97.00,3,127,5,4,Personal Auto,Personal L2,3,Call Center,$593.69,Four-Door Car,Medsize
FV38119,Washington,13042.49,No,Extended,High School or Below,2011-01-26,Unemployed,M,$0.00,Suburban,Married,$182.00,1,132,0,9,Corporate Auto,Corporate L1,1,Agent,$874.80,SUV,Medsize
DV38369,California,9803.18,No,Basic,Bachelor,2011-01-26,Unemployed,M,$0.00,Suburban,Single,$136.00,9,26,0,4,Corporate Auto,Corporate L2,3,Web,$981.72,SUV,Medsize
WL40338,California,6894.67,Yes,Basic,Bachelor,2011-01-26,Employed,F,"$48,094.00",Urban,Married,$88.00,14,76,1,3,Personal Auto,Personal L1,2,Agent,$389.57,Four-Door Car,Medsize
VZ81004,Oregon,26000.79,No,Premium,Master,2011-01-26,Employed,F,"$48,564.00",Suburban,Married,$215.00,7,131,0,2,Personal Auto,Personal L2,1,Call Center,"$1,030.32",Sports Car,Large
RN71166,Oregon,6985.01,No,Basic,High School or Below,2011-01-26,Employed,F,"$1,18,909.00",Rural,Married,$86.00,47,127,0,5,Personal Auto,Personal L3,1,Branch,$111.35,Four-Door Car,Medsize
IL72707,California,4407.96,Yes,Extended,Bachelor,2011-01-26,Employed,F,"$34,857.00",Suburban,Divorced,$111.00,14,93,0,1,Personal Auto,Personal L2,1,Agent,$531.36,Four-Door Car,Medsize
XA50997,Nevada,7350.47,No,Basic,High School or Below,2011-01-26,Employed,M,"$1,23,381.00",Suburban,Married,$90.00,26,73,0,6,Personal Auto,Personal L3,1,Agent,$621.74,Two-Door Car,Medsize
GV33313,Arizona,6894.67,Yes,Basic,Bachelor,2011-01-26,Employed,F,"$48,094.00",Urban,Married,$88.00,14,76,1,3,Personal Auto,Personal L1,2,Agent,$389.57,Four-Door Car,Medsize
SD41771,California,60102.18,No,Premium,High School or Below,2011-01-26,Employed,M,"$66,500.00",Suburban,Single,$194.00,47,49,0,2,Personal Auto,Personal L3,3,Call Center,"$1,107.58",Sports Car,Medsize
VS63956,California,7926.09,No,Extended,Bachelor,2011-01-26,Employed,M,"$45,855.00",Suburban,Divorced,$103.00,0,81,0,8,Personal Auto,Personal L1,2,Agent,$492.48,Four-Door Car,Small
LY17996,California,8356.93,No,Extended,High School or Below,2011-01-26,Medical Leave,M,"$34,753.00",Suburban,Married,$107.00,18,85,0,8,Personal Auto,Personal L3,4,Branch,$804.93,Two-Door Car,Large
MM70762,Arizona,12252.29,Yes,Basic,Master,2011-01-26,Employed,M,"$50,925.00",Rural,Single,$157.00,11,31,0,8,Personal Auto,Personal L1,1,Agent,$213.40,Sports Car,Medsize
AS18084,California,15712.51,Yes,Basic,College,2011-01-26,Medical Leave,F,"$34,250.00",Suburban,Married,$138.00,14,104,0,2,Personal Auto,Personal L2,1,Branch,$660.96,Sports Car,Large
LL73047,California,10654.32,No,Basic,High School or Below,2011-01-26,Disabled,F,"$38,707.00",Suburban,Divorced,$96.00,19,46,0,2,Personal Auto,Personal L2,1,Branch,$460.08,Four-Door Car,Medsize
FR12423,Oregon,32572.13,Yes,Basic,Bachelor,2011-01-26,Medical Leave,M,"$18,997.00",Suburban,Divorced,$96.00,18,4,0,2,Personal Auto,Personal L3,1,Agent,$690.12,Four-Door Car,Medsize
QU93024,California,40104.16,No,Extended,Bachelor,2011-01-26,Unemployed,M,$0.00,Suburban,Single,$173.00,20,50,0,2,Personal Auto,Personal L2,1,Agent,"$1,816.18",SUV,Medsize
VK92827,California,7225.5,No,Basic,Bachelor,2011-01-26,Employed,M,"$1,26,368.00",Suburban,Divorced,$90.00,31,59,0,3,Personal Auto,Personal L3,2,Branch,$434.16,Four-Door Car,Small
JA76884,California,19488.16,Yes,Premium,Master,2011-01-26,Employed,M,"$82,188.00",Rural,Married,$161.00,34,120,0,2,Personal Auto,Personal L2,1,Agent,$148.37,Two-Door Car,Medsize
RO77709,California,10810.93,No,Basic,High School or Below,2011-01-26,Employed,M,"$86,096.00",Urban,Married,$135.00,39,4,0,3,Corporate Auto,Corporate L1,2,Call Center,$624.72,SUV,Small
VV97308,California,10155.92,No,Basic,High School or Below,2011-01-26,Employed,M,"$75,487.00",Suburban,Married,$85.00,31,55,0,2,Personal Auto,Personal L2,4,Agent,$408.24,Four-Door Car,Medsize
CW13886,California,11494.43,No,Basic,College,2011-01-26,Employed,M,"$65,378.00",Urban,Married,$97.00,11,7,1,2,Personal Auto,Personal L2,2,Call Center,$302.03,Four-Door Car,Medsize
NH76558,California,7769.5,No,Basic,High School or Below,2011-01-26,Employed,F,"$1,31,837.00",Rural,Married,$96.00,3,26,0,8,Personal Auto,Personal L2,2,Branch,$144.89,Two-Door Car,Medsize
IW54903,California,9720.9,Yes,Basic,College,2011-01-26,Unemployed,F,$0.00,Suburban,Married,$89.00,22,104,0,2,Personal Auto,Personal L1,2,Agent,$427.68,Four-Door Car,Medsize
OT50011,California,3606.07,No,Basic,Master,2011-01-26,Medical Leave,F,"$31,462.00",Rural,Married,$92.00,34,35,0,1,Personal Auto,Personal L2,2,Branch,$171.66,Four-Door Car,Medsize
WZ45123,California,19488.16,Yes,Premium,Master,2011-01-26,Employed,M,"$82,188.00",Rural,Married,$161.00,34,120,0,2,Personal Auto,Personal L2,1,Agent,$148.37,Two-Door Car,Medsize
JC93010,California,6654.89,Yes,Basic,Bachelor,2011-01-26,Employed,M,"$34,603.00",Suburban,Married,$85.00,36,70,0,7,Personal Auto,Personal L2,2,Call Center,$474.22,Two-Door Car,Medsize
EW17514,California,19488.16,Yes,Premium,Master,2011-01-26,Employed,M,"$82,188.00",Rural,Married,$161.00,34,120,0,2,Personal Auto,Personal L2,1,Agent,$148.37,Two-Door Car,Medsize
QS35019,California,19488.16,Yes,Premium,Master,2011-01-26,Employed,M,"$82,188.00",Rural,Married,$161.00,34,120,0,2,Personal Auto,Personal L2,1,Agent,$148.37,Two-Door Car,Medsize
GY40926,California,3526.91,No,Basic,College,2011-01-26,Employed,M,"$50,049.00",Suburban,Married,$89.00,22,47,0,1,Personal Auto,Personal L3,2,Branch,$427.68,Four-Door Car,Medsize
MU67498,California,9720.9,Yes,Basic,College,2011-01-26,Unemployed,F,$0.00,Suburban,Married,$89.00,22,104,0,2,Corporate Auto,Corporate L2,2,Agent,$427.68,Four-Door Car,Medsize
IS12075,California,6885.12,No,Basic,High School or Below,2011-01-26,Unemployed,F,$0.00,Suburban,Single,$96.00,12,3,1,7,Corporate Auto,Corporate L1,3,Web,$882.53,Four-Door Car,Small
ZZ68210,California,41507.05,No,Premium,High School or Below,2011-01-26,Unemployed,M,$0.00,Suburban,Single,$149.00,36,120,0,2,Personal Auto,Personal L2,1,Call Center,"$1,356.42",Four-Door Car,Medsize
ZO23305,California,6654.89,Yes,Basic,Bachelor,2011-01-26,Employed,M,"$34,603.00",Suburban,Married,$85.00,36,70,0,7,Personal Auto,Personal L2,2,Call Center,$474.22,Two-Door Car,Medsize
JC29850,California,10134.4,No,Basic,Bachelor,2011-01-26,Unemployed,M,$0.00,Suburban,Married,$90.00,22,16,1,2,Corporate Auto,Corporate L3,1,Call Center,$434.16,Two-Door Car,Medsize
CC93587,California,8000.62,No,Basic,College,2011-01-26,Employed,M,"$1,25,481.00",Urban,Married,$100.00,28,113,0,3,Personal Auto,Personal L1,2,Web,$455.36,Two-Door Car,Medsize
CX22458,California,12252.29,Yes,Basic,Master,2011-01-26,Employed,M,"$50,925.00",Rural,Single,$157.00,11,31,0,8,Personal Auto,Personal L3,1,Agent,$213.40,Sports Car,Medsize
UU42868,California,7586.58,Yes,Premium,High School or Below,2011-01-26,Unemployed,M,$0.00,Suburban,Married,$207.00,34,7,0,1,Corporate Auto,Corporate L2,2,Web,"$1,386.45",SUV,Medsize
VV68726,California,6930.09,No,Basic,High School or Below,2011-01-26,Disabled,F,"$38,673.00",Suburban,Divorced,$93.00,15,80,0,3,Personal Auto,Personal L2,1,Agent,$447.12,Four-Door Car,Small
NN71951,California,32752.37,No,Basic,High School or Below,2011-01-27,Employed,F,"$89,809.00",Rural,Married,$135.00,0,116,0,2,Personal Auto,Personal L3,1,Agent,$140.85,SUV,Medsize
GW33762,Oregon,9242.3,Yes,Extended,Bachelor,2011-01-27,Unemployed,F,$0.00,Suburban,Divorced,$128.00,18,27,0,5,Personal Auto,Personal L3,1,Call Center,$615.60,Two-Door Car,Large
DT85712,California,5560.03,No,Basic,Doctor,2011-01-27,Employed,M,"$46,410.00",Suburban,Married,$138.00,16,73,0,1,Personal Auto,Personal L1,3,Branch,$660.96,SUV,Medsize
SQ19467,Oregon,8848.19,No,Extended,College,2011-01-27,Disabled,F,"$34,050.00",Suburban,Single,$122.00,38,93,0,3,Personal Auto,Personal L3,2,Agent,$642.09,Four-Door Car,Small
JY67916,Oregon,17780.87,No,Premium,College,2011-01-27,Medical Leave,M,"$29,043.00",Suburban,Married,$161.00,28,109,1,2,Personal Auto,Personal L3,2,Branch,$917.77,Two-Door Car,Small
EP80820,California,8003.81,No,Basic,Bachelor,2011-01-27,Employed,F,"$54,717.00",Rural,Married,$100.00,23,43,0,9,Personal Auto,Personal L3,1,Agent,$41.27,Two-Door Car,Medsize
TS19868,California,3257.74,No,Basic,College,2011-01-27,Medical Leave,M,"$37,126.00",Suburban,Married,$85.00,27,0,0,1,Personal Auto,Personal L1,4,Branch,$732.13,Four-Door Car,Medsize
IS12901,Arizona,8056.96,No,Basic,Bachelor,2011-01-27,Employed,F,"$1,22,812.00",Urban,Married,$100.00,4,63,0,8,Personal Auto,Personal L3,2,Call Center,$314.45,Two-Door Car,Medsize
EO95328,Oregon,10692.14,No,Basic,Bachelor,2011-01-27,Employed,F,"$1,20,533.00",Suburban,Married,$90.00,9,42,3,2,Personal Auto,Personal L2,4,Agent,$434.16,Two-Door Car,Small
OD76309,Washington,10537.17,Yes,Basic,College,2011-01-27,Retired,F,"$28,449.00",Suburban,Divorced,$143.00,34,73,1,3,Personal Auto,Personal L3,1,Agent,$686.88,SUV,Small
RH42306,Arizona,6739.29,No,Basic,Bachelor,2011-01-27,Unemployed,F,$0.00,Suburban,Single,$96.00,8,7,0,3,Corporate Auto,Corporate L2,3,Web,$882.07,Four-Door Car,Small
JL19416,California,7943.82,No,Premium,High School or Below,2011-01-27,Unemployed,F,$0.00,Suburban,Single,$217.00,39,1,0,1,Personal Auto,Personal L3,1,Agent,"$1,564.92",SUV,Medsize
SF57173,Oregon,6212.21,No,Basic,Master,2011-01-27,Employed,M,"$1,13,932.00",Suburban,Married,$154.00,12,51,0,1,Personal Auto,Personal L3,4,Agent,$933.41,SUV,Medsize
UM45563,Washington,6078.62,No,Basic,Bachelor,2011-01-27,Employed,M,"$92,877.00",Rural,Single,$154.00,26,93,0,1,Personal Auto,Personal L2,2,Call Center,$125.44,SUV,Medsize
XD66024,Arizona,8013.62,No,Extended,College,2011-01-27,Unemployed,F,$0.00,Suburban,Single,$113.00,42,34,0,3,Personal Auto,Personal L3,3,Call Center,"$1,323.23",Four-Door Car,Medsize
RD62882,Arizona,9242.3,Yes,Extended,Bachelor,2011-01-27,Unemployed,F,$0.00,Suburban,Divorced,$128.00,18,27,0,5,Personal Auto,Personal L3,1,Call Center,$615.60,Two-Door Car,Large
JS42382,Oregon,8333.43,No,Extended,Master,2011-01-27,Employed,M,"$1,34,946.00",Suburban,Married,$103.00,26,112,0,4,Corporate Auto,Corporate L3,1,Agent,$492.48,Four-Door Car,Small
HK26543,California,6811.92,No,Basic,High School or Below,2011-01-27,Employed,M,"$37,876.00",Suburban,Married,$86.00,43,55,1,8,Personal Auto,Personal L3,1,Branch,$414.72,Four-Door Car,Medsize
FR55658,California,4711.54,No,Extended,Master,2011-01-27,Employed,M,"$1,22,830.00",Rural,Divorced,$117.00,45,53,0,1,Personal Auto,Personal L2,1,Branch,$105.41,Four-Door Car,Medsize
JH91579,Oregon,9242.3,Yes,Extended,Bachelor,2011-01-27,Unemployed,F,$0.00,Suburban,Divorced,$128.00,18,27,0,5,Personal Auto,Personal L2,1,Call Center,$615.60,Two-Door Car,Large
TW17878,Oregon,3317.73,No,Basic,High School or Below,2011-01-27,Employed,F,"$71,450.00",Suburban,Married,$82.00,3,124,0,1,Personal Auto,Personal L3,1,Call Center,$395.28,Four-Door Car,Medsize
QZ81258,Oregon,17817.2,Yes,Basic,College,2011-01-27,Unemployed,F,$0.00,Suburban,Single,$92.00,26,3,3,2,Personal Auto,Personal L3,1,Agent,$440.64,Four-Door Car,Large
QM74621,Oregon,7117.63,No,Extended,Bachelor,2011-01-27,Unemployed,M,$0.00,Suburban,Single,$108.00,12,93,0,7,Personal Auto,Personal L3,3,Agent,$777.60,Four-Door Car,Medsize
TF10720,Nevada,11695.54,No,Premium,Doctor,2011-01-27,Employed,F,"$91,480.00",Rural,Married,$144.00,38,14,2,9,Personal Auto,Personal L3,1,Web,$55.73,Four-Door Car,Medsize
JP58047,Oregon,11249.19,No,Extended,College,2011-01-27,Unemployed,M,$0.00,Suburban,Married,$107.00,9,97,0,2,Personal Auto,Personal L3,2,Web,$511.92,Four-Door Car,Medsize
KL43114,Arizona,6583.23,No,Basic,High School or Below,2011-01-27,Unemployed,F,$0.00,Suburban,Married,$89.00,20,76,0,3,Corporate Auto,Corporate L2,2,Branch,$427.68,Two-Door Car,Medsize
EB66698,California,4552.01,No,Extended,High School or Below,2011-01-27,Employed,M,"$1,17,030.00",Suburban,Single,$115.00,4,97,0,1,Corporate Auto,Corporate L3,2,Agent,$550.80,Two-Door Car,Small
FB23788,Oregon,11918.93,No,Basic,High School or Below,2011-01-27,Employed,M,"$1,17,073.00",Suburban,Divorced,$150.00,45,14,0,3,Corporate Auto,Corporate L2,4,Call Center,$719.28,SUV,Large
KD23847,Arizona,6596.83,No,Basic,High School or Below,2011-01-27,Employed,F,"$1,03,105.00",Suburban,Divorced,$82.00,28,38,0,7,Personal Auto,Personal L3,2,Call Center,$395.28,Four-Door Car,Small
EL92515,Oregon,15135.65,No,Extended,College,2011-01-27,Employed,F,"$55,513.00",Suburban,Divorced,$127.00,27,76,0,2,Personal Auto,Personal L2,1,Call Center,$609.12,Four-Door Car,Medsize
VW20823,California,22512.46,No,Extended,High School or Below,2011-01-27,Employed,M,"$78,089.00",Suburban,Married,$115.00,22,42,1,2,Personal Auto,Personal L3,3,Branch,$550.80,Four-Door Car,Small
SH74080,Oregon,10537.17,Yes,Basic,College,2011-01-27,Retired,F,"$28,449.00",Suburban,Divorced,$143.00,34,73,1,3,Personal Auto,Personal L2,1,Agent,$686.88,SUV,Small
SZ56338,Oregon,7556.12,Yes,Extended,High School or Below,2011-01-27,Employed,F,"$51,293.00",Suburban,Married,$188.00,22,68,0,1,Personal Auto,Personal L3,1,Branch,$900.72,SUV,Medsize
TL43709,Washington,12112.39,No,Basic,Bachelor,2011-01-27,Employed,M,"$1,21,080.00",Rural,Divorced,$100.00,19,5,0,2,Personal Auto,Personal L3,1,Branch,$184.72,Four-Door Car,Large
YJ99764,Nevada,10740.3,No,Basic,High School or Below,2011-01-27,Unemployed,M,$0.00,Suburban,Married,$100.00,23,36,0,2,Personal Auto,Personal L3,2,Web,$479.52,Four-Door Car,Medsize
ZJ26179,Oregon,11316.35,Yes,Basic,Bachelor,2011-01-27,Employed,M,"$35,097.00",Suburban,Married,$96.00,22,51,0,2,Personal Auto,Personal L3,2,Call Center,"$1,069.04",Four-Door Car,Medsize
ZQ94281,California,4380.5,No,Extended,College,2011-01-27,Employed,F,"$91,939.00",Urban,Divorced,$111.00,38,123,0,1,Personal Auto,Personal L2,2,Branch,$375.02,Two-Door Car,Medsize
VC77127,California,6655.24,No,Basic,High School or Below,2011-01-27,Unemployed,F,$0.00,Suburban,Single,$95.00,34,28,0,6,Personal Auto,Personal L3,4,Call Center,"$1,130.54",Four-Door Car,Medsize
VE31507,Oregon,10033.6,No,Basic,High School or Below,2011-01-27,Unemployed,F,$0.00,Suburban,Single,$96.00,5,103,0,2,Personal Auto,Personal L3,2,Web,$603.90,Four-Door Car,Medsize
OH11674,Arizona,10892.64,No,Basic,Bachelor,2011-01-27,Employed,F,"$69,638.00",Suburban,Divorced,$93.00,15,132,2,2,Corporate Auto,Corporate L1,1,Branch,$498.04,Two-Door Car,Small
CS93971,Arizona,10537.17,Yes,Basic,College,2011-01-27,Retired,F,"$28,449.00",Suburban,Divorced,$143.00,34,73,1,3,Personal Auto,Personal L2,1,Agent,$686.88,SUV,Small
RG13940,California,17817.2,Yes,Basic,College,2011-01-27,Unemployed,F,$0.00,Suburban,Single,$92.00,26,3,3,2,Personal Auto,Personal L2,1,Agent,$440.64,Four-Door Car,Large
TQ32702,Nevada,9437.74,No,Extended,College,2011-01-27,Employed,F,"$30,467.00",Suburban,Married,$119.00,42,85,0,6,Corporate Auto,Corporate L2,3,Branch,$570.24,Four-Door Car,Medsize
LS62045,Oregon,3822.77,No,Basic,Bachelor,2011-01-27,Employed,F,"$94,550.00",Suburban,Married,$95.00,8,82,0,1,Personal Auto,Personal L3,4,Web,$553.48,Four-Door Car,Large
DD44177,California,3234.02,Yes,Basic,Doctor,2011-01-27,Disabled,F,"$29,681.00",Suburban,Divorced,$85.00,1,12,0,1,Personal Auto,Personal L3,2,Branch,$450.49,Two-Door Car,Medsize
PY20159,Nevada,6463.55,No,Extended,College,2011-01-27,Employed,M,"$61,054.00",Rural,Single,$167.00,20,112,0,1,Corporate Auto,Corporate L1,3,Web,$282.39,Sports Car,Small
IG56214,Nevada,6764.11,No,Basic,High School or Below,2011-01-27,Disabled,M,"$14,704.00",Suburban,Divorced,$89.00,22,12,0,3,Personal Auto,Personal L1,1,Call Center,$427.68,Four-Door Car,Medsize
LC59148,Washington,7556.12,Yes,Extended,High School or Below,2011-01-27,Employed,F,"$51,293.00",Suburban,Married,$188.00,22,68,0,1,Personal Auto,Personal L1,1,Branch,$900.72,SUV,Medsize
XB77333,Oregon,17817.2,Yes,Basic,College,2011-01-27,Unemployed,F,$0.00,Suburban,Single,$92.00,26,3,3,2,Personal Auto,Personal L2,1,Agent,$440.64,Four-Door Car,Large
IL40123,Nevada,7681.02,No,Basic,College,2011-01-27,Employed,F,"$1,12,914.00",Suburban,Married,$95.00,27,18,0,4,Corporate Auto,Corporate L3,2,Branch,$635.92,Two-Door Car,Medsize
PU92298,Arizona,10740.81,No,Basic,Bachelor,2011-01-27,Medical Leave,F,"$30,644.00",Suburban,Married,$100.00,15,103,4,2,Personal Auto,Personal L3,1,Call Center,$479.52,Four-Door Car,Medsize
IS63925,Arizona,10537.17,Yes,Basic,College,2011-01-27,Retired,F,"$28,449.00",Suburban,Divorced,$143.00,34,73,1,3,Personal Auto,Personal L2,1,Agent,$686.88,SUV,Small
MS59254,Washington,15336.63,No,Premium,High School or Below,2011-01-27,Unemployed,M,$0.00,Suburban,Married,$140.00,39,9,0,2,Corporate Auto,Corporate L1,2,Branch,"$1,044.02",Two-Door Car,Small
PW90662,Oregon,18391.89,No,Extended,College,2011-01-27,Employed,M,"$90,531.00",Urban,Single,$170.00,1,115,4,2,Personal Auto,Personal L2,1,Web,$457.65,SUV,Medsize
OQ82364,Nevada,9242.3,Yes,Extended,Bachelor,2011-01-27,Unemployed,F,$0.00,Suburban,Divorced,$128.00,18,27,0,5,Corporate Auto,Corporate L3,1,Call Center,$615.60,Two-Door Car,Large
NU26460,Oregon,23911.48,No,Extended,College,2011-01-27,Unemployed,F,$0.00,Suburban,Single,$113.00,23,7,0,2,Corporate Auto,Corporate L3,1,Branch,$854.95,Four-Door Car,Small
IC11062,Nevada,7556.12,Yes,Extended,High School or Below,2011-01-27,Employed,F,"$51,293.00",Suburban,Married,$188.00,22,68,0,1,Personal Auto,Personal L3,1,Branch,$900.72,SUV,Medsize
UT61518,California,11316.35,Yes,Basic,Bachelor,2011-01-27,Employed,M,"$35,097.00",Suburban,Married,$96.00,22,51,0,2,Personal Auto,Personal L3,2,Call Center,"$1,069.04",Four-Door Car,Medsize
XB64251,Oregon,11360.17,No,Basic,College,2011-01-27,Employed,M,"$97,548.00",Rural,Married,$142.00,11,68,0,4,Personal Auto,Personal L2,1,Branch,$16.87,SUV,Medsize
EZ77297,California,4411.41,No,Extended,Master,2011-01-27,Employed,M,"$38,784.00",Urban,Single,$122.00,35,26,3,1,Personal Auto,Personal L3,3,Agent,$457.30,Four-Door Car,Medsize
EO95166,Oregon,6234.08,No,Premium,Bachelor,2011-01-27,Employed,M,"$55,575.00",Urban,Divorced,$159.00,22,5,0,1,Personal Auto,Personal L2,1,Branch,$749.19,Four-Door Car,Large
VC34797,California,3287.97,No,Basic,Bachelor,2011-01-27,Employed,F,"$55,243.00",Rural,Married,$84.00,0,68,2,1,Corporate Auto,Corporate L2,3,Agent,$14.26,Four-Door Car,Medsize
KC75958,California,22232.1,Yes,Basic,High School or Below,2011-01-27,Unemployed,F,$0.00,Suburban,Divorced,$85.00,5,70,0,2,Personal Auto,Personal L1,2,Agent,$924.92,Four-Door Car,Medsize
EN54716,Oregon,3234.02,Yes,Basic,Doctor,2011-01-27,Disabled,F,"$29,681.00",Suburban,Divorced,$85.00,1,12,0,1,Personal Auto,Personal L1,2,Branch,$450.49,Two-Door Car,Medsize
PY50779,Arizona,9531.29,No,Extended,High School or Below,2011-01-27,Employed,M,"$1,15,306.00",Rural,Divorced,$119.00,45,124,0,3,Personal Auto,Personal L1,1,Call Center,$181.82,Four-Door Car,Medsize
SR71812,California,8738.99,No,Extended,High School or Below,2011-01-27,Unemployed,F,$0.00,Suburban,Married,$119.00,4,134,0,6,Personal Auto,Personal L3,1,Agent,$632.47,Four-Door Car,Small
KA13067,Oregon,11300.04,No,Basic,High School or Below,2011-01-27,Employed,M,"$1,04,641.00",Urban,Divorced,$140.00,3,7,0,6,Corporate Auto,Corporate L3,2,Branch,$585.37,SUV,Small
WW85018,Washington,8496.85,No,Extended,Bachelor,2011-01-27,Employed,M,"$61,331.00",Suburban,Single,$109.00,28,50,0,8,Personal Auto,Personal L1,1,Agent,$524.88,Two-Door Car,Large
XP81320,Oregon,3403.57,No,Basic,College,2011-01-27,Medical Leave,F,"$26,510.00",Suburban,Married,$90.00,46,41,0,1,Personal Auto,Personal L3,1,Branch,$449.74,Four-Door Car,Medsize
CN63432,Arizona,17817.2,Yes,Basic,College,2011-01-27,Unemployed,F,$0.00,Suburban,Single,$92.00,26,3,3,2,Personal Auto,Personal L3,1,Agent,$440.64,Four-Door Car,Large
FL77069,California,10150.69,No,Basic,Bachelor,2011-01-27,Employed,F,"$43,736.00",Rural,Married,$257.00,19,128,0,1,Corporate Auto,Corporate L1,1,Agent,$451.75,Luxury SUV,Small
YG38576,Arizona,7029.13,No,Basic,College,2011-01-27,Medical Leave,M,"$29,152.00",Suburban,Married,$96.00,22,31,3,3,Personal Auto,Personal L2,4,Agent,$460.08,Four-Door Car,Small
DV22542,California,3675.25,No,Basic,High School or Below,2011-01-27,Employed,M,"$79,137.00",Urban,Divorced,$92.00,11,81,0,1,Personal Auto,Personal L3,2,Branch,$394.38,Two-Door Car,Large
PY42157,Washington,3337.54,No,Basic,High School or Below,2011-01-27,Employed,F,"$83,708.00",Suburban,Married,$82.00,42,130,0,1,Personal Auto,Personal L2,4,Agent,$395.28,Four-Door Car,Large
RZ97514,Oregon,10123.41,No,Basic,Master,2011-01-27,Unemployed,F,$0.00,Suburban,Married,$89.00,7,23,0,2,Personal Auto,Personal L1,3,Agent,$427.68,Four-Door Car,Medsize
FQ51281,Oregon,11030.34,No,Basic,Bachelor,2011-01-27,Employed,F,"$1,28,575.00",Rural,Married,$92.00,4,16,1,2,Personal Auto,Personal L3,2,Branch,$118.53,Four-Door Car,Large
UB87714,Oregon,13050.63,No,Extended,Master,2011-01-27,Employed,M,"$98,395.00",Rural,Divorced,$167.00,47,119,2,6,Personal Auto,Personal L2,1,Branch,$315.46,SUV,Medsize
XY33610,Washington,21188.98,No,Basic,College,2011-01-27,Employed,M,"$1,31,963.00",Urban,Divorced,$88.00,20,69,0,2,Personal Auto,Personal L3,2,Agent,$409.05,Four-Door Car,Medsize
HU94030,Arizona,13639.94,No,Extended,High School or Below,2011-01-27,Employed,F,"$63,000.00",Rural,Single,$174.00,36,113,1,3,Corporate Auto,Corporate L2,1,Branch,$80.36,SUV,Large
VR14881,Oregon,11461.29,No,Extended,Bachelor,2011-01-27,Unemployed,M,$0.00,Suburban,Single,$176.00,4,62,0,3,Personal Auto,Personal L3,2,Agent,$842.40,Sports Car,Medsize
DZ35379,Arizona,7804.37,No,Basic,High School or Below,2011-01-27,Employed,F,"$93,841.00",Urban,Married,$97.00,4,84,0,5,Personal Auto,Personal L2,2,Branch,$265.92,Two-Door Car,Medsize
YM98727,California,17525.06,No,Premium,High School or Below,2011-01-27,Employed,F,"$53,788.00",Suburban,Married,$147.00,7,131,1,2,Personal Auto,Personal L2,1,Agent,$706.32,Four-Door Car,Small
PG84165,California,3748.45,No,Extended,High School or Below,2011-01-27,Unemployed,M,$0.00,Suburban,Single,$104.00,8,49,0,1,Personal Auto,Personal L3,2,Branch,$748.44,Four-Door Car,Medsize
OJ84485,California,16897.84,No,Basic,High School or Below,2011-01-27,Medical Leave,M,"$17,019.00",Suburban,Married,$149.00,18,27,0,2,Personal Auto,Personal L2,1,Call Center,$712.80,SUV,Medsize
GH94657,California,3131.76,No,Basic,Bachelor,2011-01-27,Disabled,M,"$19,791.00",Suburban,Married,$82.00,19,131,0,1,Personal Auto,Personal L2,2,Call Center,$535.42,Four-Door Car,Medsize
WI81695,Oregon,4511.94,No,Extended,College,2011-01-27,Unemployed,F,$0.00,Suburban,Married,$123.00,11,81,0,1,Personal Auto,Personal L2,1,Agent,$589.68,Four-Door Car,Medsize
RN20799,Arizona,6419.51,No,Basic,High School or Below,2011-01-27,Retired,F,"$29,600.00",Suburban,Married,$85.00,18,0,0,7,Personal Auto,Personal L2,2,Agent,$408.24,Four-Door Car,Small
HW19506,Arizona,7556.12,Yes,Extended,High School or Below,2011-01-27,Employed,F,"$51,293.00",Suburban,Married,$188.00,22,68,0,1,Personal Auto,Personal L3,1,Branch,$900.72,SUV,Medsize
CG43444,California,12675.13,No,Extended,Bachelor,2011-01-27,Employed,F,"$45,359.00",Rural,Divorced,$108.00,31,42,0,2,Personal Auto,Personal L3,2,Branch,$150.21,Four-Door Car,Small
BD36887,Nevada,5631.1,No,Basic,College,2011-01-27,Employed,F,"$50,595.00",Suburban,Married,$142.00,5,72,0,1,Personal Auto,Personal L1,1,Agent,$882.48,Sports Car,Medsize
RC74014,Oregon,6736.96,No,Basic,College,2011-01-27,Unemployed,F,$0.00,Suburban,Single,$96.00,4,113,0,6,Special Auto,Special L3,3,Web,"$1,147.05",Two-Door Car,Small
VZ66567,California,5059.99,No,Basic,Bachelor,2011-01-27,Unemployed,M,$0.00,Suburban,Divorced,$143.00,32,36,0,1,Personal Auto,Personal L2,1,Branch,$686.88,SUV,Large
IH62666,California,9931.12,No,Basic,Bachelor,2011-01-27,Employed,F,"$44,670.00",Suburban,Married,$82.00,14,82,0,2,Personal Auto,Personal L1,1,Web,$395.28,Four-Door Car,Small
ML10022,Nevada,17817.2,Yes,Basic,College,2011-01-27,Unemployed,F,$0.00,Suburban,Single,$92.00,26,3,3,2,Personal Auto,Personal L1,1,Agent,$440.64,Four-Door Car,Large
OD45969,California,11517.39,No,Premium,Bachelor,2011-01-27,Employed,M,"$1,33,214.00",Rural,Married,$142.00,4,54,0,9,Personal Auto,Personal L2,1,Branch,$145.83,Four-Door Car,Large
NM40177,California,10814.81,No,Basic,Bachelor,2011-01-27,Employed,M,"$70,212.00",Urban,Married,$92.00,27,39,0,2,Personal Auto,Personal L3,1,Agent,$338.06,Four-Door Car,Medsize
MM44301,California,10537.17,Yes,Basic,College,2011-01-27,Retired,F,"$28,449.00",Suburban,Divorced,$143.00,34,73,1,3,Corporate Auto,Corporate L3,1,Agent,$686.88,SUV,Small
XR85926,Oregon,10816.69,No,Basic,Bachelor,2011-01-27,Employed,M,"$78,378.00",Suburban,Married,$90.00,38,66,0,2,Personal Auto,Personal L1,2,Call Center,$479.52,Four-Door Car,Medsize
PN69476,Nevada,3312,No,Basic,Master,2011-01-27,Unemployed,M,$0.00,Suburban,Married,$95.00,7,95,2,1,Personal Auto,Personal L3,4,Branch,$606.96,Two-Door Car,Medsize
XJ52902,Nevada,3721.24,No,Basic,High School or Below,2011-01-27,Employed,M,"$58,779.00",Rural,Married,$95.00,39,81,0,1,Corporate Auto,Corporate L3,2,Call Center,$158.74,Two-Door Car,Medsize
YL27602,Oregon,8631.73,No,Basic,Master,2011-01-27,Unemployed,M,$0.00,Suburban,Single,$89.00,5,8,2,2,Personal Auto,Personal L3,1,Agent,$427.68,Four-Door Car,Large
TP10619,California,6604.77,No,Basic,High School or Below,2011-01-27,Medical Leave,F,"$35,991.00",Suburban,Married,$85.00,31,54,0,8,Personal Auto,Personal L2,3,Agent,$612.36,Two-Door Car,Medsize
AH41065,Washington,25573.41,No,Extended,High School or Below,2011-01-27,Employed,M,"$79,449.00",Suburban,Married,$107.00,15,45,1,2,Personal Auto,Personal L1,2,Web,$667.15,Four-Door Car,Medsize
SS34897,California,3431.06,No,Basic,Bachelor,2011-01-27,Employed,M,"$85,787.00",Rural,Married,$86.00,1,72,0,1,Personal Auto,Personal L2,3,Call Center,$177.95,Four-Door Car,Medsize
OH76118,Washington,3736.12,No,Basic,High School or Below,2011-01-27,Unemployed,F,$0.00,Rural,Married,$97.00,36,81,0,1,Personal Auto,Personal L2,1,Web,$30.14,Four-Door Car,Medsize
LK63879,California,6406.67,No,Basic,High School or Below,2011-01-27,Unemployed,F,$0.00,Suburban,Single,$85.00,31,119,0,3,Personal Auto,Personal L2,1,Branch,$706.51,Four-Door Car,Medsize
EL55611,California,7499.91,No,Extended,High School or Below,2011-01-27,Employed,F,"$69,802.00",Urban,Married,$188.00,35,107,0,1,Personal Auto,Personal L3,1,Agent,$736.14,SUV,Medsize
MS67230,Nevada,31448.33,No,Basic,College,2011-01-27,Employed,F,"$1,16,749.00",Urban,Single,$88.00,12,93,0,2,Corporate Auto,Corporate L1,1,Agent,$256.46,Two-Door Car,Small
HO77809,Oregon,11729.82,No,Basic,College,2011-01-27,Employed,F,"$79,782.00",Suburban,Divorced,$149.00,42,99,0,3,Personal Auto,Personal L3,2,Agent,$899.01,SUV,Medsize
IV94496,Nevada,58343.24,No,Extended,High School or Below,2011-01-27,Employed,M,"$69,530.00",Suburban,Single,$297.00,41,134,0,2,Personal Auto,Personal L3,1,Agent,"$3,445.66",Luxury SUV,Medsize
SQ36805,Oregon,3234.02,Yes,Basic,Doctor,2011-01-27,Disabled,F,"$29,681.00",Suburban,Divorced,$85.00,1,12,0,1,Personal Auto,Personal L3,2,Branch,$450.49,Two-Door Car,Medsize
UR49989,Oregon,3679.01,No,Basic,Bachelor,2011-01-27,Employed,F,"$1,10,167.00",Suburban,Married,$90.00,9,100,0,1,Personal Auto,Personal L3,2,Agent,$572.70,Two-Door Car,Medsize
WY65854,Oregon,12265.03,No,Extended,Bachelor,2011-01-27,Unemployed,F,$0.00,Rural,Married,$111.00,19,36,2,2,Personal Auto,Personal L3,3,Agent,$198.12,Four-Door Car,Large
XU67970,Washington,2864.22,No,Basic,College,2011-01-27,Unemployed,M,$0.00,Suburban,Single,$84.00,15,61,0,1,Personal Auto,Personal L3,4,Call Center,$602.64,Two-Door Car,Small
GI46001,California,9242.3,Yes,Extended,Bachelor,2011-01-27,Unemployed,F,$0.00,Suburban,Divorced,$128.00,18,27,0,5,Personal Auto,Personal L3,1,Call Center,$615.60,Two-Door Car,Large
RP98585,Arizona,10273.77,No,Extended,Master,2011-01-27,Employed,M,"$51,416.00",Urban,Married,$130.00,23,14,0,7,Personal Auto,Personal L3,4,Agent,$328.37,Two-Door Car,Medsize
XK83294,California,10106.33,No,Basic,High School or Below,2011-01-27,Employed,F,"$52,279.00",Suburban,Single,$86.00,16,78,0,2,Corporate Auto,Corporate L1,1,Agent,$414.72,Two-Door Car,Medsize
DS57918,California,45520.44,No,Basic,Bachelor,2011-01-27,Medical Leave,M,"$37,125.00",Urban,Divorced,$154.00,34,63,0,2,Corporate Auto,Corporate L1,1,Branch,$637.58,SUV,Large
KU42210,Arizona,19799.41,No,Basic,Bachelor,2011-01-27,Unemployed,M,$0.00,Suburban,Single,$82.00,0,42,0,2,Corporate Auto,Corporate L2,1,Branch,$592.92,Four-Door Car,Small
FB76635,Oregon,5800.42,No,Basic,College,2011-01-27,Employed,F,"$83,345.00",Urban,Married,$144.00,28,88,0,1,Personal Auto,Personal L3,1,Branch,$669.16,Sports Car,Medsize
LA53648,California,12140.25,No,Extended,High School or Below,2011-01-27,Unemployed,F,$0.00,Suburban,Single,$174.00,18,5,0,7,Personal Auto,Personal L1,1,Call Center,"$1,430.42",SUV,Medsize
SN36487,Arizona,13915.33,No,Extended,College,2011-01-27,Employed,F,"$1,05,783.00",Suburban,Married,$173.00,8,101,0,3,Corporate Auto,Corporate L1,3,Agent,$829.44,SUV,Medsize
JL86651,Nevada,15909.81,No,Premium,College,2011-01-27,Employed,M,"$1,21,522.00",Rural,Married,$138.00,38,46,4,2,Personal Auto,Personal L2,1,Web,$27.55,Four-Door Car,Medsize
LO40410,Oregon,3234.02,Yes,Basic,Doctor,2011-01-27,Disabled,F,"$29,681.00",Suburban,Divorced,$85.00,1,12,0,1,Personal Auto,Personal L3,2,Branch,$450.49,Two-Door Car,Medsize
KZ80424,Washington,11316.35,Yes,Basic,Bachelor,2011-01-27,Employed,M,"$35,097.00",Suburban,Married,$96.00,22,51,0,2,Personal Auto,Personal L2,2,Call Center,"$1,069.04",Four-Door Car,Medsize
IM73868,Oregon,14123.14,No,Premium,College,2011-01-27,Unemployed,M,$0.00,Suburban,Single,$209.00,31,84,0,5,Corporate Auto,Corporate L2,1,Branch,"$1,506.60",Sports Car,Medsize
NB39218,California,16625.38,No,Premium,High School or Below,2011-01-27,Employed,M,"$92,367.00",Suburban,Married,$140.00,7,36,1,2,Personal Auto,Personal L2,2,Branch,$673.92,Four-Door Car,Medsize
JX88012,Oregon,10746.01,No,Basic,College,2011-01-27,Employed,F,"$1,32,773.00",Urban,Married,$136.00,19,47,3,3,Corporate Auto,Corporate L3,1,Agent,$390.40,SUV,Medsize
OB63331,Arizona,3798.23,No,Basic,Doctor,2011-01-27,Employed,F,"$68,036.00",Suburban,Married,$95.00,46,104,0,1,Corporate Auto,Corporate L1,2,Web,$473.38,Four-Door Car,Small
LR82110,Nevada,27137.23,No,Basic,Doctor,2011-01-27,Medical Leave,F,"$31,911.00",Suburban,Married,$138.00,43,84,0,2,Personal Auto,Personal L2,3,Web,$660.96,SUV,Medsize
CN29830,California,3368.88,No,Basic,High School or Below,2011-01-27,Employed,M,"$36,030.00",Suburban,Married,$86.00,46,31,0,1,Corporate Auto,Corporate L3,3,Agent,$573.36,Four-Door Car,Medsize
LJ59940,Nevada,22232.1,Yes,Basic,High School or Below,2011-01-27,Unemployed,F,$0.00,Suburban,Divorced,$85.00,5,70,0,2,Corporate Auto,Corporate L3,2,Agent,$924.92,Four-Door Car,Medsize
VW74085,Oregon,8008.96,No,Basic,High School or Below,2011-01-27,Employed,F,"$65,175.00",Rural,Married,$100.00,30,9,0,4,Personal Auto,Personal L3,1,Web,$132.57,Two-Door Car,Medsize
DG23204,California,3504,No,Basic,Doctor,2011-01-27,Employed,F,"$37,441.00",Urban,Married,$88.00,16,116,0,1,Personal Auto,Personal L3,2,Call Center,$261.01,Four-Door Car,Medsize
QR36329,Washington,3542.53,No,Basic,Bachelor,2011-01-27,Medical Leave,F,"$15,960.00",Urban,Single,$95.00,14,120,0,1,Corporate Auto,Corporate L1,1,Agent,$385.96,Two-Door Car,Large
TP52309,California,18565.83,No,Extended,High School or Below,2011-01-27,Unemployed,M,$0.00,Suburban,Married,$177.00,42,66,1,2,Personal Auto,Personal L1,3,Agent,$848.88,Sports Car,Medsize
TN79733,Oregon,22232.1,Yes,Basic,High School or Below,2011-01-27,Unemployed,F,$0.00,Suburban,Divorced,$85.00,5,70,0,2,Personal Auto,Personal L2,2,Agent,$924.92,Four-Door Car,Medsize
UM15297,California,13014.72,No,Extended,Bachelor,2011-01-27,Employed,F,"$41,082.00",Rural,Married,$165.00,8,22,0,3,Corporate Auto,Corporate L1,3,Call Center,$180.18,SUV,Small
WH41844,Oregon,7177.47,No,Basic,Bachelor,2011-01-27,Employed,F,"$61,906.00",Rural,Divorced,$90.00,20,77,0,3,Personal Auto,Personal L2,1,Call Center,$123.84,Two-Door Car,Small
VE87035,Oregon,11316.35,Yes,Basic,Bachelor,2011-01-27,Employed,M,"$35,097.00",Suburban,Married,$96.00,22,51,0,2,Personal Auto,Personal L3,2,Call Center,"$1,069.04",Four-Door Car,Medsize
WU50951,Washington,9242.3,Yes,Extended,Bachelor,2011-01-27,Unemployed,F,$0.00,Suburban,Divorced,$128.00,18,27,0,5,Personal Auto,Personal L2,1,Call Center,$615.60,Two-Door Car,Large
NK53902,Oregon,8720.52,No,Extended,High School or Below,2011-01-27,Employed,M,"$31,367.00",Suburban,Married,$111.00,43,62,0,3,Personal Auto,Personal L3,2,Call Center,$652.70,Four-Door Car,Large
UK18731,California,7554.56,No,Basic,Bachelor,2011-01-27,Retired,F,"$26,529.00",Suburban,Married,$97.00,4,92,0,5,Personal Auto,Personal L1,2,Web,$466.56,Two-Door Car,Small
VX43756,Oregon,6629.85,No,Basic,College,2011-01-27,Employed,M,"$44,419.00",Rural,Married,$86.00,5,55,3,3,Personal Auto,Personal L3,3,Web,$132.75,Four-Door Car,Medsize
HU76577,California,5242.59,No,Basic,Bachelor,2011-01-27,Unemployed,M,$0.00,Suburban,Married,$147.00,14,95,0,1,Personal Auto,Personal L1,1,Agent,"$1,033.97",SUV,Medsize
VG45203,Nevada,17817.2,Yes,Basic,College,2011-01-27,Unemployed,F,$0.00,Suburban,Single,$92.00,26,3,3,2,Personal Auto,Personal L2,1,Agent,$440.64,Four-Door Car,Large
PJ36749,Washington,7556.12,Yes,Extended,High School or Below,2011-01-27,Employed,F,"$51,293.00",Suburban,Married,$188.00,22,68,0,1,Personal Auto,Personal L2,1,Branch,$900.72,SUV,Medsize
LM83004,Arizona,16946.07,No,Basic,High School or Below,2011-01-27,Disabled,M,"$13,698.00",Suburban,Married,$90.00,20,70,0,2,Personal Auto,Personal L3,4,Branch,$620.02,Four-Door Car,Medsize
WH48955,Oregon,27320.15,No,Basic,Master,2011-01-27,Employed,F,"$74,615.00",Suburban,Married,$85.00,47,90,0,2,Personal Auto,Personal L1,1,Branch,$408.24,Two-Door Car,Medsize
SE44262,California,3856.88,No,Extended,Bachelor,2011-01-27,Unemployed,M,$0.00,Suburban,Married,$105.00,35,19,0,1,Personal Auto,Personal L3,1,Agent,$505.44,Four-Door Car,Medsize
NB86870,Arizona,22232.1,Yes,Basic,High School or Below,2011-01-27,Unemployed,F,$0.00,Suburban,Divorced,$85.00,5,70,0,2,Personal Auto,Personal L3,2,Agent,$924.92,Four-Door Car,Medsize
KN47424,Oregon,7448.22,No,Basic,High School or Below,2011-01-27,Employed,F,"$81,805.00",Urban,Married,$96.00,27,105,4,3,Personal Auto,Personal L3,1,Agent,$243.46,Four-Door Car,Medsize
LU37653,Oregon,13655.23,No,Extended,College,2011-01-27,Employed,F,"$99,901.00",Urban,Married,$113.00,22,0,0,2,Corporate Auto,Corporate L3,4,Call Center,$302.76,Four-Door Car,Medsize
HW61722,Oregon,9704.62,No,Basic,Bachelor,2011-01-27,Unemployed,F,$0.00,Urban,Married,$89.00,20,32,0,2,Personal Auto,Personal L3,2,Web,$376.08,Four-Door Car,Medsize
EH69733,Arizona,4522.01,No,Extended,Bachelor,2011-01-27,Employed,M,"$1,05,424.00",Urban,Married,$113.00,46,18,0,1,Corporate Auto,Corporate L2,2,Branch,$464.42,Four-Door Car,Medsize
NL39999,Washington,3543.61,No,Basic,High School or Below,2011-01-27,Medical Leave,M,"$24,474.00",Suburban,Divorced,$96.00,31,80,0,1,Personal Auto,Personal L2,3,Call Center,$460.08,Two-Door Car,Large
EP48362,Arizona,32148.25,No,Basic,Bachelor,2011-01-27,Employed,M,"$1,19,718.00",Urban,Married,$89.00,7,89,0,2,Personal Auto,Personal L1,2,Web,$272.38,Four-Door Car,Medsize
YU66872,California,11582.85,No,Basic,College,2011-01-27,Disabled,F,"$29,469.00",Suburban,Divorced,$150.00,8,80,0,3,Personal Auto,Personal L2,2,Call Center,$719.28,Sports Car,Medsize
HP80279,Oregon,9960.99,No,Basic,High School or Below,2011-01-27,Unemployed,F,$0.00,Suburban,Single,$142.00,4,16,0,4,Personal Auto,Personal L3,1,Branch,"$1,020.60",SUV,Small
WX18073,Arizona,8515.12,No,Extended,Bachelor,2011-01-27,Unemployed,M,$0.00,Suburban,Married,$119.00,22,38,2,7,Personal Auto,Personal L2,1,Branch,$570.24,Four-Door Car,Small
HH23204,California,3234.02,Yes,Basic,Doctor,2011-01-27,Disabled,F,"$29,681.00",Suburban,Divorced,$85.00,1,12,0,1,Personal Auto,Personal L1,2,Branch,$450.49,Two-Door Car,Medsize
UQ41461,Washington,6170.41,No,Basic,Bachelor,2011-01-27,Disabled,F,"$37,176.00",Urban,Divorced,$85.00,14,8,4,3,Personal Auto,Personal L2,1,Call Center,$385.89,Four-Door Car,Medsize
OP52966,Arizona,6553.39,No,Basic,High School or Below,2011-01-27,Employed,M,"$59,777.00",Suburban,Married,$82.00,43,9,0,3,Personal Auto,Personal L1,2,Agent,$395.28,Two-Door Car,Small
YD58301,California,8576.5,No,Extended,High School or Below,2011-01-27,Employed,F,"$1,08,792.00",Urban,Married,$105.00,9,7,0,6,Personal Auto,Personal L3,2,Agent,$372.86,Four-Door Car,Medsize
OJ60800,Oregon,10706.31,No,Basic,Bachelor,2011-01-27,Employed,M,"$1,02,584.00",Urban,Divorced,$90.00,0,54,0,2,Personal Auto,Personal L1,1,Agent,$270.74,Four-Door Car,Medsize
AF48816,Arizona,7820.1,No,Basic,Bachelor,2011-01-27,Employed,F,"$1,17,966.00",Suburban,Married,$97.00,35,88,0,5,Personal Auto,Personal L3,2,Web,$466.56,Four-Door Car,Large
KF44948,Washington,27670.54,No,Basic,High School or Below,2011-01-27,Unemployed,F,$0.00,Suburban,Single,$86.00,14,97,0,2,Personal Auto,Personal L2,1,Branch,$414.72,Four-Door Car,Medsize
AR75105,California,10537.17,Yes,Basic,College,2011-01-27,Retired,F,"$28,449.00",Suburban,Divorced,$143.00,34,73,1,3,Personal Auto,Personal L2,1,Agent,$686.88,SUV,Small
IA90990,California,13506.41,No,Extended,High School or Below,2011-01-27,Unemployed,F,$0.00,Suburban,Single,$120.00,8,74,0,2,Corporate Auto,Corporate L3,2,Branch,$865.08,Two-Door Car,Medsize
PP36346,Nevada,5006.9,No,Extended,High School or Below,2011-01-27,Disabled,F,"$31,581.00",Suburban,Married,$128.00,35,50,0,1,Corporate Auto,Corporate L1,2,Branch,$615.60,Four-Door Car,Medsize
DJ34695,California,29593.1,No,Basic,High School or Below,2011-01-27,Employed,M,"$81,243.00",Suburban,Married,$247.00,19,95,0,2,Corporate Auto,Corporate L3,4,Branch,"$1,334.52",Luxury Car,Medsize
KR89806,Oregon,22232.1,Yes,Basic,High School or Below,2011-01-27,Unemployed,F,$0.00,Suburban,Divorced,$85.00,5,70,0,2,Personal Auto,Personal L1,2,Agent,$924.92,Four-Door Car,Medsize
LN99977,California,5483.7,No,Basic,College,2011-01-27,Employed,F,"$40,582.00",Suburban,Single,$140.00,5,30,0,1,Special Auto,Special L2,1,Web,$673.92,Sports Car,Large
OQ15169,Washington,7556.12,Yes,Extended,High School or Below,2011-01-27,Employed,F,"$51,293.00",Suburban,Married,$188.00,22,68,0,1,Corporate Auto,Corporate L3,1,Branch,$900.72,SUV,Medsize
NT21324,Arizona,3769.04,No,Basic,College,2011-01-27,Employed,M,"$97,725.00",Urban,Married,$95.00,4,103,0,1,Personal Auto,Personal L1,2,Branch,$278.31,Four-Door Car,Medsize
AF17671,Washington,10483.06,No,Extended,Bachelor,2011-01-27,Employed,F,"$76,055.00",Suburban,Married,$131.00,35,34,0,3,Personal Auto,Personal L2,4,Web,$628.56,Four-Door Car,Medsize
VO25938,Oregon,11316.35,Yes,Basic,Bachelor,2011-01-27,Employed,M,"$35,097.00",Suburban,Married,$96.00,22,51,0,2,Personal Auto,Personal L1,2,Call Center,"$1,069.04",Four-Door Car,Medsize
ST43920,Arizona,3234.02,Yes,Basic,Doctor,2011-01-27,Disabled,F,"$29,681.00",Suburban,Divorced,$85.00,1,12,0,1,Personal Auto,Personal L3,2,Branch,$450.49,Two-Door Car,Medsize
JG68387,Nevada,10934.19,No,Basic,Bachelor,2011-01-27,Employed,F,"$82,258.00",Suburban,Married,$136.00,9,47,0,3,Corporate Auto,Corporate L3,1,Agent,$654.48,SUV,Large
OO65445,Oregon,3370.24,No,Basic,Bachelor,2011-01-27,Unemployed,F,$0.00,Urban,Married,$90.00,34,43,0,1,Personal Auto,Personal L1,1,Call Center,$244.80,Four-Door Car,Medsize
LU17507,California,52694.66,No,Basic,Bachelor,2011-01-27,Unemployed,F,$0.00,Suburban,Married,$243.00,15,88,0,2,Personal Auto,Personal L2,2,Call Center,"$1,166.40",Luxury SUV,Medsize
EX72956,California,6878.74,No,Basic,Bachelor,2011-01-27,Employed,F,"$93,772.00",Rural,Single,$86.00,9,82,0,6,Personal Auto,Personal L2,3,Branch,$136.91,Two-Door Car,Large
VY90611,California,3373.7,No,Basic,Master,2011-01-27,Employed,F,"$38,156.00",Suburban,Divorced,$85.00,30,12,0,1,Corporate Auto,Corporate L3,2,Agent,$492.24,Two-Door Car,Small
PV62467,California,6547.09,No,Basic,College,2011-01-27,Employed,F,"$49,158.00",Rural,Married,$82.00,28,103,0,3,Personal Auto,Personal L3,1,Branch,$206.57,Four-Door Car,Medsize
UA63517,California,11500.04,No,Basic,Doctor,2011-01-27,Unemployed,F,$0.00,Suburban,Married,$151.00,26,116,1,8,Personal Auto,Personal L3,2,Branch,$725.76,Sports Car,Medsize
UC34044,California,3498.86,No,Basic,College,2011-01-27,Employed,F,"$76,546.00",Suburban,Married,$88.00,46,49,0,1,Personal Auto,Personal L1,4,Web,$450.15,Four-Door Car,Small
QW72605,California,13900.95,No,Extended,Bachelor,2011-01-27,Unemployed,F,$0.00,Suburban,Single,$186.00,15,113,0,9,Personal Auto,Personal L2,2,Call Center,$900.42,SUV,Large
WX80471,California,9013.58,No,Extended,High School or Below,2011-01-27,Employed,M,"$76,781.00",Rural,Married,$113.00,0,95,0,6,Personal Auto,Personal L2,3,Branch,$196.36,Two-Door Car,Medsize
QW98193,California,5297.96,No,Basic,College,2011-01-27,Employed,M,"$76,248.00",Suburban,Single,$136.00,43,88,0,1,Corporate Auto,Corporate L2,3,Branch,$833.83,SUV,Medsize
UI75273,California,10154.79,No,Extended,High School or Below,2011-01-27,Employed,F,"$64,431.00",Suburban,Married,$127.00,34,45,0,3,Corporate Auto,Corporate L3,2,Call Center,$609.12,Two-Door Car,Medsize
QW21219,California,22232.1,Yes,Basic,High School or Below,2011-01-27,Unemployed,F,$0.00,Suburban,Divorced,$85.00,5,70,0,2,Corporate Auto,Corporate L1,2,Agent,$924.92,Four-Door Car,Medsize
MI91352,California,11316.35,Yes,Basic,Bachelor,2011-01-27,Employed,M,"$35,097.00",Suburban,Married,$96.00,22,51,0,2,Personal Auto,Personal L1,2,Call Center,"$1,069.04",Four-Door Car,Medsize
TT68630,California,4524.14,No,Extended,Bachelor,2011-01-27,Employed,F,"$1,21,788.00",Suburban,Married,$112.00,4,16,0,1,Personal Auto,Personal L1,2,Call Center,$537.84,Two-Door Car,Medsize
PU25344,California,9822.46,No,Basic,Bachelor,2011-01-27,Unemployed,M,$0.00,Suburban,Single,$143.00,32,104,0,6,Personal Auto,Personal L2,1,Call Center,"$1,684.53",SUV,Large
IL19217,California,5317.66,Yes,Extended,Bachelor,2011-01-28,Employed,F,"$81,028.00",Suburban,Married,$134.00,16,38,0,1,Personal Auto,Personal L2,2,Agent,"$1,191.88",Four-Door Car,Small
ML29312,Oregon,6074.32,No,Extended,High School or Below,2011-01-28,Disabled,F,"$22,908.00",Suburban,Divorced,$167.00,46,63,2,1,Personal Auto,Personal L3,1,Call Center,$951.44,SUV,Medsize
DY22043,Oregon,7424.25,No,Basic,High School or Below,2011-01-28,Employed,F,"$1,19,837.00",Suburban,Married,$92.00,23,104,0,7,Personal Auto,Personal L3,3,Branch,$440.64,Two-Door Car,Small
OE75747,Nevada,2956.02,No,Basic,College,2011-01-28,Unemployed,F,$0.00,Suburban,Married,$82.00,7,62,3,1,Personal Auto,Personal L2,3,Agent,$395.28,Four-Door Car,Small
MC83487,Arizona,5773.84,No,Basic,Bachelor,2011-01-28,Disabled,M,"$25,337.00",Suburban,Single,$92.00,26,72,3,3,Corporate Auto,Corporate L3,1,Agent,$874.06,Four-Door Car,Medsize
HG39060,Oregon,6899.42,No,Basic,Bachelor,2011-01-28,Unemployed,M,$0.00,Suburban,Single,$100.00,46,69,0,4,Corporate Auto,Corporate L2,1,Call Center,$719.28,Four-Door Car,Medsize
BG85305,Nevada,5073.04,No,Extended,Doctor,2011-01-28,Employed,M,"$49,455.00",Suburban,Single,$130.00,27,82,1,1,Personal Auto,Personal L2,2,Call Center,$622.08,Four-Door Car,Medsize
OD69005,Arizona,14150.62,No,Extended,High School or Below,2011-01-28,Employed,F,"$52,788.00",Rural,Married,$119.00,15,132,0,2,Personal Auto,Personal L3,3,Agent,$205.66,Four-Door Car,Medsize
XW89091,California,13252.31,Yes,Basic,College,2011-01-28,Employed,M,"$50,296.00",Rural,Married,$84.00,20,9,0,2,Personal Auto,Personal L3,1,Branch,$174.11,Four-Door Car,Medsize
HX44948,Oregon,7775.88,No,Basic,Bachelor,2011-01-28,Employed,M,"$1,15,355.00",Rural,Married,$97.00,22,103,0,3,Special Auto,Special L2,3,Agent,$21.65,Four-Door Car,Medsize
RE46783,California,5560.09,Yes,Premium,Bachelor,2011-01-28,Employed,F,"$93,662.00",Suburban,Single,$139.00,19,107,0,1,Personal Auto,Personal L2,1,Branch,$667.44,Two-Door Car,Medsize
PA16884,California,5560.09,Yes,Premium,Bachelor,2011-01-28,Employed,F,"$93,662.00",Suburban,Single,$139.00,19,107,0,1,Personal Auto,Personal L3,1,Branch,$667.44,Two-Door Car,Medsize
NY56352,Oregon,3785.29,No,Basic,Bachelor,2011-01-28,Medical Leave,F,"$31,347.00",Urban,Married,$100.00,4,99,0,1,Personal Auto,Personal L3,1,Agent,$339.30,Four-Door Car,Medsize
PK28821,California,3537.53,No,Basic,College,2011-01-28,Employed,M,"$33,373.00",Rural,Married,$90.00,4,103,0,1,Personal Auto,Personal L2,2,Branch,$188.95,Four-Door Car,Medsize
ZT30559,California,6408.03,No,Basic,High School or Below,2011-01-28,Disabled,F,"$20,478.00",Suburban,Married,$85.00,46,20,0,3,Personal Auto,Personal L3,4,Web,$408.24,Four-Door Car,Medsize
AB60627,California,20881.52,No,Extended,High School or Below,2011-01-28,Employed,M,"$1,04,648.00",Rural,Married,$174.00,26,27,0,2,Corporate Auto,Corporate L2,3,Branch,$133.54,SUV,Medsize
BM69081,Arizona,9379.16,No,Basic,Bachelor,2011-01-28,Unemployed,M,$0.00,Suburban,Single,$135.00,7,73,0,7,Personal Auto,Personal L1,2,Call Center,"$1,248.94",SUV,Medsize
TR81766,California,10074.95,Yes,Extended,College,2011-01-28,Employed,F,"$94,855.00",Rural,Married,$126.00,41,89,0,5,Corporate Auto,Corporate L2,2,Call Center,$9.92,Two-Door Car,Small
WH52799,Arizona,5140.96,Yes,Extended,College,2011-01-28,Employed,F,"$1,28,119.00",Suburban,Married,$127.00,4,51,0,1,Corporate Auto,Corporate L2,2,Agent,$609.12,Two-Door Car,Small
WR62597,Oregon,3120.37,No,Basic,College,2011-01-28,Medical Leave,M,"$33,265.00",Suburban,Married,$82.00,22,77,0,1,Corporate Auto,Corporate L2,1,Branch,$398.15,Four-Door Car,Medsize
NK73719,California,26180.84,No,Premium,College,2011-01-28,Employed,F,"$95,179.00",Rural,Divorced,$221.00,15,15,1,2,Corporate Auto,Corporate L3,1,Agent,$55.42,SUV,Medsize
FF61670,California,24477.1,No,Extended,High School or Below,2011-01-28,Unemployed,M,$0.00,Suburban,Single,$111.00,39,31,1,2,Personal Auto,Personal L2,3,Call Center,$531.36,Four-Door Car,Large
BF72793,California,9089.51,No,Basic,High School or Below,2011-01-28,Unemployed,F,$0.00,Suburban,Single,$84.00,14,42,0,2,Personal Auto,Personal L3,2,Agent,$602.64,Two-Door Car,Medsize
FF68864,Arizona,18914.21,No,Basic,Bachelor,2011-01-28,Employed,F,"$49,306.00",Rural,Married,$96.00,38,90,0,2,Personal Auto,Personal L1,2,Web,$136.83,Four-Door Car,Medsize
DF21541,Arizona,3572.87,No,Basic,College,2011-01-28,Disabled,F,"$31,280.00",Suburban,Divorced,$96.00,28,90,0,1,Personal Auto,Personal L3,1,Call Center,$460.08,Four-Door Car,Medsize
VT96364,California,12386.48,No,Premium,Bachelor,2011-01-28,Employed,M,"$92,021.00",Rural,Single,$161.00,36,50,2,6,Personal Auto,Personal L3,1,Agent,$300.49,Four-Door Car,Small
NU42684,Nevada,4582.87,No,Extended,College,2011-01-28,Employed,F,"$1,12,632.00",Suburban,Married,$113.00,18,45,0,1,Personal Auto,Personal L3,2,Web,$544.32,Four-Door Car,Medsize
HK15299,California,7397.8,No,Basic,High School or Below,2011-01-28,Employed,M,"$51,584.00",Suburban,Married,$93.00,34,55,0,3,Personal Auto,Personal L2,2,Agent,$517.11,Four-Door Car,Medsize
UM76485,Oregon,9487.48,No,Basic,College,2011-01-28,Unemployed,M,$0.00,Suburban,Single,$138.00,15,122,0,5,Personal Auto,Personal L2,2,Agent,$660.96,SUV,Medsize
MU88116,Oregon,6186.61,No,Basic,Master,2011-01-28,Employed,F,"$93,265.00",Urban,Married,$153.00,14,19,0,1,Corporate Auto,Corporate L3,1,Web,$637.57,Sports Car,Medsize
SJ43436,Oregon,3311.2,No,Basic,Bachelor,2011-01-28,Employed,F,"$71,260.00",Rural,Married,$82.00,3,122,0,1,Corporate Auto,Corporate L1,2,Agent,$61.72,Two-Door Car,Medsize
XX94684,Nevada,6857.56,No,Extended,High School or Below,2011-01-28,Employed,M,"$67,570.00",Suburban,Single,$176.00,8,68,0,1,Personal Auto,Personal L2,1,Agent,$842.40,Sports Car,Small
AR96516,Oregon,7985.18,No,Basic,Bachelor,2011-01-28,Employed,F,"$67,793.00",Suburban,Married,$100.00,24,3,0,9,Personal Auto,Personal L1,2,Web,$479.52,Two-Door Car,Medsize
KL17620,California,9625.9,No,Basic,College,2011-01-28,Disabled,F,"$16,284.00",Suburban,Single,$85.00,4,57,0,2,Corporate Auto,Corporate L1,4,Web,$408.24,Four-Door Car,Medsize
GX19342,California,11463.48,No,Premium,High School or Below,2011-01-28,Unemployed,F,$0.00,Suburban,Single,$157.00,4,131,0,3,Personal Auto,Personal L3,1,Branch,"$1,610.71",Four-Door Car,Large
LO67195,Arizona,10050.5,No,Extended,College,2011-01-28,Employed,F,"$75,663.00",Rural,Married,$124.00,35,39,0,5,Corporate Auto,Corporate L2,1,Agent,$111.69,Four-Door Car,Large
AP52126,Oregon,17754.97,No,Basic,College,2011-01-28,Employed,F,"$92,559.00",Rural,Married,$146.00,39,70,0,2,Personal Auto,Personal L3,2,Branch,$308.47,SUV,Medsize
SA91515,California,5389.99,No,Basic,Bachelor,2011-01-28,Unemployed,M,$0.00,Suburban,Married,$150.00,47,92,0,1,Personal Auto,Personal L1,1,Call Center,$945.47,SUV,Large
IX68587,Nevada,6880.51,Yes,Basic,Master,2011-01-28,Disabled,F,"$30,896.00",Suburban,Divorced,$88.00,12,109,0,3,Personal Auto,Personal L2,1,Agent,$421.20,Four-Door Car,Small
IC59236,California,6673.57,No,Basic,College,2011-01-28,Employed,F,"$60,429.00",Rural,Married,$84.00,19,15,0,6,Corporate Auto,Corporate L3,1,Branch,$154.59,Four-Door Car,Medsize
EN77569,Oregon,5140.96,Yes,Extended,College,2011-01-28,Employed,F,"$1,28,119.00",Suburban,Married,$127.00,4,51,0,1,Special Auto,Special L3,2,Agent,$609.12,Two-Door Car,Small
KZ26788,Washington,5560.09,Yes,Premium,Bachelor,2011-01-28,Employed,F,"$93,662.00",Suburban,Single,$139.00,19,107,0,1,Personal Auto,Personal L2,1,Branch,$667.44,Two-Door Car,Medsize
TY84623,California,13252.31,Yes,Basic,College,2011-01-28,Employed,M,"$50,296.00",Rural,Married,$84.00,20,9,0,2,Corporate Auto,Corporate L2,1,Branch,$174.11,Four-Door Car,Medsize
DQ15807,Oregon,3711.41,No,Extended,High School or Below,2011-01-28,Unemployed,M,$0.00,Suburban,Single,$108.00,20,112,0,1,Personal Auto,Personal L2,1,Call Center,"$1,113.06",Four-Door Car,Large
DH13219,Washington,4593.75,No,Extended,Bachelor,2011-01-28,Employed,M,"$77,528.00",Suburban,Married,$115.00,46,54,1,1,Corporate Auto,Corporate L3,1,Call Center,$559.78,Four-Door Car,Medsize
AA11235,Nevada,3467.94,No,Basic,Bachelor,2011-01-28,Medical Leave,F,"$15,075.00",Suburban,Married,$99.00,0,134,3,1,Personal Auto,Personal L3,2,Branch,$473.04,Two-Door Car,Medsize
TO55363,Oregon,18046.62,No,Basic,High School or Below,2011-01-28,Employed,F,"$77,402.00",Suburban,Married,$90.00,30,24,0,2,Personal Auto,Personal L1,4,Agent,$550.65,Two-Door Car,Medsize
OX75108,Arizona,7376.28,No,Basic,Master,2011-01-28,Employed,F,"$59,812.00",Urban,Married,$90.00,45,53,0,9,Personal Auto,Personal L1,2,Call Center,$289.94,Four-Door Car,Medsize
VU18023,California,10504.22,No,Basic,High School or Below,2011-01-28,Unemployed,F,$0.00,Suburban,Married,$95.00,39,126,0,2,Personal Auto,Personal L1,3,Call Center,$680.40,Four-Door Car,Small
BC87551,California,43613.49,No,Basic,High School or Below,2011-01-28,Employed,F,"$49,006.00",Suburban,Single,$159.00,15,115,0,2,Corporate Auto,Corporate L3,1,Branch,$874.74,SUV,Medsize
UI21548,California,3348.71,No,Basic,High School or Below,2011-01-28,Employed,F,"$39,749.00",Suburban,Married,$85.00,7,113,0,1,Personal Auto,Personal L3,3,Call Center,$408.24,Two-Door Car,Medsize
QJ50723,Oregon,25580.27,No,Extended,Master,2011-01-28,Unemployed,F,$0.00,Suburban,Married,$167.00,18,95,0,2,Personal Auto,Personal L3,1,Branch,$803.52,SUV,Medsize
QS79556,Arizona,12709.06,No,Extended,College,2011-01-28,Disabled,F,"$27,614.00",Suburban,Married,$113.00,19,54,2,2,Corporate Auto,Corporate L3,3,Branch,$762.64,Two-Door Car,Medsize
CA52541,California,5140.96,Yes,Extended,College,2011-01-28,Employed,F,"$1,28,119.00",Suburban,Married,$127.00,4,51,0,1,Corporate Auto,Corporate L2,2,Agent,$609.12,Two-Door Car,Small
ZB81881,California,7811.77,No,Basic,Bachelor,2011-01-28,Employed,M,"$60,458.00",Suburban,Married,$99.00,43,47,0,4,Personal Auto,Personal L2,1,Branch,$533.77,Two-Door Car,Medsize
KH81863,Oregon,6216.8,Yes,Basic,College,2011-01-28,Medical Leave,F,"$30,471.00",Suburban,Single,$85.00,39,69,0,9,Corporate Auto,Corporate L3,2,Web,$408.24,Four-Door Car,Large
WE57129,Washington,3903.82,No,Basic,Master,2011-01-28,Employed,M,"$29,672.00",Suburban,Married,$99.00,9,116,0,1,Personal Auto,Personal L3,2,Branch,$700.23,Two-Door Car,Small
EE48429,Nevada,3511.98,No,Basic,High School or Below,2011-01-28,Employed,F,"$1,08,788.00",Suburban,Divorced,$88.00,45,23,0,1,Personal Auto,Personal L2,4,Branch,$421.20,Two-Door Car,Small
SO18542,Oregon,11300.26,No,Basic,Bachelor,2011-01-28,Employed,F,"$45,102.00",Suburban,Married,$142.00,5,23,0,7,Personal Auto,Personal L3,1,Agent,$747.30,SUV,Medsize
BE61743,Washington,5548.22,No,Basic,Bachelor,2011-01-28,Employed,M,"$1,16,987.00",Urban,Married,$139.00,30,69,0,1,Personal Auto,Personal L3,3,Web,$426.91,Sports Car,Small
ZI60303,Oregon,13252.99,No,Extended,High School or Below,2011-01-28,Unemployed,M,$0.00,Suburban,Single,$188.00,12,30,0,6,Personal Auto,Personal L2,3,Branch,"$1,351.08",Sports Car,Medsize
MO68226,California,10074.95,Yes,Extended,College,2011-01-28,Employed,F,"$94,855.00",Rural,Married,$126.00,41,89,0,5,Personal Auto,Personal L2,2,Call Center,$9.92,Two-Door Car,Small
ZG82132,Oregon,5560.09,Yes,Premium,Bachelor,2011-01-28,Employed,F,"$93,662.00",Suburban,Single,$139.00,19,107,0,1,Personal Auto,Personal L2,1,Branch,$667.44,Two-Door Car,Medsize
VW73816,Oregon,12399.78,No,Basic,Bachelor,2011-01-28,Employed,M,"$99,623.00",Urban,Married,$157.00,1,104,1,3,Personal Auto,Personal L3,1,Agent,$677.32,SUV,Medsize
UE72026,California,6779.28,No,Extended,College,2011-01-28,Employed,F,"$94,065.00",Rural,Divorced,$170.00,28,53,0,1,Personal Auto,Personal L2,3,Agent,$414.21,Sports Car,Small
AE23906,Arizona,13252.31,Yes,Basic,College,2011-01-28,Employed,M,"$50,296.00",Rural,Married,$84.00,20,9,0,2,Personal Auto,Personal L2,1,Branch,$174.11,Four-Door Car,Medsize
GP20408,Oregon,5140.96,Yes,Extended,College,2011-01-28,Employed,F,"$1,28,119.00",Suburban,Married,$127.00,4,51,0,1,Personal Auto,Personal L3,2,Agent,$609.12,Two-Door Car,Small
FG24850,Oregon,6880.51,Yes,Basic,Master,2011-01-28,Disabled,F,"$30,896.00",Suburban,Divorced,$88.00,12,109,0,3,Personal Auto,Personal L2,1,Agent,$421.20,Four-Door Car,Small
KG53604,Oregon,13252.31,Yes,Basic,College,2011-01-28,Employed,M,"$50,296.00",Rural,Married,$84.00,20,9,0,2,Personal Auto,Personal L1,1,Branch,$174.11,Four-Door Car,Medsize
BX35013,Arizona,37318.37,No,Basic,Master,2011-01-28,Employed,F,"$85,591.00",Rural,Married,$153.00,28,20,0,2,Personal Auto,Personal L3,3,Agent,$70.65,SUV,Medsize
CJ81799,Oregon,10074.95,Yes,Extended,College,2011-01-28,Employed,F,"$94,855.00",Rural,Married,$126.00,41,89,0,5,Personal Auto,Personal L2,2,Call Center,$9.92,Two-Door Car,Small
ZZ35218,Oregon,7279.87,No,Basic,Doctor,2011-01-28,Unemployed,M,$0.00,Urban,Married,$100.00,26,11,0,8,Corporate Auto,Corporate L3,4,Agent,$428.10,Two-Door Car,Medsize
KW95891,Oregon,3557.45,No,Basic,High School or Below,2011-01-28,Employed,F,"$1,26,743.00",Suburban,Married,$88.00,9,14,0,1,Personal Auto,Personal L3,4,Branch,$421.20,Four-Door Car,Small
NR16284,California,10074.95,Yes,Extended,College,2011-01-28,Employed,F,"$94,855.00",Rural,Married,$126.00,41,89,0,5,Personal Auto,Personal L3,2,Call Center,$9.92,Two-Door Car,Small
OG72448,Arizona,11003.27,No,Premium,Bachelor,2011-01-28,Unemployed,M,$0.00,Suburban,Single,$154.00,15,27,0,3,Personal Auto,Personal L2,2,Branch,"$1,769.12",Four-Door Car,Small
OP43389,California,11040.62,No,Basic,College,2011-01-28,Employed,F,"$39,227.00",Suburban,Married,$138.00,30,32,0,3,Corporate Auto,Corporate L3,2,Agent,$660.96,SUV,Medsize
PP92749,California,5317.66,Yes,Extended,Bachelor,2011-01-28,Employed,F,"$81,028.00",Suburban,Married,$134.00,16,38,0,1,Special Auto,Special L2,2,Agent,"$1,191.88",Four-Door Car,Small
PL28709,California,6216.8,Yes,Basic,College,2011-01-28,Medical Leave,F,"$30,471.00",Suburban,Single,$85.00,39,69,0,9,Personal Auto,Personal L3,2,Web,$408.24,Four-Door Car,Large
PJ73790,Oregon,5317.66,Yes,Extended,Bachelor,2011-01-28,Employed,F,"$81,028.00",Suburban,Married,$134.00,16,38,0,1,Special Auto,Special L1,2,Agent,"$1,191.88",Four-Door Car,Small
CC16034,Oregon,23090.12,No,Basic,High School or Below,2011-01-28,Employed,F,"$69,858.00",Suburban,Married,$96.00,11,96,0,2,Personal Auto,Personal L3,2,Web,$460.08,Four-Door Car,Medsize
NV11692,Nevada,5967.34,No,Basic,Bachelor,2011-01-28,Unemployed,F,$0.00,Suburban,Single,$92.00,0,126,3,5,Personal Auto,Personal L3,2,Agent,$737.67,Four-Door Car,Large
NE21279,California,5966.38,No,Basic,Master,2011-01-28,Unemployed,F,$0.00,Suburban,Married,$151.00,22,16,0,1,Personal Auto,Personal L3,1,Agent,$725.76,SUV,Medsize
HN10814,Arizona,5641.09,No,Basic,Master,2011-01-28,Employed,M,"$83,853.00",Rural,Married,$140.00,1,0,0,1,Personal Auto,Personal L3,2,Web,$7.96,SUV,Medsize
QT61438,Oregon,8801.04,No,Extended,Master,2011-01-28,Employed,M,"$52,373.00",Suburban,Married,$111.00,41,55,1,3,Corporate Auto,Corporate L3,1,Branch,$531.36,Two-Door Car,Small
MD44130,Oregon,7711.71,No,Basic,High School or Below,2011-01-28,Employed,M,"$33,591.00",Suburban,Married,$97.00,18,27,0,8,Corporate Auto,Corporate L2,4,Branch,$466.56,Two-Door Car,Large
CJ46674,Oregon,3420.63,No,Basic,High School or Below,2011-01-28,Unemployed,M,$0.00,Suburban,Single,$96.00,15,104,0,1,Corporate Auto,Corporate L1,2,Web,$698.03,Four-Door Car,Medsize
PW88443,Oregon,3311.18,No,Basic,College,2011-01-28,Employed,F,"$44,231.00",Suburban,Married,$82.00,41,31,0,1,Personal Auto,Personal L2,4,Web,$395.49,Two-Door Car,Small
NC35008,Oregon,21497.34,No,Extended,College,2011-01-28,Employed,F,"$86,979.00",Rural,Married,$180.00,1,78,2,2,Personal Auto,Personal L3,3,Call Center,$299.81,SUV,Medsize
WH80404,California,23288.51,No,Basic,High School or Below,2011-01-28,Employed,M,"$30,073.00",Suburban,Married,$150.00,26,99,1,2,Personal Auto,Personal L2,3,Call Center,"$1,057.33",SUV,Medsize
XS98744,Oregon,6880.51,Yes,Basic,Master,2011-01-28,Disabled,F,"$30,896.00",Suburban,Divorced,$88.00,12,109,0,3,Special Auto,Special L1,1,Agent,$421.20,Four-Door Car,Small
OA23108,Oregon,5912.9,No,Basic,Doctor,2011-01-28,Employed,F,"$55,210.00",Urban,Married,$147.00,4,82,0,1,Personal Auto,Personal L3,1,Branch,$431.05,Sports Car,Medsize
SV43220,Oregon,13252.31,Yes,Basic,College,2011-01-28,Employed,M,"$50,296.00",Rural,Married,$84.00,20,9,0,2,Personal Auto,Personal L3,1,Branch,$174.11,Four-Door Car,Medsize
OJ63606,Arizona,7798.06,No,Premium,High School or Below,2011-01-28,Medical Leave,F,"$37,139.00",Suburban,Married,$215.00,7,38,3,1,Corporate Auto,Corporate L3,1,Call Center,"$1,176.47",SUV,Small
EC28398,Oregon,6880.51,Yes,Basic,Master,2011-01-28,Disabled,F,"$30,896.00",Suburban,Divorced,$88.00,12,109,0,3,Corporate Auto,Corporate L2,1,Agent,$421.20,Four-Door Car,Small
QN76596,California,18015.93,No,Basic,Bachelor,2011-01-28,Employed,M,"$1,08,374.00",Rural,Married,$151.00,8,54,1,2,Corporate Auto,Corporate L2,1,Agent,$49.92,SUV,Medsize
GE13332,Nevada,4881.45,No,Extended,High School or Below,2011-01-28,Unemployed,M,$0.00,Suburban,Married,$128.00,22,1,0,1,Personal Auto,Personal L3,1,Agent,$923.40,Four-Door Car,Medsize
OL55220,California,7075.54,No,Basic,Bachelor,2011-01-28,Employed,F,"$65,266.00",Urban,Single,$90.00,9,1,0,7,Personal Auto,Personal L3,2,Web,$286.21,Four-Door Car,Large
RW24925,Oregon,43093.04,No,Basic,College,2011-01-28,Employed,F,"$79,032.00",Rural,Married,$154.00,39,111,0,2,Personal Auto,Personal L3,2,Branch,$175.48,SUV,Medsize
TH59993,California,3327.09,No,Basic,College,2011-01-28,Employed,F,"$55,326.00",Rural,Married,$84.00,8,119,0,1,Corporate Auto,Corporate L1,1,Web,$144.00,Four-Door Car,Medsize
NK82261,California,4319.6,No,Extended,High School or Below,2011-01-28,Unemployed,M,$0.00,Suburban,Single,$127.00,8,82,0,1,Personal Auto,Personal L3,1,Agent,"$1,514.53",Two-Door Car,Large
WO53546,Oregon,45952.73,No,Basic,College,2011-01-28,Unemployed,M,$0.00,Suburban,Divorced,$140.00,35,89,0,2,Personal Auto,Personal L3,2,Agent,$673.92,Sports Car,Medsize
NY20756,California,13782.18,No,Extended,High School or Below,2011-01-28,Employed,M,"$49,367.00",Suburban,Married,$173.00,38,46,0,6,Personal Auto,Personal L3,1,Agent,"$1,321.14",SUV,Medsize
AB23825,California,11999.98,No,Extended,College,2011-01-28,Employed,M,"$29,037.00",Suburban,Single,$109.00,32,32,1,2,Personal Auto,Personal L1,4,Agent,$558.22,Two-Door Car,Medsize
BH61137,Arizona,11034.23,No,Basic,Bachelor,2011-01-28,Employed,F,"$91,994.00",Suburban,Married,$95.00,39,132,4,2,Personal Auto,Personal L1,1,Web,$453.60,Four-Door Car,Large
CD71877,Nevada,30538.01,No,Premium,Bachelor,2011-01-28,Employed,F,"$66,911.00",Rural,Single,$261.00,30,111,0,2,Corporate Auto,Corporate L3,1,Agent,$386.60,Sports Car,Medsize
ZI34278,Arizona,6064.52,No,Basic,Bachelor,2011-01-28,Medical Leave,F,"$28,535.00",Suburban,Single,$82.00,39,84,1,6,Personal Auto,Personal L1,2,Web,$395.28,Four-Door Car,Medsize
PS28082,Arizona,3500.45,No,Basic,High School or Below,2011-01-28,Employed,M,"$77,710.00",Suburban,Divorced,$89.00,9,82,0,1,Personal Auto,Personal L2,1,Branch,$427.68,Four-Door Car,Medsize
LE91297,Oregon,6986.64,No,Basic,Master,2011-01-28,Unemployed,M,$0.00,Suburban,Married,$96.00,0,35,0,9,Personal Auto,Personal L3,1,Agent,$460.08,Four-Door Car,Small
OU60143,Oregon,5317.66,Yes,Extended,Bachelor,2011-01-28,Employed,F,"$81,028.00",Suburban,Married,$134.00,16,38,0,1,Corporate Auto,Corporate L2,2,Agent,"$1,191.88",Four-Door Car,Small
YD74214,California,5140.96,Yes,Extended,College,2011-01-28,Employed,F,"$1,28,119.00",Suburban,Married,$127.00,4,51,0,1,Personal Auto,Personal L2,2,Agent,$609.12,Two-Door Car,Small
JL15127,Nevada,13252.31,Yes,Basic,College,2011-01-28,Employed,M,"$50,296.00",Rural,Married,$84.00,20,9,0,2,Personal Auto,Personal L3,1,Branch,$174.11,Four-Door Car,Medsize
UJ70796,Oregon,10008.12,No,Basic,College,2011-01-28,Employed,F,"$70,376.00",Rural,Married,$84.00,23,73,0,2,Personal Auto,Personal L3,2,Branch,$168.03,Four-Door Car,Medsize
GF70857,Nevada,3960.85,No,Extended,College,2011-01-28,Unemployed,M,$0.00,Rural,Married,$112.00,3,84,0,1,Personal Auto,Personal L3,2,Call Center,$269.80,Four-Door Car,Medsize
QE46704,Nevada,3876.05,No,Basic,College,2011-01-28,Employed,M,"$1,27,140.00",Urban,Married,$97.00,35,34,1,1,Personal Auto,Personal L2,2,Web,$305.24,Four-Door Car,Medsize
SG86615,Oregon,19653.87,No,Basic,High School or Below,2011-01-28,Employed,M,"$54,351.00",Urban,Married,$99.00,27,27,0,2,Personal Auto,Personal L1,4,Web,$404.33,Four-Door Car,Medsize
PM11577,Oregon,11443.63,No,Premium,Bachelor,2011-01-28,Employed,F,"$99,901.00",Rural,Married,$146.00,4,84,3,7,Corporate Auto,Corporate L3,1,Web,$343.32,Two-Door Car,Medsize
DJ71217,Washington,29108.31,No,Basic,College,2011-01-28,Unemployed,M,$0.00,Suburban,Single,$149.00,15,80,0,2,Personal Auto,Personal L2,3,Branch,"$1,069.20",SUV,Medsize
CG39505,Oregon,9789.3,No,Basic,Bachelor,2011-01-28,Disabled,M,"$25,198.00",Suburban,Divorced,$89.00,12,18,0,2,Personal Auto,Personal L3,1,Web,$787.43,Four-Door Car,Medsize
NB10500,California,5317.66,Yes,Extended,Bachelor,2011-01-28,Employed,F,"$81,028.00",Suburban,Married,$134.00,16,38,0,1,Personal Auto,Personal L3,2,Agent,"$1,191.88",Four-Door Car,Small
GR90142,Oregon,5140.96,Yes,Extended,College,2011-01-28,Employed,F,"$1,28,119.00",Suburban,Married,$127.00,4,51,0,1,Personal Auto,Personal L1,2,Agent,$609.12,Two-Door Car,Small
MY89889,Nevada,6803.18,No,Basic,Bachelor,2011-01-28,Unemployed,F,$0.00,Suburban,Single,$100.00,4,14,0,4,Personal Auto,Personal L3,3,Call Center,$479.52,Four-Door Car,Large
VQ47100,Washington,6608.23,No,Basic,High School or Below,2011-01-28,Employed,F,"$91,039.00",Suburban,Married,$82.00,8,38,0,4,Personal Auto,Personal L2,2,Web,$395.28,Four-Door Car,Medsize
KZ11847,California,6880.51,Yes,Basic,Master,2011-01-28,Disabled,F,"$30,896.00",Suburban,Divorced,$88.00,12,109,0,3,Personal Auto,Personal L3,1,Agent,$421.20,Four-Door Car,Small
YG71375,Nevada,8051.87,No,Basic,College,2011-01-28,Employed,F,"$1,32,405.00",Suburban,Married,$99.00,7,107,0,6,Personal Auto,Personal L1,1,Agent,$565.23,Four-Door Car,Large
CI38171,Washington,18627.95,No,Basic,Bachelor,2011-01-28,Employed,F,"$57,753.00",Suburban,Single,$244.00,15,58,2,5,Personal Auto,Personal L3,1,Call Center,"$1,172.88",Luxury SUV,Medsize
CH96412,Oregon,7321.23,No,Basic,Doctor,2011-01-28,Employed,F,"$1,14,774.00",Rural,Married,$92.00,30,73,3,6,Personal Auto,Personal L1,1,Call Center,$84.83,Four-Door Car,Large
UH62357,Washington,5926.43,No,Basic,High School or Below,2011-01-28,Unemployed,F,$0.00,Suburban,Divorced,$159.00,14,93,1,1,Personal Auto,Personal L3,1,Branch,$905.39,SUV,Medsize
CE46475,California,6216.8,Yes,Basic,College,2011-01-28,Medical Leave,F,"$30,471.00",Suburban,Single,$85.00,39,69,0,9,Corporate Auto,Corporate L2,2,Web,$408.24,Four-Door Car,Large
HE60335,Washington,5317.66,Yes,Extended,Bachelor,2011-01-28,Employed,F,"$81,028.00",Suburban,Married,$134.00,16,38,0,1,Corporate Auto,Corporate L1,2,Agent,"$1,191.88",Four-Door Car,Small
PZ75671,Oregon,9751.98,No,Extended,College,2011-01-28,Unemployed,F,$0.00,Suburban,Married,$131.00,42,78,0,3,Personal Auto,Personal L1,1,Web,$628.56,Four-Door Car,Medsize
FP66510,Washington,11051.23,No,Basic,High School or Below,2011-01-28,Employed,F,"$59,234.00",Urban,Married,$138.00,35,104,0,4,Corporate Auto,Corporate L1,1,Agent,$559.86,SUV,Medsize
TW46585,Nevada,6436.38,No,Basic,Bachelor,2011-01-28,Unemployed,M,$0.00,Suburban,Single,$97.00,3,16,0,9,Corporate Auto,Corporate L1,3,Call Center,$466.56,Four-Door Car,Medsize
LM37855,California,10269.45,No,Basic,College,2011-01-28,Unemployed,M,$0.00,Suburban,Married,$140.00,4,84,0,3,Personal Auto,Personal L2,1,Branch,$861.86,SUV,Small
JN78502,Washington,12669.28,No,Basic,High School or Below,2011-01-28,Employed,F,"$34,250.00",Suburban,Married,$157.00,28,86,0,3,Special Auto,Special L3,4,Web,$751.68,SUV,Small
GJ99406,Arizona,10074.95,Yes,Extended,College,2011-01-28,Employed,F,"$94,855.00",Rural,Married,$126.00,41,89,0,5,Corporate Auto,Corporate L2,2,Call Center,$9.92,Two-Door Car,Small
LJ21457,California,3887.33,No,Basic,College,2011-01-28,Employed,M,"$57,033.00",Suburban,Divorced,$100.00,5,70,0,1,Personal Auto,Personal L3,3,Web,$479.52,Two-Door Car,Small
DL53457,California,6216.8,Yes,Basic,College,2011-01-28,Medical Leave,F,"$30,471.00",Suburban,Single,$85.00,39,69,0,9,Personal Auto,Personal L3,2,Web,$408.24,Four-Door Car,Large
RI44399,California,7926.67,No,Extended,Bachelor,2011-01-28,Unemployed,F,$0.00,Suburban,Single,$108.00,32,27,0,7,Corporate Auto,Corporate L3,1,Call Center,"$1,175.92",Four-Door Car,Medsize
IJ83011,California,22072.68,No,Premium,College,2011-01-28,Unemployed,M,$0.00,Suburban,Single,$223.00,16,111,1,2,Corporate Auto,Corporate L2,1,Call Center,"$1,960.49",SUV,Medsize
EZ70589,Washington,10074.95,Yes,Extended,College,2011-01-28,Employed,F,"$94,855.00",Rural,Married,$126.00,41,89,0,5,Personal Auto,Personal L1,2,Call Center,$9.92,Two-Door Car,Small
IZ67803,California,20851.64,No,Basic,Master,2011-01-28,Employed,M,"$36,437.00",Urban,Married,$88.00,12,81,1,2,Personal Auto,Personal L1,3,Agent,$402.12,Four-Door Car,Medsize
LA20890,Oregon,3842.97,No,Basic,Bachelor,2011-01-28,Employed,F,"$90,288.00",Suburban,Married,$96.00,9,73,0,1,Personal Auto,Personal L3,4,Branch,$460.08,Four-Door Car,Medsize
GH12466,Washington,4472.57,No,Extended,High School or Below,2011-01-28,Employed,F,"$54,470.00",Rural,Married,$112.00,8,76,0,1,Personal Auto,Personal L3,2,Agent,$35.52,Four-Door Car,Medsize
SP46702,Oregon,13736.58,No,Extended,College,2011-01-28,Unemployed,M,$0.00,Suburban,Single,$134.00,20,113,0,2,Corporate Auto,Corporate L3,1,Branch,"$1,122.31",Two-Door Car,Medsize
FC10193,Washington,14337.66,No,Basic,College,2011-01-28,Employed,F,"$48,061.00",Urban,Single,$93.00,46,20,0,2,Personal Auto,Personal L1,3,Branch,$337.23,Four-Door Car,Medsize
RF94484,Oregon,6216.8,Yes,Basic,College,2011-01-28,Medical Leave,F,"$30,471.00",Suburban,Single,$85.00,39,69,0,9,Corporate Auto,Corporate L3,2,Web,$408.24,Four-Door Car,Large
LG90006,Oregon,15058.81,No,Extended,Doctor,2011-01-28,Employed,F,"$42,402.00",Urban,Married,$126.00,14,68,0,2,Personal Auto,Personal L3,1,Branch,$515.65,Four-Door Car,Medsize
GQ21970,Nevada,32546.21,No,Basic,Bachelor,2011-01-28,Disabled,F,"$23,297.00",Suburban,Single,$95.00,1,119,0,2,Personal Auto,Personal L2,1,Call Center,$744.03,Four-Door Car,Small
XC85830,Oregon,5560.09,Yes,Premium,Bachelor,2011-01-28,Employed,F,"$93,662.00",Suburban,Single,$139.00,19,107,0,1,Corporate Auto,Corporate L3,1,Branch,$667.44,Two-Door Car,Medsize
ZR22245,Washington,6216.8,Yes,Basic,College,2011-01-28,Medical Leave,F,"$30,471.00",Suburban,Single,$85.00,39,69,0,9,Personal Auto,Personal L3,2,Web,$408.24,Four-Door Car,Large
XJ81725,California,11025.29,No,Premium,College,2011-01-28,Unemployed,M,$0.00,Suburban,Single,$150.00,3,39,0,3,Personal Auto,Personal L2,1,Agent,"$1,078.92",Four-Door Car,Medsize
ZZ20738,California,12150.59,No,Basic,High School or Below,2011-01-28,Employed,F,"$37,946.00",Suburban,Married,$154.00,8,36,0,3,Personal Auto,Personal L2,4,Agent,$738.72,Sports Car,Medsize
VJ45879,California,6007.8,No,Premium,Bachelor,2011-01-28,Employed,M,"$36,245.00",Rural,Married,$154.00,14,68,0,1,Personal Auto,Personal L1,4,Agent,$135.75,Two-Door Car,Medsize
IQ30108,Oregon,4168.03,No,Extended,High School or Below,2011-01-28,Employed,M,"$91,248.00",Urban,Married,$104.00,3,105,0,1,Special Auto,Special L2,3,Agent,$267.41,Four-Door Car,Medsize
IF32545,Nevada,6880.51,Yes,Basic,Master,2011-01-28,Disabled,F,"$30,896.00",Suburban,Divorced,$88.00,12,109,0,3,Corporate Auto,Corporate L3,1,Agent,$421.20,Four-Door Car,Small
HX87528,California,4738.46,No,Extended,College,2011-01-28,Employed,M,"$69,930.00",Urban,Single,$124.00,39,16,0,1,Personal Auto,Personal L2,1,Agent,$404.26,Four-Door Car,Medsize
YF67162,California,3279.96,No,Basic,High School or Below,2011-01-28,Employed,F,"$32,320.00",Suburban,Married,$82.00,16,1,0,1,Corporate Auto,Corporate L2,3,Agent,$395.28,Four-Door Car,Medsize
UZ86963,California,12599.65,No,Extended,High School or Below,2011-01-28,Unemployed,F,$0.00,Suburban,Single,$174.00,45,19,0,3,Corporate Auto,Corporate L2,1,Agent,"$1,253.88",Sports Car,Medsize
ZE49470,California,6440.83,No,Basic,Master,2011-01-28,Employed,F,"$1,02,862.00",Urban,Single,$161.00,7,115,0,1,Personal Auto,Personal L2,1,Agent,$524.22,SUV,Large
QI99143,California,4175.05,No,Extended,Bachelor,2011-01-28,Employed,F,"$42,077.00",Urban,Married,$105.00,19,57,0,1,Corporate Auto,Corporate L1,1,Agent,$390.67,Four-Door Car,Medsize
YR10848,California,5560.09,Yes,Premium,Bachelor,2011-01-28,Employed,F,"$93,662.00",Suburban,Single,$139.00,19,107,0,1,Personal Auto,Personal L3,1,Branch,$667.44,Two-Door Car,Medsize
NW62233,California,7175.19,No,Basic,Master,2011-01-28,Employed,M,"$89,730.00",Urban,Married,$89.00,23,88,0,3,Personal Auto,Personal L2,4,Web,$397.85,Two-Door Car,Medsize
ZK67670,California,42873.78,No,Extended,Master,2011-01-28,Employed,F,"$59,679.00",Urban,Married,$134.00,31,77,0,2,Corporate Auto,Corporate L2,3,Agent,$550.31,Four-Door Car,Medsize
DY27031,California,6005.56,No,Basic,High School or Below,2011-01-28,Unemployed,M,$0.00,Suburban,Single,$95.00,36,32,3,3,Personal Auto,Personal L1,1,Agent,$584.33,Four-Door Car,Large
JQ81164,California,8985.8,No,Extended,College,2011-01-28,Disabled,F,"$35,948.00",Suburban,Married,$115.00,20,38,0,6,Corporate Auto,Corporate L1,1,Agent,$550.80,Two-Door Car,Large
CZ20440,California,5792.93,No,Basic,High School or Below,2011-01-28,Unemployed,F,$0.00,Suburban,Single,$84.00,1,3,1,7,Corporate Auto,Corporate L2,1,Agent,$545.39,Four-Door Car,Large
UF31027,California,5803.2,No,Basic,College,2011-01-28,Employed,F,"$1,03,650.00",Urban,Married,$144.00,42,62,1,1,Personal Auto,Personal L3,1,Agent,$675.90,SUV,Small
MW46400,California,10307.05,No,Premium,High School or Below,2011-01-28,Unemployed,F,$0.00,Suburban,Single,$143.00,12,86,0,3,Corporate Auto,Corporate L3,1,Branch,"$1,030.32",Four-Door Car,Medsize
GX11087,California,5274.49,No,Basic,High School or Below,2011-01-28,Unemployed,F,$0.00,Suburban,Single,$147.00,3,11,0,1,Personal Auto,Personal L2,1,Agent,$899.16,SUV,Medsize
FS42516,Oregon,7832.79,No,Basic,College,2011-01-29,Employed,M,"$1,31,680.00",Suburban,Married,$97.00,30,1,0,3,Personal Auto,Personal L3,2,Call Center,$525.40,Four-Door Car,Large
JP69864,Washington,3035.41,Yes,Basic,Bachelor,2011-01-29,Retired,F,"$33,629.00",Suburban,Single,$85.00,9,85,1,1,Personal Auto,Personal L1,1,Branch,$469.61,Four-Door Car,Medsize
II62831,California,6046.68,No,Basic,Master,2011-01-29,Employed,M,"$1,27,786.00",Urban,Married,$150.00,16,107,1,1,Special Auto,Special L2,4,Web,$620.65,SUV,Medsize
RF61565,California,3559.92,No,Basic,College,2011-01-29,Employed,M,"$43,080.00",Suburban,Married,$90.00,45,36,0,1,Personal Auto,Personal L3,2,Agent,$434.16,Four-Door Car,Medsize
UA94723,Oregon,5977.84,Yes,Basic,High School or Below,2011-01-29,Employed,F,"$79,079.00",Urban,Married,$149.00,8,84,0,1,Personal Auto,Personal L3,1,Agent,$410.23,SUV,Medsize
PB54378,Oregon,26436.33,No,Basic,Doctor,2011-01-29,Medical Leave,F,"$35,725.00",Suburban,Married,$97.00,38,126,0,2,Corporate Auto,Corporate L2,1,Branch,$466.56,Four-Door Car,Medsize
QE22757,Nevada,3363.28,Yes,Basic,Doctor,2011-01-29,Employed,M,"$49,452.00",Rural,Divorced,$84.00,41,104,0,1,Personal Auto,Personal L3,1,Agent,$91.17,Four-Door Car,Large
ON77649,Oregon,3926.98,No,Basic,College,2011-01-29,Employed,F,"$48,458.00",Urban,Married,$99.00,15,69,0,1,Personal Auto,Personal L3,2,Agent,$422.44,Four-Door Car,Medsize
TU92578,California,19840.46,No,Extended,College,2011-01-29,Employed,M,"$61,216.00",Suburban,Married,$169.00,0,99,0,2,Personal Auto,Personal L1,1,Agent,$810.00,SUV,Medsize
GT62080,Washington,10035.66,No,Basic,High School or Below,2011-01-29,Employed,M,"$75,007.00",Urban,Divorced,$85.00,3,107,0,2,Personal Auto,Personal L2,1,Call Center,$307.63,Four-Door Car,Medsize
ED50963,California,3629.97,No,Basic,High School or Below,2011-01-29,Employed,F,"$44,291.00",Suburban,Married,$92.00,1,119,1,1,Personal Auto,Personal L3,3,Branch,$731.29,Four-Door Car,Small
PT64580,Washington,5659.15,No,Basic,Master,2011-01-29,Employed,M,"$1,04,015.00",Rural,Married,$139.00,27,55,0,1,Personal Auto,Personal L1,2,Agent,$190.62,SUV,Medsize
YG85980,Nevada,9171.59,No,Extended,High School or Below,2011-01-29,Employed,F,"$30,038.00",Suburban,Married,$116.00,14,49,0,3,Personal Auto,Personal L3,3,Web,$972.81,Two-Door Car,Medsize
WA15684,Oregon,51901.91,No,Extended,College,2011-01-29,Employed,M,"$36,987.00",Suburban,Married,$169.00,5,96,1,2,Personal Auto,Personal L1,4,Call Center,$810.00,SUV,Medsize
PR31642,Oregon,6109.12,No,Basic,Bachelor,2011-01-29,Employed,F,"$44,283.00",Suburban,Married,$154.00,42,11,0,1,Personal Auto,Personal L1,2,Call Center,$738.72,SUV,Medsize
NT43594,Nevada,3035.41,Yes,Basic,Bachelor,2011-01-29,Retired,F,"$33,629.00",Suburban,Single,$85.00,9,85,1,1,Personal Auto,Personal L1,1,Branch,$469.61,Four-Door Car,Medsize
EL99335,California,3624.99,No,Basic,College,2011-01-29,Retired,F,"$27,821.00",Suburban,Divorced,$99.00,14,32,0,1,Personal Auto,Personal L2,3,Branch,$473.04,Four-Door Car,Small
JF83834,Oregon,3363.28,Yes,Basic,Doctor,2011-01-29,Employed,M,"$49,452.00",Rural,Divorced,$84.00,41,104,0,1,Corporate Auto,Corporate L1,1,Agent,$91.17,Four-Door Car,Large
QG51953,Oregon,6528.31,No,Basic,College,2011-01-29,Employed,M,"$49,484.00",Suburban,Married,$82.00,20,109,0,9,Personal Auto,Personal L3,1,Web,$398.55,Four-Door Car,Small
TJ76363,Arizona,14349.44,No,Extended,Doctor,2011-01-29,Employed,F,"$49,268.00",Rural,Married,$180.00,19,131,1,3,Corporate Auto,Corporate L3,2,Agent,$310.41,SUV,Medsize
RF44930,California,6702.25,No,Basic,College,2011-01-29,Employed,M,"$71,117.00",Rural,Married,$84.00,28,4,0,4,Personal Auto,Personal L3,2,Agent,$159.30,Four-Door Car,Medsize
ZY20779,Washington,6721.76,No,Basic,High School or Below,2011-01-29,Unemployed,M,$0.00,Suburban,Single,$96.00,23,77,0,5,Personal Auto,Personal L1,2,Agent,$460.08,Two-Door Car,Medsize
WH81461,Nevada,10182.66,No,Basic,College,2011-01-29,Unemployed,M,$0.00,Suburban,Single,$150.00,9,34,0,3,Personal Auto,Personal L2,3,Branch,"$1,602.41",SUV,Medsize
WO95180,California,3236,Yes,Basic,High School or Below,2011-01-29,Retired,F,"$30,082.00",Suburban,Divorced,$88.00,22,126,0,1,Corporate Auto,Corporate L3,1,Branch,$772.30,Four-Door Car,Medsize
EE76374,Nevada,28137.51,No,Basic,High School or Below,2011-01-29,Unemployed,F,$0.00,Suburban,Single,$97.00,19,39,0,2,Personal Auto,Personal L3,1,Web,$957.26,Four-Door Car,Medsize
HW42900,California,14854.07,No,Extended,College,2011-01-29,Employed,M,"$30,950.00",Suburban,Married,$126.00,1,134,0,2,Corporate Auto,Corporate L1,1,Web,$647.91,Four-Door Car,Small
PY80449,Arizona,6980.82,No,Extended,High School or Below,2011-01-29,Employed,M,"$72,364.00",Suburban,Married,$178.00,41,1,1,1,Personal Auto,Personal L3,1,Branch,$941.32,Sports Car,Medsize
ET22260,Nevada,7540.17,No,Extended,Doctor,2011-01-29,Unemployed,M,$0.00,Rural,Single,$108.00,19,23,0,9,Corporate Auto,Corporate L2,1,Web,$8.48,Four-Door Car,Medsize
QN37451,California,17235.76,No,Basic,College,2011-01-29,Unemployed,M,$0.00,Suburban,Single,$255.00,38,122,0,5,Corporate Auto,Corporate L2,1,Branch,"$2,971.79",Luxury Car,Medsize
OP54725,Washington,12880.25,No,Premium,College,2011-01-29,Employed,M,"$72,024.00",Suburban,Married,$161.00,5,9,0,6,Personal Auto,Personal L3,1,Branch,$771.12,Four-Door Car,Small
GF97874,Washington,7122.1,No,Basic,Master,2011-01-29,Employed,F,"$95,102.00",Rural,Married,$88.00,42,134,0,9,Personal Auto,Personal L1,4,Call Center,$210.02,Four-Door Car,Medsize
HW54198,Nevada,7022.66,No,Basic,Master,2011-01-29,Employed,M,"$1,27,151.00",Rural,Married,$86.00,27,68,0,3,Personal Auto,Personal L3,3,Call Center,$182.71,Four-Door Car,Medsize
MZ65087,Oregon,7507.74,No,Basic,College,2011-01-29,Employed,M,"$1,25,115.00",Rural,Divorced,$95.00,0,90,0,3,Personal Auto,Personal L3,4,Web,$46.83,Four-Door Car,Small
NZ85858,Arizona,7114.52,No,Basic,High School or Below,2011-01-29,Employed,F,"$1,05,455.00",Urban,Married,$88.00,1,16,0,4,Personal Auto,Personal L3,2,Branch,$344.86,Four-Door Car,Small
RL31641,Oregon,3040.76,No,Basic,College,2011-01-29,Unemployed,F,$0.00,Suburban,Single,$88.00,18,113,0,1,Personal Auto,Personal L3,3,Web,$631.80,Two-Door Car,Medsize
FI14842,Nevada,10607.36,No,Basic,College,2011-01-29,Unemployed,F,$0.00,Suburban,Married,$140.00,16,9,0,3,Personal Auto,Personal L2,2,Web,$673.92,SUV,Medsize
WQ68301,Oregon,3817.04,No,Basic,Bachelor,2011-01-29,Medical Leave,M,"$18,374.00",Suburban,Married,$100.00,9,86,0,1,Personal Auto,Personal L3,4,Agent,$479.52,Four-Door Car,Large
ZR11692,California,6889.45,No,Basic,Bachelor,2011-01-29,Employed,M,"$1,01,180.00",Urban,Married,$86.00,31,58,0,8,Corporate Auto,Corporate L3,3,Call Center,$292.61,Four-Door Car,Medsize
BM28359,Oregon,7362.51,No,Basic,High School or Below,2011-01-29,Employed,M,"$45,654.00",Urban,Single,$97.00,8,46,4,3,Personal Auto,Personal L3,2,Agent,$461.54,Four-Door Car,Large
SA25987,Washington,4696.84,No,Premium,High School or Below,2011-01-29,Unemployed,M,$0.00,Suburban,Single,$140.00,18,39,0,1,Personal Auto,Personal L2,3,Branch,$673.92,Two-Door Car,Medsize
SE76116,California,12916.41,No,Basic,Bachelor,2011-01-29,Employed,M,"$1,09,904.00",Rural,Divorced,$161.00,11,116,0,7,Personal Auto,Personal L2,1,Branch,$298.60,SUV,Medsize
IL42365,Arizona,6485.88,No,Extended,High School or Below,2011-01-29,Employed,F,"$70,149.00",Suburban,Married,$169.00,11,3,4,1,Personal Auto,Personal L2,1,Branch,"$1,064.08",Sports Car,Medsize
AG62087,California,4606.96,No,Extended,Bachelor,2011-01-29,Employed,M,"$40,952.00",Urban,Married,$117.00,23,57,0,1,Corporate Auto,Corporate L3,3,Agent,$440.28,Four-Door Car,Medsize
TW12556,Oregon,5977.84,Yes,Basic,High School or Below,2011-01-29,Employed,F,"$79,079.00",Urban,Married,$149.00,8,84,0,1,Personal Auto,Personal L3,1,Agent,$410.23,SUV,Medsize
HG64216,California,3823.89,No,Basic,College,2011-01-29,Employed,M,"$50,117.00",Suburban,Married,$97.00,5,23,0,1,Personal Auto,Personal L3,2,Branch,$581.20,Two-Door Car,Medsize
JG76775,Washington,40583.28,No,Extended,High School or Below,2011-01-29,Employed,M,"$65,148.00",Suburban,Married,$336.00,16,116,0,2,Personal Auto,Personal L1,1,Branch,"$1,613.52",Luxury Car,Medsize
LX97765,Arizona,5869.25,No,Premium,College,2011-01-29,Employed,F,"$1,09,906.00",Urban,Divorced,$147.00,1,39,0,1,Personal Auto,Personal L3,1,Branch,$464.80,Two-Door Car,Large
KZ29413,Oregon,21158.14,No,Extended,Master,2011-01-29,Unemployed,M,$0.00,Suburban,Married,$188.00,5,47,0,2,Personal Auto,Personal L3,1,Branch,$900.72,SUV,Medsize
RW65977,Arizona,2958.03,No,Basic,College,2011-01-29,Unemployed,M,$0.00,Suburban,Single,$82.00,12,22,1,1,Special Auto,Special L2,1,Agent,$592.92,Four-Door Car,Medsize
TA78865,Nevada,27721.43,No,Extended,High School or Below,2011-01-29,Unemployed,M,$0.00,Suburban,Single,$126.00,32,34,0,2,Special Auto,Special L3,3,Agent,$903.96,Four-Door Car,Small
LO42325,California,7334.84,No,Basic,Bachelor,2011-01-29,Employed,F,"$39,999.00",Urban,Married,$96.00,28,69,4,5,Special Auto,Special L1,1,Agent,$308.40,Four-Door Car,Medsize
KK95092,Arizona,10267.61,No,Basic,Bachelor,2011-01-29,Employed,M,"$74,629.00",Suburban,Married,$259.00,30,92,1,1,Personal Auto,Personal L3,1,Agent,"$1,244.16",Luxury SUV,Medsize
KI45566,Nevada,9897.54,No,Basic,College,2011-01-29,Unemployed,M,$0.00,Rural,Married,$135.00,1,34,0,4,Personal Auto,Personal L2,1,Branch,$83.13,Sports Car,Small
JV80614,California,3968.1,No,Basic,College,2011-01-29,Employed,M,"$72,032.00",Rural,Married,$99.00,5,104,0,1,Personal Auto,Personal L3,2,Call Center,$74.68,Four-Door Car,Medsize
QW17940,California,3646.33,No,Basic,High School or Below,2011-01-29,Employed,M,"$1,07,044.00",Rural,Married,$90.00,24,78,0,1,Corporate Auto,Corporate L2,2,Branch,$74.78,Four-Door Car,Medsize
FE70473,Oregon,7751.33,No,Basic,College,2011-01-29,Employed,F,"$1,16,965.00",Rural,Married,$96.00,23,107,0,6,Personal Auto,Personal L3,4,Branch,$218.37,Two-Door Car,Small
LJ93770,Arizona,5662.79,No,Basic,Doctor,2011-01-29,Employed,F,"$34,534.00",Urban,Married,$142.00,12,28,0,1,Personal Auto,Personal L3,2,Branch,$580.09,SUV,Medsize
AF49625,Oregon,9705.29,No,Extended,Bachelor,2011-01-29,Employed,F,"$1,02,381.00",Urban,Single,$122.00,8,86,0,6,Corporate Auto,Corporate L2,2,Agent,$579.03,Two-Door Car,Small
RQ79244,California,4539.45,No,Extended,College,2011-01-29,Unemployed,F,$0.00,Suburban,Single,$131.00,38,39,0,1,Personal Auto,Personal L1,1,Branch,$942.84,Four-Door Car,Medsize
NR49426,Nevada,7014.36,No,Basic,College,2011-01-29,Employed,M,"$93,809.00",Suburban,Divorced,$92.00,18,34,3,3,Personal Auto,Personal L2,1,Branch,$440.64,Four-Door Car,Medsize
AK61491,Oregon,3363.28,Yes,Basic,Doctor,2011-01-29,Employed,M,"$49,452.00",Rural,Divorced,$84.00,41,104,0,1,Personal Auto,Personal L3,1,Agent,$91.17,Four-Door Car,Large
AV96010,Oregon,4440.31,No,Extended,College,2011-01-29,Employed,M,"$54,131.00",Rural,Single,$124.00,31,47,4,1,Personal Auto,Personal L2,1,Call Center,$306.75,Two-Door Car,Medsize
PT29055,Oregon,8974.59,No,Basic,Bachelor,2011-01-29,Unemployed,F,$0.00,Suburban,Single,$88.00,46,36,0,2,Personal Auto,Personal L3,1,Web,$421.20,Four-Door Car,Medsize
JO77924,Oregon,13513.69,No,Extended,High School or Below,2011-01-29,Employed,M,"$89,601.00",Rural,Married,$169.00,3,101,0,5,Personal Auto,Personal L3,2,Agent,$58.18,SUV,Medsize
IX60436,Arizona,3852.05,No,Basic,Bachelor,2011-01-29,Employed,M,"$87,884.00",Suburban,Married,$99.00,11,26,2,1,Special Auto,Special L1,2,Branch,$473.04,Four-Door Car,Medsize
RJ40995,Arizona,3363.28,Yes,Basic,Doctor,2011-01-29,Employed,M,"$49,452.00",Rural,Divorced,$84.00,41,104,0,1,Personal Auto,Personal L2,1,Agent,$91.17,Four-Door Car,Large
MP13698,Oregon,10543.31,No,Premium,College,2011-01-29,Unemployed,F,$0.00,Suburban,Single,$150.00,39,81,0,3,Personal Auto,Personal L1,2,Agent,$719.28,Two-Door Car,Medsize
KT30737,California,5393.73,No,Basic,College,2011-01-29,Unemployed,M,$0.00,Suburban,Single,$161.00,26,132,0,1,Corporate Auto,Corporate L1,2,Agent,"$1,156.68",SUV,Medsize
DX28320,California,6900.33,No,Basic,High School or Below,2011-01-29,Unemployed,F,$0.00,Suburban,Single,$97.00,8,18,2,7,Personal Auto,Personal L3,1,Branch,$802.82,Four-Door Car,Medsize
BW76745,Oregon,3363.28,Yes,Basic,Doctor,2011-01-29,Employed,M,"$49,452.00",Rural,Divorced,$84.00,41,104,0,1,Personal Auto,Personal L2,1,Agent,$91.17,Four-Door Car,Large
JW15941,California,5187.77,No,Extended,Master,2011-01-29,Employed,M,"$1,32,073.00",Rural,Married,$128.00,7,132,0,1,Personal Auto,Personal L3,2,Web,$145.34,Two-Door Car,Medsize
GM70734,California,18307.63,No,Extended,College,2011-01-29,Medical Leave,F,"$39,278.00",Urban,Divorced,$123.00,39,63,1,2,Corporate Auto,Corporate L3,1,Agent,$379.08,Two-Door Car,Medsize
SS95187,Arizona,4514.31,No,Extended,Bachelor,2011-01-29,Employed,M,"$55,072.00",Urban,Divorced,$117.00,8,117,0,1,Personal Auto,Personal L3,4,Branch,$451.51,Four-Door Car,Medsize
JG65202,Oregon,10629.32,No,Basic,High School or Below,2011-01-29,Unemployed,M,$0.00,Suburban,Single,$100.00,32,111,0,2,Personal Auto,Personal L3,1,Agent,$767.88,Two-Door Car,Medsize
GY88677,Oregon,31961.29,No,Premium,Bachelor,2011-01-29,Employed,F,"$62,462.00",Urban,Married,$269.00,46,23,1,2,Personal Auto,Personal L3,1,Agent,"$1,136.70",Sports Car,Medsize
TF67147,Oregon,3035.41,Yes,Basic,Bachelor,2011-01-29,Retired,F,"$33,629.00",Suburban,Single,$85.00,9,85,1,1,Personal Auto,Personal L3,1,Branch,$469.61,Four-Door Car,Medsize
TF23305,Arizona,4826.24,No,Extended,College,2011-01-29,Employed,F,"$70,133.00",Suburban,Married,$120.00,46,122,0,1,Personal Auto,Personal L3,1,Web,$579.38,Two-Door Car,Large
NT25078,Nevada,4573.5,No,Extended,Bachelor,2011-01-29,Employed,M,"$31,261.00",Suburban,Married,$119.00,12,8,2,1,Special Auto,Special L2,4,Agent,$570.24,Four-Door Car,Medsize
XZ62712,Washington,60031.83,No,Extended,High School or Below,2011-01-29,Employed,F,"$44,480.00",Suburban,Single,$171.00,27,62,1,2,Personal Auto,Personal L2,1,Call Center,"$1,929.11",SUV,Medsize
WJ88394,Nevada,11681.96,No,Basic,College,2011-01-29,Medical Leave,F,"$27,794.00",Suburban,Married,$153.00,8,116,0,7,Personal Auto,Personal L3,1,Branch,$791.63,SUV,Medsize
LM84166,California,4271.91,No,Extended,Bachelor,2011-01-29,Unemployed,M,$0.00,Suburban,Single,$124.00,45,55,1,1,Personal Auto,Personal L1,1,Agent,$894.24,Two-Door Car,Medsize
AW36627,California,5977.84,Yes,Basic,High School or Below,2011-01-29,Employed,F,"$79,079.00",Urban,Married,$149.00,8,84,0,1,Personal Auto,Personal L3,1,Agent,$410.23,SUV,Medsize
PD94851,Nevada,3271.4,No,Basic,Bachelor,2011-01-29,Medical Leave,M,"$21,040.00",Rural,Married,$88.00,30,32,0,1,Personal Auto,Personal L3,1,Agent,$91.28,Two-Door Car,Medsize
GH90738,Oregon,4833.1,No,Extended,Bachelor,2011-01-29,Employed,F,"$96,088.00",Urban,Married,$123.00,4,84,2,1,Personal Auto,Personal L2,2,Web,$375.40,Two-Door Car,Medsize
AM32820,California,5008.39,No,Basic,Bachelor,2011-01-29,Unemployed,M,$0.00,Suburban,Single,$151.00,18,45,0,1,Personal Auto,Personal L2,2,Agent,"$1,461.91",SUV,Medsize
SH60585,Nevada,7828.74,No,Basic,High School or Below,2011-01-29,Employed,F,"$88,476.00",Urban,Married,$97.00,32,116,0,3,Personal Auto,Personal L3,4,Web,$352.81,Four-Door Car,Small
ZQ37164,Arizona,10822.61,No,Basic,Bachelor,2011-01-29,Employed,F,"$1,11,818.00",Urban,Married,$90.00,19,49,1,2,Personal Auto,Personal L2,4,Agent,$293.59,Four-Door Car,Medsize
XM69101,Oregon,10262.63,No,Extended,Bachelor,2011-01-29,Employed,M,"$64,151.00",Urban,Married,$130.00,28,3,0,4,Personal Auto,Personal L1,2,Branch,$331.09,Two-Door Car,Medsize
BE78308,Oregon,2903.72,No,Basic,Bachelor,2011-01-29,Unemployed,M,$0.00,Suburban,Single,$85.00,11,112,0,1,Personal Auto,Personal L1,1,Branch,$612.36,Two-Door Car,Medsize
LS92540,California,5550.12,No,Basic,College,2011-01-29,Employed,F,"$43,484.00",Suburban,Divorced,$139.00,22,131,0,1,Corporate Auto,Corporate L2,1,Call Center,$667.44,SUV,Large
HS45195,California,9088.47,No,Extended,High School or Below,2011-01-29,Unemployed,M,$0.00,Suburban,Single,$134.00,20,107,0,5,Personal Auto,Personal L3,4,Web,$962.28,Two-Door Car,Small
DY35486,California,26943.02,No,Basic,High School or Below,2011-01-29,Unemployed,M,$0.00,Suburban,Single,$252.00,1,9,0,2,Personal Auto,Personal L2,1,Agent,"$1,817.64",Luxury Car,Large
FH39427,Nevada,11882.95,No,Basic,Bachelor,2011-01-29,Employed,M,"$1,30,127.00",Urban,Married,$99.00,23,63,0,2,Corporate Auto,Corporate L3,4,Agent,$427.92,Two-Door Car,Medsize
IL25109,Nevada,16903.92,No,Premium,High School or Below,2011-01-29,Employed,M,"$52,659.00",Suburban,Married,$142.00,39,22,0,2,Personal Auto,Personal L2,1,Branch,"$1,382.19",Two-Door Car,Large
RZ14993,California,15622.34,No,Premium,High School or Below,2011-01-29,Unemployed,F,$0.00,Suburban,Single,$224.00,5,66,0,4,Special Auto,Special L3,1,Agent,"$1,613.52",Sports Car,Medsize
DC31768,Arizona,6458.29,No,Extended,Bachelor,2011-01-29,Employed,M,"$67,221.00",Suburban,Married,$163.00,4,74,0,1,Personal Auto,Personal L3,2,Agent,$865.13,SUV,Small
UM28580,Oregon,5977.84,Yes,Basic,High School or Below,2011-01-29,Employed,F,"$79,079.00",Urban,Married,$149.00,8,84,0,1,Personal Auto,Personal L3,1,Agent,$410.23,SUV,Medsize
FD75102,California,4370.63,No,Extended,College,2011-01-29,Disabled,F,"$37,776.00",Rural,Divorced,$117.00,20,100,0,1,Personal Auto,Personal L3,4,Call Center,$19.90,Two-Door Car,Medsize
HF95739,California,11550.45,No,Extended,High School or Below,2011-01-29,Unemployed,M,$0.00,Suburban,Single,$109.00,8,66,0,2,Personal Auto,Personal L3,2,Call Center,$787.32,Four-Door Car,Medsize
CG92708,Nevada,3984.25,No,Basic,College,2011-01-29,Employed,F,"$93,960.00",Urban,Married,$100.00,47,38,0,1,Personal Auto,Personal L1,2,Web,$460.88,Four-Door Car,Small
FF77476,California,3236,Yes,Basic,High School or Below,2011-01-29,Retired,F,"$30,082.00",Suburban,Divorced,$88.00,22,126,0,1,Corporate Auto,Corporate L3,1,Branch,$772.30,Four-Door Car,Medsize
XJ26467,California,9074.56,No,Extended,College,2011-01-29,Employed,F,"$49,289.00",Urban,Married,$113.00,14,49,0,6,Personal Auto,Personal L3,1,Call Center,$387.16,Four-Door Car,Medsize
YR49519,Arizona,6705.51,No,Basic,Bachelor,2011-01-29,Unemployed,M,$0.00,Suburban,Divorced,$99.00,46,3,0,4,Corporate Auto,Corporate L3,2,Branch,$485.13,Four-Door Car,Small
IX44049,Oregon,4391.32,No,Extended,Bachelor,2011-01-29,Employed,M,"$27,224.00",Suburban,Married,$112.00,26,38,0,1,Personal Auto,Personal L3,4,Call Center,$537.84,Two-Door Car,Medsize
MA37431,California,10831.15,No,Premium,College,2011-01-29,Employed,F,"$46,352.00",Suburban,Married,$136.00,24,74,0,3,Corporate Auto,Corporate L2,1,Call Center,$654.48,Two-Door Car,Small
SB82356,Nevada,41298.68,No,Extended,Bachelor,2011-01-29,Retired,F,"$15,223.00",Suburban,Married,$123.00,30,14,1,2,Corporate Auto,Corporate L2,1,Agent,$589.68,Four-Door Car,Medsize
JS36743,California,3211.2,No,Basic,Bachelor,2011-01-29,Employed,M,"$73,917.00",Suburban,Single,$82.00,7,134,0,1,Personal Auto,Personal L2,1,Agent,$395.28,Four-Door Car,Medsize
FX81675,California,9901.34,No,Basic,College,2011-01-29,Employed,F,"$1,18,742.00",Suburban,Divorced,$82.00,42,85,0,2,Personal Auto,Personal L3,3,Agent,$416.23,Four-Door Car,Small
FP95606,Arizona,6494.82,No,Extended,College,2011-01-29,Employed,F,"$33,360.00",Rural,Married,$165.00,42,126,0,1,Personal Auto,Personal L3,3,Agent,$351.00,Sports Car,Small
RE46032,Nevada,58442.17,No,Extended,College,2011-01-29,Medical Leave,M,"$31,324.00",Suburban,Single,$178.00,28,96,0,2,Personal Auto,Personal L3,1,Agent,"$1,564.37",SUV,Medsize
EI17753,Oregon,5977.84,Yes,Basic,High School or Below,2011-01-29,Employed,F,"$79,079.00",Urban,Married,$149.00,8,84,0,1,Personal Auto,Personal L1,1,Agent,$410.23,SUV,Medsize
MR27647,Washington,4471.44,No,Extended,High School or Below,2011-01-29,Disabled,F,"$37,032.00",Suburban,Married,$115.00,3,53,0,1,Personal Auto,Personal L2,3,Agent,$618.01,Four-Door Car,Medsize
NX15614,Oregon,27397.43,No,Basic,High School or Below,2011-01-29,Unemployed,M,$0.00,Suburban,Single,$99.00,4,100,0,2,Personal Auto,Personal L3,3,Branch,$709.56,Two-Door Car,Medsize
MH50997,California,27004.24,No,Extended,Bachelor,2011-01-29,Employed,F,"$45,766.00",Rural,Married,$113.00,15,26,1,2,Personal Auto,Personal L3,3,Branch,$197.09,Four-Door Car,Medsize
VY27019,Oregon,6489.45,No,Basic,College,2011-01-29,Unemployed,F,$0.00,Suburban,Single,$93.00,5,93,0,9,Personal Auto,Personal L2,1,Agent,$670.68,Four-Door Car,Medsize
ZP64637,Arizona,5207.99,No,Basic,High School or Below,2011-01-29,Unemployed,M,$0.00,Suburban,Single,$149.00,27,84,0,1,Corporate Auto,Corporate L3,1,Web,"$1,069.20",Sports Car,Medsize
LK73198,Washington,6573.48,No,Basic,High School or Below,2011-01-29,Employed,F,"$75,051.00",Rural,Married,$82.00,18,70,0,3,Personal Auto,Personal L1,2,Call Center,$12.22,Four-Door Car,Medsize
RR73059,California,4042.37,No,Basic,College,2011-01-29,Employed,F,"$75,480.00",Urban,Married,$100.00,9,54,0,1,Personal Auto,Personal L1,1,Web,$253.71,Four-Door Car,Medsize
NK53911,California,9916.96,No,Extended,High School or Below,2011-01-29,Employed,M,"$1,07,973.00",Suburban,Married,$123.00,30,101,0,3,Personal Auto,Personal L3,2,Web,$850.26,Two-Door Car,Medsize
ZK56389,Arizona,3236,Yes,Basic,High School or Below,2011-01-29,Retired,F,"$30,082.00",Suburban,Divorced,$88.00,22,126,0,1,Special Auto,Special L3,1,Branch,$772.30,Four-Door Car,Medsize
OR27665,Washington,6652.41,No,Basic,Bachelor,2011-01-29,Unemployed,F,$0.00,Rural,Married,$90.00,39,54,0,9,Personal Auto,Personal L1,1,Branch,$178.80,Two-Door Car,Medsize
XS36281,Washington,7519.79,No,Extended,College,2011-01-29,Employed,F,"$1,15,719.00",Urban,Single,$188.00,5,132,1,1,Personal Auto,Personal L3,1,Branch,$729.23,Sports Car,Medsize
SM80235,Oregon,3708.34,No,Basic,High School or Below,2011-01-29,Employed,M,"$84,108.00",Suburban,Single,$95.00,9,9,0,1,Personal Auto,Personal L2,2,Call Center,$680.40,Four-Door Car,Small
KH41809,California,3360.67,No,Basic,College,2011-01-29,Employed,F,"$41,928.00",Urban,Married,$90.00,7,26,5,1,Personal Auto,Personal L1,4,Branch,$417.72,Two-Door Car,Medsize
KX86150,California,9704.2,No,Extended,High School or Below,2011-01-29,Medical Leave,M,"$18,282.00",Suburban,Married,$127.00,7,47,0,8,Personal Auto,Personal L3,1,Web,$609.12,Four-Door Car,Small
AG58599,Oregon,3786.88,No,Basic,High School or Below,2011-01-29,Employed,F,"$35,105.00",Suburban,Married,$95.00,16,4,0,1,Personal Auto,Personal L3,3,Web,$453.60,Four-Door Car,Medsize
RI69055,California,10940.98,No,Basic,High School or Below,2011-01-29,Employed,F,"$78,532.00",Rural,Married,$90.00,11,84,0,2,Personal Auto,Personal L3,2,Web,$191.07,Four-Door Car,Medsize
WD84153,California,3035.41,Yes,Basic,Bachelor,2011-01-29,Retired,F,"$33,629.00",Suburban,Single,$85.00,9,85,1,1,Corporate Auto,Corporate L1,1,Branch,$469.61,Four-Door Car,Medsize
DW72445,Oregon,4400.84,No,Extended,College,2011-01-29,Employed,M,"$71,256.00",Suburban,Married,$115.00,27,82,4,1,Personal Auto,Personal L3,1,Agent,$730.48,Four-Door Car,Small
EE57466,Arizona,3236,Yes,Basic,High School or Below,2011-01-29,Retired,F,"$30,082.00",Suburban,Divorced,$88.00,22,126,0,1,Personal Auto,Personal L1,1,Branch,$772.30,Four-Door Car,Medsize
JK35644,Oregon,4794.92,No,Extended,Master,2011-01-29,Disabled,M,"$15,669.00",Urban,Single,$130.00,26,51,0,1,Corporate Auto,Corporate L1,4,Agent,$423.02,Four-Door Car,Medsize
ZH28728,Oregon,8484.78,No,Premium,Bachelor,2011-01-29,Unemployed,M,$0.00,Suburban,Married,$232.00,7,45,0,1,Personal Auto,Personal L3,1,Call Center,"$1,114.56",SUV,Medsize
UA38043,California,3236,Yes,Basic,High School or Below,2011-01-29,Retired,F,"$30,082.00",Suburban,Divorced,$88.00,22,126,0,1,Personal Auto,Personal L2,1,Branch,$772.30,Four-Door Car,Medsize
NG59515,California,13836.01,No,Extended,College,2011-01-29,Employed,M,"$71,136.00",Suburban,Married,$174.00,1,0,0,5,Personal Auto,Personal L2,1,Branch,$835.92,SUV,Medsize
IP76282,Oregon,6053.74,No,Basic,High School or Below,2011-01-29,Unemployed,F,$0.00,Suburban,Single,$88.00,30,59,0,8,Personal Auto,Personal L2,4,Agent,$625.57,Four-Door Car,Medsize
RV98208,Arizona,6737.9,No,Basic,College,2011-01-29,Employed,F,"$73,155.00",Rural,Married,$84.00,15,113,0,3,Personal Auto,Personal L1,1,Agent,$39.20,Two-Door Car,Medsize
KG84303,California,5322.94,No,Extended,Master,2011-01-29,Employed,M,"$52,407.00",Suburban,Married,$134.00,39,80,0,1,Personal Auto,Personal L3,2,Call Center,$739.29,Four-Door Car,Small
TB17648,Arizona,3395.81,No,Basic,College,2011-01-29,Employed,M,"$53,619.00",Suburban,Married,$88.00,1,74,2,1,Personal Auto,Personal L3,1,Web,$494.82,Four-Door Car,Medsize
LT79371,Arizona,3216.61,No,Basic,Bachelor,2011-01-29,Unemployed,F,$0.00,Rural,Married,$88.00,32,63,0,1,Personal Auto,Personal L1,1,Agent,$36.49,Four-Door Car,Medsize
MV26494,California,4969.69,No,Extended,College,2011-01-29,Unemployed,M,$0.00,Urban,Married,$132.00,31,9,0,1,Personal Auto,Personal L3,4,Web,$479.17,Four-Door Car,Medsize
JB60515,Washington,3393.86,No,Basic,High School or Below,2011-01-29,Employed,M,"$68,108.00",Suburban,Married,$85.00,32,108,0,1,Personal Auto,Personal L3,1,Branch,$408.24,Four-Door Car,Medsize
JV97593,California,9010.52,No,Extended,Bachelor,2011-01-29,Employed,F,"$1,25,082.00",Suburban,Married,$112.00,20,108,1,6,Personal Auto,Personal L2,1,Agent,$616.30,Four-Door Car,Medsize
UE54045,California,13627.08,No,Extended,High School or Below,2011-01-29,Employed,F,"$43,262.00",Urban,Married,$171.00,38,31,0,4,Corporate Auto,Corporate L1,3,Agent,$642.06,SUV,Medsize
LC87490,Arizona,3035.41,Yes,Basic,Bachelor,2011-01-29,Retired,F,"$33,629.00",Suburban,Single,$85.00,9,85,1,1,Personal Auto,Personal L3,1,Branch,$469.61,Four-Door Car,Medsize
OK14812,Nevada,3363.28,Yes,Basic,Doctor,2011-01-29,Employed,M,"$49,452.00",Rural,Divorced,$84.00,41,104,0,1,Personal Auto,Personal L3,1,Agent,$91.17,Four-Door Car,Large
KG71396,Nevada,5423.02,No,Premium,High School or Below,2011-01-29,Unemployed,M,$0.00,Suburban,Single,$159.00,31,73,0,1,Corporate Auto,Corporate L3,1,Agent,"$1,295.80",Two-Door Car,Medsize
TC18240,Oregon,6777.64,No,Basic,College,2011-01-29,Employed,M,"$91,652.00",Urban,Married,$85.00,31,35,0,3,Personal Auto,Personal L3,1,Agent,$235.02,Four-Door Car,Medsize
VK85405,California,10002.94,No,Basic,High School or Below,2011-01-29,Employed,F,"$1,08,560.00",Urban,Single,$84.00,32,20,0,2,Corporate Auto,Corporate L2,1,Agent,$379.85,Two-Door Car,Medsize
SC43870,California,21413.94,No,Basic,Bachelor,2011-01-29,Unemployed,M,$0.00,Suburban,Single,$89.00,19,22,0,2,Corporate Auto,Corporate L3,1,Web,$641.52,Four-Door Car,Medsize
CU84967,California,5977.84,Yes,Basic,High School or Below,2011-01-29,Employed,F,"$79,079.00",Urban,Married,$149.00,8,84,0,1,Personal Auto,Personal L3,1,Agent,$410.23,SUV,Medsize
HP42153,Washington,3175.04,No,Basic,High School or Below,2011-01-29,Medical Leave,F,"$17,453.00",Suburban,Single,$86.00,16,100,0,1,Personal Auto,Personal L3,1,Agent,$414.72,Four-Door Car,Medsize
AL43715,Nevada,11219.45,No,Premium,Master,2011-01-29,Employed,M,"$91,180.00",Rural,Married,$140.00,14,61,0,6,Personal Auto,Personal L3,4,Agent,$275.25,Four-Door Car,Medsize
OE75629,California,3778.43,No,Basic,College,2011-01-29,Employed,M,"$65,711.00",Suburban,Divorced,$96.00,35,84,1,1,Corporate Auto,Corporate L3,1,Web,$460.08,Four-Door Car,Medsize
TL60066,California,3236,Yes,Basic,High School or Below,2011-01-29,Retired,F,"$30,082.00",Suburban,Divorced,$88.00,22,126,0,1,Personal Auto,Personal L1,1,Branch,$772.30,Four-Door Car,Medsize
SH48087,California,13694.82,No,Extended,College,2011-01-29,Medical Leave,F,"$36,762.00",Suburban,Married,$119.00,0,9,0,2,Personal Auto,Personal L2,1,Branch,$570.24,Four-Door Car,Medsize
SQ14756,California,3273.33,No,Basic,Master,2011-01-29,Employed,M,"$66,161.00",Suburban,Married,$82.00,15,100,1,1,Personal Auto,Personal L1,1,Branch,$395.28,Four-Door Car,Medsize
VI94769,California,3035.41,Yes,Basic,Bachelor,2011-01-29,Retired,F,"$33,629.00",Suburban,Single,$85.00,9,85,1,1,Personal Auto,Personal L1,1,Branch,$469.61,Four-Door Car,Medsize
EG81847,California,19244.56,No,Extended,High School or Below,2011-01-29,Employed,F,"$41,886.00",Suburban,Single,$167.00,41,89,1,2,Personal Auto,Personal L1,1,Call Center,$806.73,SUV,Medsize
JU47573,California,3092.42,No,Basic,Bachelor,2011-01-29,Unemployed,F,$0.00,Suburban,Single,$86.00,41,115,0,1,Personal Auto,Personal L3,1,Branch,$651.75,Four-Door Car,Large
IT11766,California,5600.57,No,Basic,Bachelor,2011-01-29,Employed,F,"$83,560.00",Urban,Married,$140.00,34,131,0,1,Personal Auto,Personal L2,4,Call Center,$622.76,SUV,Medsize
AZ82578,California,10703.92,No,Basic,College,2011-01-30,Unemployed,F,$0.00,Suburban,Married,$97.00,9,101,0,2,Corporate Auto,Corporate L3,1,Call Center,$466.56,Four-Door Car,Medsize
UF46533,California,6175.61,No,Basic,College,2011-01-30,Employed,F,"$1,34,077.00",Suburban,Single,$154.00,35,72,0,1,Corporate Auto,Corporate L3,2,Branch,"$1,018.38",SUV,Medsize
DE55857,Washington,3328.35,No,Basic,Bachelor,2011-01-30,Employed,F,"$87,746.00",Suburban,Single,$85.00,9,134,1,1,Personal Auto,Personal L3,2,Agent,$517.65,Four-Door Car,Small
CF15558,California,6755.76,No,Basic,Master,2011-01-30,Employed,F,"$52,867.00",Urban,Married,$85.00,24,112,1,4,Personal Auto,Personal L3,2,Call Center,$383.39,Two-Door Car,Small
WS47147,California,29839.73,Yes,Basic,College,2011-01-30,Unemployed,M,$0.00,Suburban,Married,$138.00,47,65,0,2,Personal Auto,Personal L3,1,Branch,$660.96,SUV,Medsize
KA89683,Arizona,3406.28,No,Basic,High School or Below,2011-01-30,Unemployed,F,$0.00,Suburban,Single,$95.00,27,109,0,1,Personal Auto,Personal L1,1,Branch,$680.40,Four-Door Car,Small
UK70255,California,41142.3,No,Extended,College,2011-01-30,Employed,F,"$1,31,352.00",Rural,Single,$173.00,22,51,0,2,Personal Auto,Personal L3,4,Web,$65.50,Sports Car,Medsize
FI92440,Washington,43465.41,No,Extended,High School or Below,2011-01-30,Employed,F,"$1,23,356.00",Rural,Married,$134.00,30,120,0,2,Personal Auto,Personal L1,4,Call Center,$98.05,Two-Door Car,Medsize
FF22360,Washington,3627.87,No,Basic,Doctor,2011-01-30,Employed,F,"$1,10,984.00",Rural,Married,$92.00,45,62,4,1,Personal Auto,Personal L2,3,Call Center,$70.15,Four-Door Car,Medsize
WZ40465,Washington,6805.75,No,Basic,Bachelor,2011-01-30,Employed,F,"$48,916.00",Rural,Married,$85.00,0,59,0,5,Personal Auto,Personal L3,3,Web,$153.27,Four-Door Car,Small
KJ31611,Arizona,14590.89,No,Extended,High School or Below,2011-01-30,Employed,M,"$41,935.00",Suburban,Married,$124.00,27,26,0,2,Personal Auto,Personal L2,2,Agent,$596.16,Four-Door Car,Small
JN26745,Nevada,5583.3,No,Premium,Bachelor,2011-01-30,Unemployed,F,$0.00,Suburban,Married,$151.00,22,84,0,1,Special Auto,Special L2,3,Agent,$955.77,Four-Door Car,Large
OB55054,Oregon,5352.5,No,Extended,Bachelor,2011-01-30,Employed,M,"$1,19,354.00",Suburban,Single,$134.00,41,42,0,1,Corporate Auto,Corporate L2,4,Call Center,$641.52,Four-Door Car,Medsize
YB58778,California,7193.93,No,Basic,College,2011-01-30,Employed,F,"$1,09,436.00",Rural,Single,$95.00,27,5,4,3,Personal Auto,Personal L3,1,Agent,$57.02,Two-Door Car,Large
HO92982,California,11347.77,No,Basic,High School or Below,2011-01-30,Employed,M,"$1,15,229.00",Suburban,Married,$96.00,46,63,2,2,Personal Auto,Personal L2,2,Call Center,$619.07,Two-Door Car,Small
PZ47477,Arizona,12104.52,No,Extended,High School or Below,2011-01-30,Employed,M,"$56,469.00",Suburban,Married,$103.00,15,55,0,2,Personal Auto,Personal L2,2,Call Center,$562.09,Two-Door Car,Medsize
II83628,California,9985.57,No,Basic,College,2011-01-30,Employed,M,"$55,411.00",Suburban,Single,$86.00,12,38,1,2,Personal Auto,Personal L3,2,Branch,$532.69,Four-Door Car,Medsize
XB17553,Nevada,16435.69,No,Basic,Bachelor,2011-01-30,Employed,M,"$71,276.00",Rural,Married,$140.00,19,18,1,2,Personal Auto,Personal L3,1,Agent,$119.03,Sports Car,Small
DQ45854,Oregon,21833.47,No,Basic,College,2011-01-30,Employed,F,"$86,924.00",Rural,Single,$92.00,12,62,0,2,Personal Auto,Personal L3,2,Branch,$16.73,Four-Door Car,Medsize
WK99918,Oregon,6848.93,Yes,Extended,Doctor,2011-01-30,Employed,M,"$77,907.00",Suburban,Married,$169.00,14,35,0,1,Personal Auto,Personal L1,2,Branch,$810.00,SUV,Medsize
YJ59924,Oregon,9866.39,No,Extended,College,2011-01-30,Employed,M,"$42,005.00",Suburban,Married,$124.00,28,27,0,3,Personal Auto,Personal L1,3,Agent,$596.16,Four-Door Car,Medsize
LM58949,Oregon,3244.78,No,Basic,High School or Below,2011-01-30,Disabled,M,"$32,735.00",Suburban,Married,$95.00,45,111,3,1,Personal Auto,Personal L2,1,Agent,$453.60,Four-Door Car,Medsize
SF32458,California,6738.49,No,Basic,Doctor,2011-01-30,Medical Leave,M,"$17,021.00",Urban,Married,$89.00,31,97,1,3,Personal Auto,Personal L1,1,Agent,$290.07,Four-Door Car,Medsize
MC20349,California,7031.28,No,Basic,Bachelor,2011-01-30,Unemployed,F,$0.00,Suburban,Single,$100.00,47,3,0,3,Personal Auto,Personal L3,1,Branch,$719.28,Four-Door Car,Medsize
IE40701,California,3884.43,No,Basic,High School or Below,2011-01-30,Employed,M,"$44,289.00",Suburban,Married,$99.00,14,14,0,1,Personal Auto,Personal L2,2,Call Center,$473.04,Four-Door Car,Small
QS96715,Nevada,10977.9,No,Basic,High School or Below,2011-01-30,Employed,F,"$1,26,515.00",Rural,Married,$138.00,12,58,2,4,Personal Auto,Personal L2,3,Web,$344.03,SUV,Medsize
KB99097,California,6025.05,Yes,Basic,Bachelor,2011-01-30,Unemployed,F,$0.00,Suburban,Single,$99.00,47,70,3,5,Special Auto,Special L3,1,Web,$473.04,Two-Door Car,Medsize
CS55808,California,12679.95,No,Extended,College,2011-01-30,Unemployed,M,$0.00,Suburban,Single,$119.00,5,70,0,2,Personal Auto,Personal L3,3,Branch,"$1,149.05",Four-Door Car,Medsize
BK21146,Arizona,29839.73,Yes,Basic,College,2011-01-30,Unemployed,M,$0.00,Suburban,Married,$138.00,47,65,0,2,Personal Auto,Personal L2,1,Branch,$660.96,SUV,Medsize
HY76810,Oregon,8481.13,No,Premium,Bachelor,2011-01-30,Unemployed,F,$0.00,Rural,Married,$232.00,31,8,0,1,Corporate Auto,Corporate L3,2,Branch,$190.97,SUV,Small
MC55901,California,7065.83,No,Basic,High School or Below,2011-01-30,Employed,F,"$93,462.00",Urban,Married,$88.00,26,9,0,9,Personal Auto,Personal L1,2,Agent,$260.88,Four-Door Car,Medsize
BT49333,Arizona,5752.03,No,Basic,High School or Below,2011-01-30,Employed,M,"$64,457.00",Rural,Married,$143.00,12,5,0,1,Personal Auto,Personal L2,2,Agent,$333.04,SUV,Medsize
KY57676,California,11341.06,No,Basic,High School or Below,2011-01-30,Employed,M,"$28,175.00",Suburban,Divorced,$97.00,27,122,0,2,Personal Auto,Personal L2,3,Agent,$466.56,Four-Door Car,Medsize
FX12602,Oregon,26902.31,No,Basic,High School or Below,2011-01-30,Employed,M,"$69,325.00",Rural,Divorced,$89.00,28,117,3,2,Personal Auto,Personal L2,1,Branch,$129.14,Four-Door Car,Medsize
CL10476,Arizona,9557.72,No,Basic,College,2011-01-30,Disabled,M,"$32,731.00",Suburban,Married,$85.00,0,30,0,2,Corporate Auto,Corporate L3,1,Agent,$408.24,Two-Door Car,Large
WR58220,Oregon,11342.41,No,Extended,Bachelor,2011-01-30,Unemployed,M,$0.00,Suburban,Single,$167.00,20,116,0,8,Personal Auto,Personal L2,2,Web,$803.52,SUV,Medsize
AI58313,Nevada,49877.19,No,Basic,College,2011-01-30,Employed,F,"$1,01,824.00",Suburban,Divorced,$157.00,34,119,1,2,Personal Auto,Personal L3,2,Call Center,$895.92,Sports Car,Medsize
FF94034,California,11470.08,No,Basic,Bachelor,2011-01-30,Employed,F,"$1,20,008.00",Rural,Divorced,$143.00,0,117,0,8,Personal Auto,Personal L1,1,Branch,$283.32,Sports Car,Medsize
LE96510,Oregon,3736.25,No,Basic,High School or Below,2011-01-30,Unemployed,F,$0.00,Suburban,Married,$100.00,0,70,0,1,Personal Auto,Personal L3,1,Call Center,$479.52,Four-Door Car,Small
DW86238,Washington,7639.53,No,Extended,High School or Below,2011-01-30,Unemployed,M,$0.00,Suburban,Single,$113.00,43,130,0,4,Personal Auto,Personal L1,3,Web,"$1,144.11",Four-Door Car,Medsize
IU17657,California,3532.15,No,Basic,Bachelor,2011-01-30,Disabled,M,"$29,700.00",Suburban,Married,$93.00,36,49,0,1,Personal Auto,Personal L3,2,Web,$517.35,Two-Door Car,Medsize
UV86903,California,6025.05,Yes,Basic,Bachelor,2011-01-30,Unemployed,F,$0.00,Suburban,Single,$99.00,47,70,3,5,Personal Auto,Personal L3,1,Web,$473.04,Two-Door Car,Medsize
QR21417,California,6025.05,Yes,Basic,Bachelor,2011-01-30,Unemployed,F,$0.00,Suburban,Single,$99.00,47,70,3,5,Corporate Auto,Corporate L3,1,Web,$473.04,Two-Door Car,Medsize
WC77067,Nevada,10559.63,No,Basic,College,2011-01-30,Unemployed,M,$0.00,Suburban,Single,$154.00,36,53,0,4,Corporate Auto,Corporate L3,1,Agent,"$1,234.33",SUV,Small
RR66500,California,3288.61,No,Basic,Master,2011-01-30,Employed,M,"$1,18,074.00",Rural,Married,$82.00,0,107,1,1,Corporate Auto,Corporate L2,4,Call Center,$69.25,Four-Door Car,Medsize
JV89183,Oregon,12661.52,No,Premium,Bachelor,2011-01-30,Employed,M,"$69,424.00",Urban,Married,$161.00,43,89,0,3,Personal Auto,Personal L3,1,Agent,$756.21,Four-Door Car,Large
TR40401,Oregon,6848.93,Yes,Extended,Doctor,2011-01-30,Employed,M,"$77,907.00",Suburban,Married,$169.00,14,35,0,1,Personal Auto,Personal L2,2,Branch,$810.00,SUV,Medsize
SX22647,California,9744.42,No,Basic,College,2011-01-30,Unemployed,M,$0.00,Suburban,Single,$140.00,39,5,0,3,Personal Auto,Personal L3,3,Call Center,"$1,010.88",SUV,Small
UH79890,Oregon,7022.31,No,Basic,High School or Below,2011-01-30,Unemployed,M,$0.00,Suburban,Married,$95.00,3,66,0,9,Personal Auto,Personal L3,2,Agent,$453.60,Four-Door Car,Large
CN49086,California,6848.93,Yes,Extended,Doctor,2011-01-30,Employed,M,"$77,907.00",Suburban,Married,$169.00,14,35,0,1,Corporate Auto,Corporate L3,2,Branch,$810.00,SUV,Medsize
LP76290,Oregon,11133.22,No,Premium,Master,2011-01-30,Employed,M,"$84,494.00",Suburban,Single,$140.00,28,30,0,3,Special Auto,Special L2,4,Web,$673.92,Four-Door Car,Medsize
TN17395,California,29839.73,Yes,Basic,College,2011-01-30,Unemployed,M,$0.00,Suburban,Married,$138.00,47,65,0,2,Personal Auto,Personal L3,1,Branch,$660.96,SUV,Medsize
SU86402,Arizona,8867.82,No,Extended,High School or Below,2011-01-30,Disabled,F,"$34,933.00",Suburban,Married,$112.00,39,62,0,3,Personal Auto,Personal L3,1,Branch,$537.84,Two-Door Car,Medsize
HX55735,Nevada,6025.05,Yes,Basic,Bachelor,2011-01-30,Unemployed,F,$0.00,Suburban,Single,$99.00,47,70,3,5,Personal Auto,Personal L3,1,Web,$473.04,Two-Door Car,Medsize
FJ24418,Arizona,4931.1,No,Extended,Doctor,2011-01-30,Unemployed,F,$0.00,Suburban,Married,$128.00,30,108,0,1,Personal Auto,Personal L3,4,Agent,$615.60,Four-Door Car,Medsize
BR40272,California,11134.74,No,Premium,College,2011-01-30,Employed,M,"$66,162.00",Suburban,Married,$142.00,23,38,0,7,Personal Auto,Personal L2,2,Branch,$680.40,Four-Door Car,Medsize
CE21829,Oregon,14655.84,No,Extended,College,2011-01-30,Employed,M,"$50,265.00",Rural,Divorced,$184.00,39,123,0,5,Personal Auto,Personal L3,1,Call Center,$327.44,SUV,Small
CX20455,Arizona,29839.73,Yes,Basic,College,2011-01-30,Unemployed,M,$0.00,Suburban,Married,$138.00,47,65,0,2,Corporate Auto,Corporate L3,1,Branch,$660.96,SUV,Medsize
RF71693,Arizona,6992.85,No,Basic,Bachelor,2011-01-30,Employed,F,"$47,443.00",Urban,Married,$88.00,42,50,0,9,Corporate Auto,Corporate L3,1,Agent,$231.10,Four-Door Car,Medsize
JZ22920,Arizona,4354.28,No,Extended,Master,2011-01-30,Employed,M,"$39,968.00",Suburban,Married,$109.00,45,43,0,1,Personal Auto,Personal L3,3,Agent,$591.67,Four-Door Car,Medsize
RN65450,California,4130.23,No,Extended,College,2011-01-30,Unemployed,M,$0.00,Suburban,Single,$119.00,35,99,0,1,Personal Auto,Personal L2,1,Branch,$855.36,Four-Door Car,Small
BW79345,Nevada,6675.85,No,Basic,High School or Below,2011-01-30,Employed,F,"$1,06,375.00",Suburban,Divorced,$82.00,20,4,0,3,Personal Auto,Personal L2,2,Call Center,$395.28,Two-Door Car,Medsize
LU95652,Oregon,9863.01,No,Extended,College,2011-01-30,Employed,M,"$1,12,348.00",Rural,Married,$123.00,28,85,0,3,Personal Auto,Personal L3,4,Web,$19.42,Four-Door Car,Medsize
QS29824,Nevada,12993.67,No,Extended,College,2011-01-30,Unemployed,M,$0.00,Suburban,Single,$181.00,35,119,0,4,Personal Auto,Personal L2,2,Agent,"$1,302.48",SUV,Medsize
RH70194,Nevada,6875.56,No,Basic,Bachelor,2011-01-30,Employed,M,"$40,011.00",Suburban,Married,$86.00,26,22,0,8,Personal Auto,Personal L3,4,Branch,$414.72,Four-Door Car,Medsize
MU59158,Arizona,5522.51,No,Premium,Master,2011-01-30,Employed,F,"$52,493.00",Urban,Married,$138.00,5,117,0,1,Personal Auto,Personal L3,4,Branch,$572.16,Two-Door Car,Medsize
ZX17330,Arizona,3425.47,No,Basic,Bachelor,2011-01-30,Employed,M,"$1,24,741.00",Rural,Divorced,$86.00,41,50,0,1,Personal Auto,Personal L1,4,Agent,$67.99,Four-Door Car,Medsize
HB70063,Washington,5822.24,No,Basic,College,2011-01-30,Employed,M,"$58,571.00",Urban,Single,$150.00,23,47,0,1,Personal Auto,Personal L1,1,Call Center,$557.55,SUV,Medsize
CR59224,California,7501.83,No,Basic,Bachelor,2011-01-30,Medical Leave,M,"$39,312.00",Suburban,Married,$97.00,42,104,0,3,Corporate Auto,Corporate L3,1,Agent,$466.56,Two-Door Car,Medsize
IX45386,Arizona,3346.43,No,Basic,College,2011-01-30,Employed,M,"$1,10,323.00",Rural,Single,$85.00,15,7,0,1,Personal Auto,Personal L2,2,Web,$180.77,Four-Door Car,Large
CR12479,Nevada,3872.61,No,Basic,College,2011-01-30,Employed,F,"$54,062.00",Rural,Divorced,$99.00,14,69,0,1,Personal Auto,Personal L2,1,Agent,$159.99,Four-Door Car,Small
OD25312,Arizona,6391.25,No,Basic,College,2011-01-30,Unemployed,M,$0.00,Suburban,Single,$90.00,9,101,0,5,Personal Auto,Personal L3,3,Agent,"$1,009.07",Four-Door Car,Medsize
LS99940,California,4527.06,No,Extended,Master,2011-01-30,Employed,F,"$85,587.00",Urban,Married,$112.00,39,62,0,1,Personal Auto,Personal L2,2,Web,$394.48,Four-Door Car,Medsize
HB68898,Oregon,27323.17,No,Premium,Bachelor,2011-01-30,Employed,F,"$48,757.00",Rural,Married,$231.00,36,45,2,2,Corporate Auto,Corporate L1,1,Branch,$213.47,SUV,Medsize
DO31181,Oregon,6398.05,No,Extended,College,2011-01-30,Unemployed,F,$0.00,Rural,Married,$103.00,38,74,5,3,Personal Auto,Personal L3,1,Agent,$52.37,Two-Door Car,Medsize
RQ22171,California,5348.14,No,Basic,High School or Below,2011-01-30,Unemployed,F,$0.00,Rural,Single,$159.00,8,46,1,1,Corporate Auto,Corporate L2,2,Agent,$357.27,SUV,Medsize
SK12752,California,6025.05,Yes,Basic,Bachelor,2011-01-30,Unemployed,F,$0.00,Suburban,Single,$99.00,47,70,3,5,Corporate Auto,Corporate L3,1,Web,$473.04,Two-Door Car,Medsize
CT86614,Arizona,3276.39,No,Basic,Bachelor,2011-01-30,Unemployed,M,$0.00,Suburban,Single,$96.00,3,7,0,1,Corporate Auto,Corporate L2,4,Branch,$690.12,Four-Door Car,Small
ZD13262,Oregon,14075.08,No,Extended,High School or Below,2011-01-30,Employed,F,"$92,560.00",Urban,Married,$177.00,8,59,1,3,Personal Auto,Personal L2,4,Call Center,$472.63,SUV,Small
IJ71609,Washington,2787.34,No,Basic,Bachelor,2011-01-30,Unemployed,F,$0.00,Suburban,Single,$88.00,16,77,3,1,Personal Auto,Personal L2,1,Call Center,$497.92,Four-Door Car,Medsize
KT38145,California,6463.09,No,Basic,College,2011-01-30,Unemployed,F,$0.00,Suburban,Married,$86.00,23,113,0,3,Personal Auto,Personal L2,2,Agent,$486.15,Four-Door Car,Medsize
QW21716,Nevada,6647.33,No,Basic,Bachelor,2011-01-30,Employed,M,"$41,976.00",Suburban,Married,$85.00,4,105,0,3,Personal Auto,Personal L2,2,Branch,$408.24,Four-Door Car,Medsize
SK65854,Nevada,7733.58,No,Basic,College,2011-01-30,Employed,F,"$40,136.00",Suburban,Married,$97.00,1,103,0,3,Personal Auto,Personal L1,3,Branch,$625.34,Four-Door Car,Medsize
SS28002,Arizona,7565.05,No,Basic,High School or Below,2011-01-30,Employed,F,"$1,28,633.00",Urban,Married,$93.00,8,47,0,4,Personal Auto,Personal L3,2,Call Center,$442.32,Four-Door Car,Medsize
JC34468,California,8908.76,No,Premium,High School or Below,2011-01-30,Employed,F,"$48,681.00",Urban,Married,$223.00,36,74,0,1,Special Auto,Special L3,2,Call Center,"$1,045.65",Sports Car,Medsize
BC52397,Arizona,3838.8,No,Basic,College,2011-01-30,Employed,M,"$91,735.00",Rural,Married,$96.00,22,0,0,1,Personal Auto,Personal L3,4,Branch,$226.00,Two-Door Car,Medsize
QV11152,Arizona,12978.38,No,Basic,High School or Below,2011-01-30,Employed,M,"$46,437.00",Suburban,Married,$82.00,14,24,1,2,Personal Auto,Personal L3,3,Agent,$395.28,Two-Door Car,Small
LX11170,Oregon,6564.93,No,Basic,High School or Below,2011-01-30,Employed,F,"$49,733.00",Rural,Married,$82.00,30,126,0,3,Personal Auto,Personal L3,2,Agent,$205.87,Four-Door Car,Medsize
SE62920,California,11928.64,No,Basic,Bachelor,2011-01-30,Employed,M,"$86,277.00",Rural,Married,$151.00,32,68,0,8,Personal Auto,Personal L3,2,Branch,$279.33,SUV,Medsize
SB61617,California,12062.3,No,Basic,Master,2011-01-30,Employed,M,"$53,879.00",Suburban,Single,$151.00,22,5,0,5,Personal Auto,Personal L2,1,Call Center,$758.02,SUV,Medsize
FE93665,Oregon,10660.97,No,Basic,High School or Below,2011-01-30,Unemployed,F,$0.00,Suburban,Single,$97.00,11,73,0,2,Personal Auto,Personal L2,1,Agent,$699.84,Two-Door Car,Medsize
CO75086,Arizona,9813.61,No,Extended,College,2011-01-30,Employed,M,"$27,549.00",Rural,Married,$128.00,45,8,2,8,Corporate Auto,Corporate L2,1,Call Center,$49.92,Four-Door Car,Medsize
ZB84321,Washington,26582.1,No,Basic,College,2011-01-30,Employed,F,"$48,643.00",Suburban,Divorced,$95.00,15,53,0,2,Personal Auto,Personal L3,3,Web,$453.60,Four-Door Car,Small
YU55375,Oregon,6078.25,No,Basic,College,2011-01-30,Unemployed,M,$0.00,Suburban,Single,$90.00,20,5,0,4,Personal Auto,Personal L3,2,Branch,$674.45,Two-Door Car,Medsize
AS60178,Nevada,3775.77,No,Basic,Bachelor,2011-01-30,Employed,F,"$73,784.00",Urban,Married,$95.00,46,12,1,1,Corporate Auto,Corporate L3,1,Agent,$251.92,Four-Door Car,Small
PU41916,Oregon,29839.73,Yes,Basic,College,2011-01-30,Unemployed,M,$0.00,Suburban,Married,$138.00,47,65,0,2,Personal Auto,Personal L3,1,Branch,$660.96,SUV,Medsize
JQ29969,Oregon,5719.23,No,Premium,Bachelor,2011-01-30,Employed,F,"$79,701.00",Suburban,Married,$142.00,0,42,0,1,Personal Auto,Personal L2,1,Agent,$794.16,Two-Door Car,Medsize
VK43303,Oregon,8126.9,No,Extended,Bachelor,2011-01-30,Employed,M,"$92,688.00",Urban,Single,$104.00,9,81,0,8,Personal Auto,Personal L1,2,Branch,$399.95,Two-Door Car,Medsize
OY68395,Oregon,74624.55,No,Basic,High School or Below,2011-01-30,Employed,F,"$54,999.00",Suburban,Single,$267.00,26,81,0,2,Personal Auto,Personal L2,1,Web,"$1,283.04",Luxury SUV,Large
PI96349,California,29839.73,Yes,Basic,College,2011-01-30,Unemployed,M,$0.00,Suburban,Married,$138.00,47,65,0,2,Personal Auto,Personal L3,1,Branch,$660.96,SUV,Medsize
RB79317,Arizona,4129.73,No,Extended,Bachelor,2011-01-30,Unemployed,F,$0.00,Rural,Married,$112.00,39,70,0,1,Personal Auto,Personal L2,3,Agent,$266.62,Two-Door Car,Medsize
JT32550,Washington,9802.13,No,Basic,High School or Below,2011-01-30,Unemployed,M,$0.00,Suburban,Single,$97.00,24,34,0,2,Personal Auto,Personal L2,4,Web,"$1,004.44",Four-Door Car,Small
DO95670,Arizona,6848.93,Yes,Extended,Doctor,2011-01-30,Employed,M,"$77,907.00",Suburban,Married,$169.00,14,35,0,1,Personal Auto,Personal L3,2,Branch,$810.00,SUV,Medsize
DH25145,Arizona,7842.5,No,Basic,High School or Below,2011-01-30,Employed,F,"$36,416.00",Suburban,Married,$99.00,19,80,0,5,Personal Auto,Personal L3,4,Web,$740.25,Two-Door Car,Small
BS34332,Oregon,7503.21,No,Basic,High School or Below,2011-01-30,Employed,F,"$1,12,828.00",Suburban,Married,$93.00,47,97,0,5,Personal Auto,Personal L3,3,Web,$447.12,Two-Door Car,Medsize
ZU76536,California,8294.26,No,Extended,High School or Below,2011-01-30,Employed,F,"$60,793.00",Rural,Married,$104.00,18,47,0,3,Personal Auto,Personal L2,2,Agent,$49.70,Four-Door Car,Medsize
CY45848,Oregon,5769.34,No,Premium,Bachelor,2011-01-30,Employed,F,"$1,10,989.00",Rural,Married,$143.00,15,26,1,1,Personal Auto,Personal L1,3,Branch,$322.84,Four-Door Car,Medsize
SU32452,Arizona,4376.14,No,Extended,Bachelor,2011-01-30,Employed,F,"$1,20,415.00",Rural,Divorced,$109.00,23,70,0,1,Personal Auto,Personal L3,1,Agent,$55.60,Four-Door Car,Small
UV99893,Arizona,3895.3,No,Basic,Bachelor,2011-01-30,Employed,F,"$1,25,175.00",Rural,Married,$97.00,46,61,1,1,Corporate Auto,Corporate L3,2,Call Center,$37.97,Two-Door Car,Small
FO13691,Oregon,6917.69,No,Basic,Doctor,2011-01-30,Employed,M,"$99,549.00",Urban,Divorced,$86.00,31,4,0,3,Personal Auto,Personal L3,1,Agent,$309.52,Two-Door Car,Medsize
CP99334,Oregon,4242.8,No,Extended,College,2011-01-30,Employed,F,"$81,146.00",Suburban,Married,$105.00,0,85,0,1,Personal Auto,Personal L3,1,Agent,$684.53,Four-Door Car,Medsize
HU54636,California,5118.59,No,Extended,College,2011-01-30,Employed,F,"$55,636.00",Urban,Married,$128.00,18,36,0,1,Personal Auto,Personal L1,4,Web,$547.35,Four-Door Car,Medsize
VB59276,Oregon,5425.49,No,Basic,Bachelor,2011-01-30,Unemployed,M,$0.00,Suburban,Married,$151.00,35,36,0,1,Corporate Auto,Corporate L2,3,Web,$734.74,SUV,Medsize
YV82597,Nevada,14655.62,No,Extended,Doctor,2011-01-30,Employed,F,"$80,734.00",Rural,Married,$122.00,28,0,0,2,Corporate Auto,Corporate L2,2,Agent,$30.72,Two-Door Car,Medsize
RW82766,Oregon,10427.47,No,Basic,Bachelor,2011-01-30,Employed,F,"$63,434.00",Rural,Single,$263.00,11,93,0,1,Corporate Auto,Corporate L3,1,Call Center,$397.93,Luxury SUV,Medsize
ZN86559,California,7089.06,No,Basic,Bachelor,2011-01-30,Unemployed,F,$0.00,Suburban,Married,$97.00,28,88,0,3,Personal Auto,Personal L3,2,Web,$466.56,Four-Door Car,Medsize
GJ88864,Nevada,4845.65,No,Extended,College,2011-01-30,Employed,F,"$41,774.00",Urban,Divorced,$124.00,20,62,0,1,Personal Auto,Personal L3,1,Web,$470.09,Four-Door Car,Small
UC21019,Arizona,6601.65,No,Basic,Master,2011-01-30,Unemployed,M,$0.00,Suburban,Divorced,$92.00,28,80,0,7,Personal Auto,Personal L1,1,Branch,$930.53,Four-Door Car,Small
PU25554,Oregon,3895.19,No,Basic,Bachelor,2011-01-30,Employed,F,"$84,482.00",Urban,Married,$97.00,45,72,0,1,Personal Auto,Personal L2,4,Agent,$440.43,Four-Door Car,Medsize
DO20853,Oregon,6446.89,No,Extended,High School or Below,2011-01-30,Disabled,F,"$19,243.00",Suburban,Married,$167.00,28,22,0,1,Corporate Auto,Corporate L1,3,Branch,$803.52,SUV,Large
VV82891,Washington,6025.05,Yes,Basic,Bachelor,2011-01-30,Unemployed,F,$0.00,Suburban,Single,$99.00,47,70,3,5,Personal Auto,Personal L1,1,Web,$473.04,Two-Door Car,Medsize
KL27677,Nevada,14571.57,No,Extended,College,2011-01-30,Employed,F,"$32,663.00",Urban,Married,$122.00,43,95,0,2,Personal Auto,Personal L3,1,Branch,$486.36,Two-Door Car,Large
LB83807,Oregon,11263.61,No,Premium,Bachelor,2011-01-30,Employed,M,"$85,528.00",Suburban,Single,$143.00,22,53,0,9,Personal Auto,Personal L3,1,Agent,$686.88,Two-Door Car,Large
VI34110,Arizona,3188.35,No,Basic,Bachelor,2011-01-30,Unemployed,F,$0.00,Rural,Married,$89.00,23,124,1,1,Personal Auto,Personal L3,1,Agent,$196.96,Four-Door Car,Medsize
YU39743,Oregon,21815.38,No,Extended,College,2011-01-30,Employed,M,"$39,951.00",Suburban,Married,$185.00,20,70,0,2,Personal Auto,Personal L3,1,Call Center,$887.76,Sports Car,Medsize
KU62853,California,30305.73,No,Extended,College,2011-01-30,Unemployed,F,$0.00,Suburban,Single,$105.00,9,85,0,2,Special Auto,Special L2,1,Agent,$758.16,Four-Door Car,Medsize
TD43065,California,11083.4,No,Basic,Bachelor,2011-01-30,Employed,M,"$89,150.00",Rural,Married,$93.00,3,112,0,2,Personal Auto,Personal L3,4,Branch,$93.16,Four-Door Car,Medsize
YY46839,Washington,11451.32,No,Premium,High School or Below,2011-01-30,Employed,F,"$39,998.00",Suburban,Married,$143.00,39,61,0,9,Corporate Auto,Corporate L2,1,Agent,"$1,030.32",Two-Door Car,Medsize
MX93069,Oregon,6848.93,Yes,Extended,Doctor,2011-01-30,Employed,M,"$77,907.00",Suburban,Married,$169.00,14,35,0,1,Personal Auto,Personal L3,2,Branch,$810.00,SUV,Medsize
LO48748,Oregon,10105.23,No,Extended,Master,2011-01-30,Employed,F,"$35,613.00",Rural,Single,$130.00,39,95,0,4,Personal Auto,Personal L1,2,Web,$239.45,Four-Door Car,Large
FZ44411,Arizona,3666.86,No,Extended,Bachelor,2011-01-30,Unemployed,M,$0.00,Suburban,Married,$128.00,19,109,5,1,Corporate Auto,Corporate L2,2,Call Center,$836.01,Four-Door Car,Medsize
JL52508,Oregon,6848.93,Yes,Extended,Doctor,2011-01-30,Employed,M,"$77,907.00",Suburban,Married,$169.00,14,35,0,1,Personal Auto,Personal L2,2,Branch,$810.00,SUV,Medsize
KB54415,Arizona,3339.05,No,Basic,High School or Below,2011-01-30,Disabled,M,"$18,156.00",Suburban,Single,$92.00,38,18,0,1,Personal Auto,Personal L2,1,Agent,$440.64,Four-Door Car,Large
CM38959,California,10845.78,No,Basic,College,2011-01-30,Employed,F,"$94,920.00",Suburban,Married,$89.00,24,20,0,2,Personal Auto,Personal L3,1,Branch,$460.88,Two-Door Car,Medsize
BN91755,California,6716.48,No,Extended,Master,2011-01-30,Employed,F,"$60,376.00",Urban,Married,$167.00,35,4,0,1,Personal Auto,Personal L2,1,Call Center,$460.47,SUV,Medsize
OZ89964,California,5970.53,No,Basic,High School or Below,2011-01-30,Employed,M,"$48,572.00",Suburban,Single,$157.00,46,38,2,1,Personal Auto,Personal L3,3,Call Center,$751.68,Sports Car,Small
GP87031,California,4333.68,No,Extended,College,2011-01-30,Medical Leave,F,"$31,798.00",Suburban,Divorced,$116.00,9,23,0,1,Corporate Auto,Corporate L3,4,Web,$557.28,Four-Door Car,Small
DK19711,California,7418.5,No,Basic,College,2011-01-30,Employed,M,"$34,511.00",Urban,Divorced,$96.00,39,78,0,6,Personal Auto,Personal L3,1,Agent,$308.50,Four-Door Car,Medsize
IH18704,California,5893.1,No,Basic,Master,2011-01-30,Disabled,M,"$31,814.00",Suburban,Married,$151.00,4,58,0,1,Personal Auto,Personal L2,2,Agent,$725.76,SUV,Medsize
YT92071,California,7078.78,No,Basic,Master,2011-01-30,Employed,F,"$60,549.00",Suburban,Divorced,$89.00,38,69,0,3,Corporate Auto,Corporate L2,3,Web,$593.68,Four-Door Car,Medsize
LO94085,California,4310.76,No,Extended,College,2011-01-30,Employed,F,"$1,08,783.00",Rural,Married,$109.00,15,30,2,1,Personal Auto,Personal L1,4,Web,$56.29,Two-Door Car,Medsize
BD12981,California,7739.13,No,Basic,College,2011-01-30,Employed,F,"$53,105.00",Urban,Single,$100.00,39,1,1,9,Personal Auto,Personal L2,1,Agent,$374.25,Four-Door Car,Medsize
FP51143,California,2875.98,No,Basic,College,2011-01-30,Unemployed,M,$0.00,Suburban,Single,$84.00,22,107,0,1,Corporate Auto,Corporate L2,1,Branch,$602.64,Two-Door Car,Medsize
LK19630,California,3925.04,No,Basic,High School or Below,2011-01-30,Employed,F,"$70,492.00",Suburban,Married,$97.00,11,74,1,1,Personal Auto,Personal L2,1,Web,$488.74,Four-Door Car,Medsize
AA93585,California,9562.92,No,Premium,College,2011-01-30,Employed,M,"$1,30,982.00",Urban,Married,$239.00,0,92,0,1,Personal Auto,Personal L2,2,Branch,$927.20,SUV,Medsize
QZ44356,Arizona,9422.37,No,Extended,Bachelor,2011-01-31,Unemployed,F,$0.00,Suburban,Single,$127.00,18,57,0,8,Personal Auto,Personal L3,3,Agent,"$1,527.48",Four-Door Car,Medsize
BU27331,Arizona,6032.49,No,Basic,Bachelor,2011-01-31,Unemployed,M,$0.00,Suburban,Single,$99.00,9,77,3,5,Personal Auto,Personal L3,3,Call Center,$781.87,Four-Door Car,Medsize
SM52139,Washington,3956.44,No,Basic,College,2011-01-31,Employed,M,"$45,445.00",Suburban,Married,$99.00,39,96,0,1,Personal Auto,Personal L3,3,Web,$473.04,Four-Door Car,Medsize
AB96670,California,3231.79,Yes,Basic,College,2011-01-31,Unemployed,M,$0.00,Suburban,Single,$95.00,32,14,0,1,Personal Auto,Personal L1,1,Branch,$574.11,Four-Door Car,Medsize
QA87025,Oregon,7655.1,No,Basic,Bachelor,2011-01-31,Employed,F,"$38,348.00",Urban,Married,$97.00,22,47,1,4,Personal Auto,Personal L3,1,Call Center,$260.38,Four-Door Car,Medsize
GD83998,Washington,3590.11,No,Basic,Bachelor,2011-01-31,Employed,M,"$33,068.00",Suburban,Single,$95.00,39,88,0,1,Personal Auto,Personal L2,4,Branch,$453.60,Four-Door Car,Small
BG76355,Washington,8470.07,No,Extended,Bachelor,2011-01-31,Employed,F,"$93,101.00",Rural,Married,$105.00,20,8,0,3,Personal Auto,Personal L3,3,Web,$155.37,Four-Door Car,Medsize
PP40919,California,3208.32,No,Extended,College,2011-01-31,Unemployed,F,$0.00,Suburban,Single,$123.00,3,11,5,1,Personal Auto,Personal L1,1,Agent,$589.68,Two-Door Car,Medsize
MN61620,Arizona,13334.35,No,Extended,College,2011-01-31,Employed,F,"$91,465.00",Rural,Single,$177.00,5,54,4,9,Personal Auto,Personal L2,1,Web,$227.50,Sports Car,Small
KC17170,Arizona,7378.57,No,Basic,Bachelor,2011-01-31,Employed,F,"$73,470.00",Rural,Married,$92.00,12,11,0,5,Corporate Auto,Corporate L3,1,Branch,$101.93,Four-Door Car,Medsize
LZ34046,Oregon,31852.82,Yes,Basic,Bachelor,2011-01-31,Employed,M,"$1,03,083.00",Rural,Married,$89.00,34,4,0,2,Personal Auto,Personal L1,3,Agent,$116.72,Four-Door Car,Medsize
PH26378,California,8126.95,No,Extended,College,2011-01-31,Unemployed,M,$0.00,Suburban,Single,$124.00,4,38,0,4,Personal Auto,Personal L3,1,Agent,$894.24,Four-Door Car,Medsize
CX12134,Nevada,5697.83,No,Premium,High School or Below,2011-01-31,Employed,M,"$43,836.00",Suburban,Single,$149.00,0,117,0,1,Personal Auto,Personal L2,2,Agent,$712.80,Two-Door Car,Medsize
EL93539,California,7772.55,Yes,Basic,Master,2011-01-31,Employed,M,"$1,20,146.00",Rural,Divorced,$97.00,12,96,0,3,Special Auto,Special L3,2,Branch,$234.96,Four-Door Car,Small
HQ23708,Arizona,11605.84,No,Basic,Master,2011-01-31,Employed,F,"$72,544.00",Rural,Married,$96.00,3,27,0,2,Personal Auto,Personal L3,4,Web,$228.54,Two-Door Car,Medsize
MY37953,Arizona,34871.73,No,Basic,Bachelor,2011-01-31,Employed,F,"$99,576.00",Rural,Married,$144.00,22,4,1,2,Personal Auto,Personal L2,3,Web,$310.83,Sports Car,Medsize
ZW71731,California,6979.98,No,Extended,Bachelor,2011-01-31,Employed,M,"$1,20,533.00",Urban,Divorced,$180.00,5,84,2,1,Corporate Auto,Corporate L3,1,Web,$542.80,SUV,Medsize
CV29889,California,3231.79,Yes,Basic,College,2011-01-31,Unemployed,M,$0.00,Suburban,Single,$95.00,32,14,0,1,Personal Auto,Personal L3,1,Branch,$574.11,Four-Door Car,Medsize
XG44587,Arizona,7772.55,Yes,Basic,Master,2011-01-31,Employed,M,"$1,20,146.00",Rural,Divorced,$97.00,12,96,0,3,Personal Auto,Personal L3,2,Branch,$234.96,Four-Door Car,Small
IX35050,Arizona,31852.82,Yes,Basic,Bachelor,2011-01-31,Employed,M,"$1,03,083.00",Rural,Married,$89.00,34,4,0,2,Special Auto,Special L3,3,Agent,$116.72,Four-Door Car,Medsize
UN37063,Arizona,6109.24,No,Basic,Bachelor,2011-01-31,Medical Leave,M,"$13,863.00",Urban,Single,$88.00,16,7,0,3,Personal Auto,Personal L1,1,Agent,$230.58,Two-Door Car,Medsize
MB69535,Washington,13037.73,Yes,Extended,High School or Below,2011-01-31,Unemployed,M,$0.00,Suburban,Married,$177.00,46,82,0,9,Corporate Auto,Corporate L1,1,Agent,$848.88,SUV,Medsize
AY84441,Oregon,5403.86,No,Basic,High School or Below,2011-01-31,Unemployed,M,$0.00,Suburban,Single,$154.00,4,126,0,1,Personal Auto,Personal L2,3,Call Center,"$1,108.08",SUV,Medsize
DB71122,California,4746.37,No,Extended,Doctor,2011-01-31,Medical Leave,F,"$20,444.00",Urban,Married,$122.00,3,96,0,1,Personal Auto,Personal L2,3,Agent,$503.08,Four-Door Car,Medsize
TZ47750,Nevada,11488.3,Yes,Basic,Master,2011-01-31,Disabled,M,"$35,177.00",Suburban,Divorced,$100.00,4,85,0,2,Personal Auto,Personal L1,1,Call Center,$707.25,Four-Door Car,Small
EK19337,Oregon,4104.34,No,Extended,High School or Below,2011-01-31,Unemployed,F,$0.00,Suburban,Single,$112.00,41,59,0,1,Personal Auto,Personal L3,1,Agent,"$1,335.29",Four-Door Car,Small
AI61368,Nevada,23830.15,No,Extended,High School or Below,2011-01-31,Medical Leave,F,"$30,389.00",Suburban,Single,$128.00,26,65,0,2,Personal Auto,Personal L3,1,Web,$615.60,Four-Door Car,Small
GQ20713,Nevada,6526.86,Yes,Basic,College,2011-01-31,Employed,F,"$52,263.00",Suburban,Divorced,$89.00,42,93,4,6,Personal Auto,Personal L3,2,Call Center,$427.68,Four-Door Car,Medsize
BH23017,Nevada,25807.37,No,Basic,Bachelor,2011-01-31,Unemployed,F,$0.00,Suburban,Single,$82.00,42,58,0,2,Personal Auto,Personal L3,1,Branch,$888.04,Two-Door Car,Small
JR10216,California,3633.36,No,Basic,Bachelor,2011-01-31,Retired,F,"$29,645.00",Suburban,Married,$96.00,0,93,0,1,Corporate Auto,Corporate L3,4,Web,$460.08,Four-Door Car,Small
RW65101,California,24352.8,No,Basic,College,2011-01-31,Unemployed,F,$0.00,Suburban,Single,$85.00,38,111,0,2,Personal Auto,Personal L3,3,Web,$679.33,Four-Door Car,Medsize
SZ70655,California,5795.56,No,Basic,College,2011-01-31,Unemployed,F,$0.00,Suburban,Single,$82.00,24,20,0,8,Corporate Auto,Corporate L3,1,Agent,$395.28,Two-Door Car,Large
EU54076,Oregon,7059.04,No,Basic,Bachelor,2011-01-31,Employed,M,"$1,24,837.00",Urban,Married,$88.00,0,4,0,3,Corporate Auto,Corporate L3,2,Agent,$324.30,Four-Door Car,Medsize
SP85148,California,12730,No,Basic,Master,2011-01-31,Employed,F,"$59,145.00",Suburban,Married,$158.00,32,14,0,4,Personal Auto,Personal L3,1,Web,$771.03,Sports Car,Small
QW10541,California,7181.78,No,Basic,High School or Below,2011-01-31,Employed,F,"$34,714.00",Suburban,Married,$90.00,23,77,0,5,Personal Auto,Personal L3,2,Agent,$434.16,Two-Door Car,Small
BP28492,Arizona,6526.86,Yes,Basic,College,2011-01-31,Employed,F,"$52,263.00",Suburban,Divorced,$89.00,42,93,4,6,Corporate Auto,Corporate L3,2,Call Center,$427.68,Four-Door Car,Medsize
EZ48947,Nevada,17700,No,Basic,College,2011-01-31,Employed,M,"$90,716.00",Rural,Single,$150.00,3,12,0,2,Special Auto,Special L2,1,Agent,$199.73,SUV,Large
WS25565,California,11488.3,Yes,Basic,Master,2011-01-31,Disabled,M,"$35,177.00",Suburban,Divorced,$100.00,4,85,0,2,Personal Auto,Personal L1,1,Call Center,$707.25,Four-Door Car,Small
UR36912,California,3775.68,No,Basic,Bachelor,2011-01-31,Employed,M,"$1,04,439.00",Suburban,Married,$95.00,19,34,0,1,Personal Auto,Personal L3,2,Agent,$521.91,Two-Door Car,Medsize
SK46419,California,5498.35,No,Basic,High School or Below,2011-01-31,Employed,M,"$1,30,198.00",Suburban,Single,$138.00,1,23,0,1,Personal Auto,Personal L3,4,Branch,$660.96,SUV,Medsize
YQ73717,California,7021.69,No,Basic,High School or Below,2011-01-31,Unemployed,M,$0.00,Suburban,Married,$93.00,1,107,0,4,Personal Auto,Personal L1,4,Agent,$447.12,Four-Door Car,Medsize
AW48347,Washington,17582.58,Yes,Extended,Master,2011-01-31,Unemployed,M,$0.00,Suburban,Single,$169.00,8,82,0,2,Personal Auto,Personal L3,1,Agent,"$1,215.00",SUV,Small
FP59138,Oregon,17582.58,Yes,Extended,Master,2011-01-31,Unemployed,M,$0.00,Suburban,Single,$169.00,8,82,0,2,Personal Auto,Personal L3,1,Agent,"$1,215.00",SUV,Small
OW84864,California,8209.42,No,Extended,College,2011-01-31,Unemployed,F,$0.00,Suburban,Single,$111.00,35,45,0,3,Personal Auto,Personal L3,2,Web,$531.36,Four-Door Car,Medsize
LD20926,Arizona,25504.47,No,Extended,Bachelor,2011-01-31,Unemployed,F,$0.00,Suburban,Single,$124.00,46,53,1,2,Personal Auto,Personal L2,1,Call Center,$596.16,Two-Door Car,Large
MA80983,Oregon,8992.6,No,Premium,College,2011-01-31,Employed,M,"$75,145.00",Rural,Married,$224.00,26,85,0,1,Personal Auto,Personal L2,2,Branch,$262.90,SUV,Large
MH85165,California,9136.54,No,Extended,High School or Below,2011-01-31,Employed,M,"$53,528.00",Suburban,Married,$116.00,24,11,0,6,Personal Auto,Personal L1,2,Branch,"$1,245.15",Four-Door Car,Medsize
UW88168,Oregon,4094.3,No,Extended,Bachelor,2011-01-31,Employed,M,"$99,606.00",Rural,Married,$103.00,15,131,0,1,Special Auto,Special L3,2,Branch,$150.69,Four-Door Car,Large
GA63091,California,13159.79,No,Extended,College,2011-01-31,Unemployed,M,$0.00,Suburban,Divorced,$124.00,9,120,0,2,Personal Auto,Personal L3,1,Agent,$694.39,Four-Door Car,Medsize
AS93181,Arizona,6083.88,No,Basic,Bachelor,2011-01-31,Disabled,F,"$20,230.00",Suburban,Married,$157.00,16,61,0,1,Personal Auto,Personal L3,1,Call Center,$771.28,Sports Car,Medsize
JD10245,California,5884.33,No,Basic,High School or Below,2011-01-31,Employed,M,"$1,16,101.00",Suburban,Divorced,$147.00,5,36,1,1,Personal Auto,Personal L3,1,Agent,$706.32,SUV,Medsize
BE55425,Oregon,8644.83,No,Extended,College,2011-01-31,Employed,M,"$37,928.00",Suburban,Married,$111.00,24,3,0,8,Personal Auto,Personal L3,3,Web,$531.36,Four-Door Car,Medsize
PU75847,Arizona,6702.3,No,Basic,College,2011-01-31,Employed,M,"$1,32,909.00",Suburban,Married,$84.00,26,77,0,3,Personal Auto,Personal L3,4,Agent,$427.34,Four-Door Car,Small
DO48071,California,3773.8,No,Basic,College,2011-01-31,Employed,F,"$54,697.00",Rural,Married,$95.00,28,42,0,1,Personal Auto,Personal L3,2,Web,$185.18,Two-Door Car,Small
UO43395,Oregon,4927.11,No,Basic,Master,2011-01-31,Unemployed,M,$0.00,Suburban,Single,$135.00,42,108,0,1,Personal Auto,Personal L3,1,Agent,$648.00,SUV,Medsize
EG97649,Oregon,4658.99,No,Basic,College,2011-01-31,Unemployed,F,$0.00,Suburban,Divorced,$140.00,26,88,2,1,Personal Auto,Personal L1,1,Branch,$673.92,SUV,Small
GH48715,Arizona,7592.07,No,Basic,High School or Below,2011-01-31,Employed,F,"$1,05,181.00",Rural,Single,$96.00,3,28,1,3,Corporate Auto,Corporate L3,3,Branch,$32.26,Four-Door Car,Medsize
KK58047,Oregon,11588.2,No,Basic,College,2011-01-31,Employed,M,"$72,824.00",Suburban,Married,$96.00,18,27,0,2,Personal Auto,Personal L3,2,Web,$460.08,Two-Door Car,Medsize
MD17521,Oregon,13902.82,No,Extended,High School or Below,2011-01-31,Employed,M,"$87,514.00",Urban,Married,$174.00,1,105,0,4,Personal Auto,Personal L3,2,Web,$485.30,SUV,Medsize
HZ25580,Washington,3234.86,No,Basic,High School or Below,2011-01-31,Employed,F,"$52,734.00",Suburban,Divorced,$82.00,3,27,0,1,Corporate Auto,Corporate L3,2,Agent,$468.44,Two-Door Car,Medsize
KZ84621,Nevada,11141.91,No,Basic,High School or Below,2011-01-31,Employed,F,"$84,206.00",Urban,Married,$139.00,47,96,1,3,Personal Auto,Personal L3,4,Web,$555.16,SUV,Small
RL34830,California,10320.43,No,Extended,College,2011-01-31,Employed,M,"$59,181.00",Suburban,Married,$131.00,15,50,0,7,Corporate Auto,Corporate L2,2,Web,$628.56,Four-Door Car,Medsize
NT78297,Oregon,10148.46,No,Extended,Bachelor,2011-01-31,Employed,F,"$50,888.00",Suburban,Single,$130.00,23,4,0,3,Personal Auto,Personal L2,1,Branch,$622.08,Two-Door Car,Small
JG12505,Nevada,5486.65,No,Basic,Master,2011-01-31,Employed,F,"$35,909.00",Rural,Married,$136.00,32,112,0,1,Personal Auto,Personal L2,1,Web,$343.41,SUV,Medsize
YZ67161,Oregon,17582.58,Yes,Extended,Master,2011-01-31,Unemployed,M,$0.00,Suburban,Single,$169.00,8,82,0,2,Personal Auto,Personal L1,1,Agent,"$1,215.00",SUV,Small
OI83286,Oregon,7494.38,No,Basic,College,2011-01-31,Employed,F,"$76,777.00",Urban,Married,$93.00,27,134,0,9,Personal Auto,Personal L1,1,Agent,$260.39,Two-Door Car,Medsize
LD71221,Oregon,5829.42,No,Basic,Bachelor,2011-01-31,Unemployed,F,$0.00,Urban,Divorced,$92.00,9,72,3,3,Personal Auto,Personal L3,2,Branch,$310.65,Two-Door Car,Medsize
XC32316,Arizona,13037.73,Yes,Extended,High School or Below,2011-01-31,Unemployed,M,$0.00,Suburban,Married,$177.00,46,82,0,9,Corporate Auto,Corporate L1,1,Agent,$848.88,SUV,Medsize
OZ86942,California,7817.12,No,Basic,Bachelor,2011-01-31,Employed,F,"$70,798.00",Suburban,Married,$99.00,0,63,1,4,Corporate Auto,Corporate L3,2,Agent,$473.04,Four-Door Car,Medsize
KF98735,California,4959.89,No,Extended,Bachelor,2011-01-31,Employed,M,"$55,600.00",Urban,Married,$134.00,27,8,4,1,Special Auto,Special L3,2,Agent,$490.88,Four-Door Car,Medsize
FK54851,California,8519.04,No,Extended,High School or Below,2011-01-31,Employed,M,"$1,07,838.00",Suburban,Married,$107.00,30,92,1,7,Personal Auto,Personal L3,2,Branch,$767.88,Two-Door Car,Medsize
FD11364,Oregon,9138.15,No,Extended,Bachelor,2011-01-31,Employed,F,"$1,03,951.00",Suburban,Single,$115.00,5,78,0,3,Special Auto,Special L3,2,Call Center,$550.80,Four-Door Car,Medsize
DP13082,California,31852.82,Yes,Basic,Bachelor,2011-01-31,Employed,M,"$1,03,083.00",Rural,Married,$89.00,34,4,0,2,Personal Auto,Personal L3,3,Agent,$116.72,Four-Door Car,Medsize
DX65548,Arizona,6526.86,Yes,Basic,College,2011-01-31,Employed,F,"$52,263.00",Suburban,Divorced,$89.00,42,93,4,6,Personal Auto,Personal L1,2,Call Center,$427.68,Four-Door Car,Medsize
QD28391,Washington,10024.89,No,Basic,College,2011-01-31,Employed,M,"$1,13,808.00",Rural,Married,$84.00,26,85,0,2,Personal Auto,Personal L2,2,Branch,$103.42,Four-Door Car,Medsize
QA49556,Washington,7020.31,No,Basic,Master,2011-01-31,Employed,M,"$31,591.00",Suburban,Single,$89.00,23,46,0,3,Personal Auto,Personal L2,4,Web,$427.68,Four-Door Car,Medsize
BM27144,California,10331.93,No,Basic,College,2011-01-31,Employed,F,"$77,552.00",Rural,Divorced,$86.00,27,41,0,2,Personal Auto,Personal L3,1,Agent,$104.56,Four-Door Car,Medsize
CM78608,California,7861.27,No,Basic,High School or Below,2011-01-31,Employed,F,"$1,19,285.00",Rural,Divorced,$99.00,1,66,0,9,Personal Auto,Personal L3,2,Call Center,$48.49,Two-Door Car,Medsize
ZE62067,Arizona,11488.3,Yes,Basic,Master,2011-01-31,Disabled,M,"$35,177.00",Suburban,Divorced,$100.00,4,85,0,2,Corporate Auto,Corporate L3,1,Call Center,$707.25,Four-Door Car,Small
BU70181,Arizona,7772.55,Yes,Basic,Master,2011-01-31,Employed,M,"$1,20,146.00",Rural,Divorced,$97.00,12,96,0,3,Personal Auto,Personal L3,2,Branch,$234.96,Four-Door Car,Small
QT46509,Oregon,9515.54,No,Extended,College,2011-01-31,Disabled,M,"$27,562.00",Suburban,Married,$126.00,45,92,0,7,Personal Auto,Personal L3,3,Branch,$602.64,Four-Door Car,Small
MF74413,Oregon,13037.73,Yes,Extended,High School or Below,2011-01-31,Unemployed,M,$0.00,Suburban,Married,$177.00,46,82,0,9,Personal Auto,Personal L3,1,Agent,$848.88,SUV,Medsize
NS51605,Oregon,11488.3,Yes,Basic,Master,2011-01-31,Disabled,M,"$35,177.00",Suburban,Divorced,$100.00,4,85,0,2,Personal Auto,Personal L2,1,Call Center,$707.25,Four-Door Car,Small
IJ40048,California,6721.58,No,Basic,Bachelor,2011-01-31,Employed,M,"$38,738.00",Urban,Single,$86.00,23,117,0,4,Corporate Auto,Corporate L2,1,Branch,$298.68,Four-Door Car,Medsize
VC70716,Arizona,13037.73,Yes,Extended,High School or Below,2011-01-31,Unemployed,M,$0.00,Suburban,Married,$177.00,46,82,0,9,Corporate Auto,Corporate L3,1,Agent,$848.88,SUV,Medsize
TZ71391,Oregon,11488.3,Yes,Basic,Master,2011-01-31,Disabled,M,"$35,177.00",Suburban,Divorced,$100.00,4,85,0,2,Personal Auto,Personal L1,1,Call Center,$707.25,Four-Door Car,Small
DR88293,Arizona,11446.41,No,Extended,Bachelor,2011-01-31,Unemployed,M,$0.00,Rural,Married,$104.00,34,65,0,2,Personal Auto,Personal L1,1,Branch,$17.02,Four-Door Car,Medsize
HQ16068,Washington,33259.91,No,Basic,High School or Below,2011-01-31,Employed,M,"$99,517.00",Rural,Married,$139.00,3,123,0,2,Special Auto,Special L2,1,Call Center,$219.59,Sports Car,Medsize
GQ15708,Oregon,19579.08,No,Basic,Bachelor,2011-01-31,Medical Leave,M,"$40,217.00",Suburban,Married,$262.00,34,66,0,3,Personal Auto,Personal L2,1,Agent,"$1,257.12",Luxury SUV,Medsize
YO29244,Oregon,10793.8,No,Basic,Bachelor,2011-01-31,Employed,F,"$34,073.00",Rural,Divorced,$135.00,41,80,0,7,Personal Auto,Personal L3,3,Branch,$203.80,SUV,Medsize
ZD29731,California,6286.5,No,Basic,College,2011-01-31,Employed,M,"$39,245.00",Suburban,Married,$82.00,11,134,2,3,Personal Auto,Personal L2,3,Call Center,$395.28,Two-Door Car,Small
QR88427,Nevada,5890.32,No,Basic,Bachelor,2011-01-31,Unemployed,F,$0.00,Suburban,Single,$85.00,18,66,0,7,Personal Auto,Personal L3,1,Agent,$408.24,Four-Door Car,Small
CP38401,Oregon,11477.23,No,Extended,High School or Below,2011-01-31,Unemployed,M,$0.00,Suburban,Single,$184.00,27,132,3,6,Personal Auto,Personal L2,1,Web,"$1,321.92",Sports Car,Medsize
PY48656,Arizona,8450.34,No,Extended,Master,2011-01-31,Employed,F,"$51,048.00",Rural,Married,$105.00,5,35,1,5,Corporate Auto,Corporate L2,1,Agent,$53.70,Four-Door Car,Medsize
ZZ62245,Oregon,8926.5,No,Extended,High School or Below,2011-01-31,Unemployed,F,$0.00,Suburban,Single,$131.00,42,46,2,9,Personal Auto,Personal L2,1,Web,$903.69,Four-Door Car,Medsize
NI78185,California,3231.79,Yes,Basic,College,2011-01-31,Unemployed,M,$0.00,Suburban,Single,$95.00,32,14,0,1,Personal Auto,Personal L2,1,Branch,$574.11,Four-Door Car,Medsize
HL35876,Washington,3231.79,Yes,Basic,College,2011-01-31,Unemployed,M,$0.00,Suburban,Single,$95.00,32,14,0,1,Personal Auto,Personal L2,1,Branch,$574.11,Four-Door Car,Medsize
ZU50513,California,12089.03,No,Basic,Bachelor,2011-01-31,Employed,F,"$1,31,944.00",Rural,Married,$100.00,26,30,0,2,Personal Auto,Personal L2,4,Agent,$81.12,Four-Door Car,Medsize
ME47990,California,4197.16,No,Extended,High School or Below,2011-01-31,Employed,M,"$1,04,605.00",Urban,Married,$104.00,0,117,0,1,Corporate Auto,Corporate L2,2,Branch,$480.48,Four-Door Car,Medsize
EB12732,Oregon,3844.75,No,Basic,High School or Below,2011-01-31,Employed,F,"$1,30,082.00",Urban,Married,$96.00,5,93,1,1,Personal Auto,Personal L3,2,Branch,$321.63,Four-Door Car,Medsize
TY95197,Washington,5578.99,No,Basic,College,2011-01-31,Unemployed,F,$0.00,Suburban,Single,$85.00,5,74,1,3,Personal Auto,Personal L3,1,Agent,$612.36,Four-Door Car,Medsize
WL13766,Arizona,3350.96,No,Basic,High School or Below,2011-01-31,Employed,M,"$41,976.00",Urban,Single,$86.00,1,30,0,1,Personal Auto,Personal L3,3,Branch,$371.19,Four-Door Car,Medsize
VB26229,Arizona,11742.14,No,Basic,Bachelor,2011-01-31,Employed,M,"$39,879.00",Suburban,Divorced,$99.00,4,31,0,2,Personal Auto,Personal L3,2,Branch,$473.04,Four-Door Car,Medsize
ML79788,Arizona,10676.7,No,Extended,College,2011-01-31,Employed,F,"$58,901.00",Suburban,Divorced,$134.00,45,41,0,3,Corporate Auto,Corporate L1,3,Branch,$641.52,Four-Door Car,Medsize
KZ67768,Nevada,6573.96,No,Extended,College,2011-01-31,Medical Leave,M,"$32,145.00",Suburban,Divorced,$176.00,27,11,0,1,Personal Auto,Personal L3,1,Web,$842.40,SUV,Large
IS30186,California,8351.77,No,Extended,College,2011-01-31,Employed,F,"$1,19,306.00",Rural,Divorced,$104.00,31,15,0,3,Personal Auto,Personal L2,2,Agent,$0.57,Four-Door Car,Medsize
HN45134,Arizona,7772.55,Yes,Basic,Master,2011-01-31,Employed,M,"$1,20,146.00",Rural,Divorced,$97.00,12,96,0,3,Personal Auto,Personal L3,2,Branch,$234.96,Four-Door Car,Small
SC31713,California,11036.68,No,Extended,College,2011-01-31,Unemployed,F,$0.00,Suburban,Single,$108.00,34,108,0,2,Personal Auto,Personal L3,1,Agent,$518.40,Four-Door Car,Medsize
ZF48094,Oregon,4508.8,No,Extended,High School or Below,2011-01-31,Employed,F,"$68,893.00",Urban,Married,$112.00,7,76,0,1,Personal Auto,Personal L1,4,Web,$472.44,Four-Door Car,Medsize
ZE40223,Oregon,9895.35,No,Basic,College,2011-01-31,Unemployed,M,$0.00,Suburban,Single,$146.00,35,127,0,4,Personal Auto,Personal L1,1,Branch,$699.84,Sports Car,Small
CW92156,Washington,5494.56,No,Basic,College,2011-01-31,Employed,F,"$50,537.00",Urban,Single,$142.00,4,30,0,1,Personal Auto,Personal L3,3,Branch,$424.50,SUV,Medsize
ED89934,California,6511.8,No,Extended,College,2011-01-31,Employed,F,"$79,577.00",Urban,Married,$163.00,7,117,0,1,Personal Auto,Personal L3,1,Agent,$657.07,SUV,Medsize
UQ34669,Arizona,7772.55,Yes,Basic,Master,2011-01-31,Employed,M,"$1,20,146.00",Rural,Divorced,$97.00,12,96,0,3,Personal Auto,Personal L3,2,Branch,$234.96,Four-Door Car,Small
FP86246,California,17834.86,No,Premium,Bachelor,2011-01-31,Employed,M,"$1,00,786.00",Urban,Divorced,$150.00,0,8,0,2,Personal Auto,Personal L2,3,Call Center,$680.89,Four-Door Car,Medsize
SZ64974,Arizona,6890.88,No,Basic,Doctor,2011-01-31,Employed,M,"$1,03,984.00",Suburban,Single,$86.00,24,59,2,3,Personal Auto,Personal L1,1,Agent,$514.24,Two-Door Car,Medsize
FQ61281,Oregon,112489.26,No,Extended,High School or Below,2011-01-31,Employed,M,"$79,593.00",Suburban,Married,$312.00,42,100,0,2,Personal Auto,Personal L3,1,Call Center,"$1,496.88",Luxury Car,Small
GX47381,California,13037.73,Yes,Extended,High School or Below,2011-01-31,Unemployed,M,$0.00,Suburban,Married,$177.00,46,82,0,9,Corporate Auto,Corporate L3,1,Agent,$848.88,SUV,Medsize
HI16116,Oregon,7126.17,No,Basic,Master,2011-01-31,Employed,F,"$40,364.00",Suburban,Married,$89.00,28,42,0,3,Personal Auto,Personal L3,2,Agent,$566.06,Four-Door Car,Small
BL44722,Nevada,56413.67,Yes,Premium,High School or Below,2011-01-31,Employed,F,"$62,892.00",Suburban,Divorced,$161.00,46,100,2,2,Personal Auto,Personal L2,1,Call Center,$771.12,Four-Door Car,Medsize
PS57128,California,5176.89,No,Extended,Bachelor,2011-01-31,Employed,F,"$55,810.00",Rural,Single,$134.00,5,86,0,1,Personal Auto,Personal L2,3,Agent,$324.33,Four-Door Car,Medsize
FH39423,Oregon,7478.12,No,Basic,Master,2011-01-31,Employed,F,"$1,08,981.00",Rural,Married,$92.00,20,58,0,4,Personal Auto,Personal L2,2,Call Center,$133.27,Four-Door Car,Medsize
RO43614,Washington,2873.64,No,Basic,Bachelor,2011-01-31,Unemployed,F,$0.00,Suburban,Single,$88.00,26,73,2,1,Personal Auto,Personal L1,1,Agent,$421.20,Four-Door Car,Medsize
OS75351,Oregon,3231.79,Yes,Basic,College,2011-01-31,Unemployed,M,$0.00,Suburban,Single,$95.00,32,14,0,1,Personal Auto,Personal L1,1,Branch,$574.11,Four-Door Car,Medsize
IE85867,Arizona,56413.67,Yes,Premium,High School or Below,2011-01-31,Employed,F,"$62,892.00",Suburban,Divorced,$161.00,46,100,2,2,Personal Auto,Personal L3,1,Call Center,$771.12,Four-Door Car,Medsize
XK52242,California,13230.45,No,Extended,Bachelor,2011-01-31,Employed,M,"$43,531.00",Rural,Married,$167.00,5,78,0,8,Personal Auto,Personal L2,2,Agent,$347.63,SUV,Medsize
MS11057,Oregon,12943.24,No,Premium,Bachelor,2011-01-31,Employed,M,"$1,14,128.00",Rural,Married,$161.00,14,96,0,4,Personal Auto,Personal L3,1,Call Center,$88.33,Four-Door Car,Medsize
AR25213,Arizona,9832.01,No,Basic,High School or Below,2011-01-31,Employed,M,"$55,158.00",Suburban,Married,$248.00,14,84,0,1,Personal Auto,Personal L3,3,Agent,"$1,192.32",Luxury SUV,Large
PY64219,California,17582.58,Yes,Extended,Master,2011-01-31,Unemployed,M,$0.00,Suburban,Single,$169.00,8,82,0,2,Personal Auto,Personal L2,1,Agent,"$1,215.00",SUV,Small
NI46290,Oregon,6562.23,No,Basic,College,2011-01-31,Employed,F,"$53,229.00",Rural,Divorced,$84.00,16,8,0,9,Corporate Auto,Corporate L3,1,Call Center,$138.33,Four-Door Car,Medsize
JB29250,Oregon,10224,No,Extended,High School or Below,2011-01-31,Employed,F,"$1,18,280.00",Suburban,Married,$127.00,47,85,0,3,Personal Auto,Personal L2,3,Branch,$609.12,Four-Door Car,Medsize
IF58637,California,3450.4,No,Basic,High School or Below,2011-01-31,Employed,F,"$30,889.00",Suburban,Single,$88.00,27,14,0,1,Personal Auto,Personal L2,2,Call Center,$421.20,Four-Door Car,Medsize
CN19138,Arizona,3044.16,No,Basic,Bachelor,2011-01-31,Unemployed,F,$0.00,Suburban,Single,$88.00,0,69,0,1,Corporate Auto,Corporate L3,3,Agent,$421.20,Four-Door Car,Large
JF25129,California,11488.3,Yes,Basic,Master,2011-01-31,Disabled,M,"$35,177.00",Suburban,Divorced,$100.00,4,85,0,2,Personal Auto,Personal L2,1,Call Center,$707.25,Four-Door Car,Small
LZ98947,Nevada,32722.19,No,Basic,Bachelor,2011-01-31,Unemployed,F,$0.00,Suburban,Single,$147.00,26,66,2,2,Personal Auto,Personal L1,1,Branch,"$1,059.48",SUV,Medsize
ZM75468,Nevada,14507.07,No,Extended,College,2011-01-31,Employed,M,"$52,832.00",Suburban,Divorced,$123.00,11,76,0,2,Personal Auto,Personal L1,1,Agent,$589.68,Four-Door Car,Small
IH35630,Oregon,56413.67,Yes,Premium,High School or Below,2011-01-31,Employed,F,"$62,892.00",Suburban,Divorced,$161.00,46,100,2,2,Personal Auto,Personal L3,1,Call Center,$771.12,Four-Door Car,Medsize
GI25850,Arizona,23065.31,No,Basic,High School or Below,2011-01-31,Employed,F,"$27,072.00",Rural,Married,$84.00,3,32,1,2,Personal Auto,Personal L3,3,Call Center,$13.27,Four-Door Car,Medsize
ZK11389,Oregon,31852.82,Yes,Basic,Bachelor,2011-01-31,Employed,M,"$1,03,083.00",Rural,Married,$89.00,34,4,0,2,Corporate Auto,Corporate L1,3,Agent,$116.72,Four-Door Car,Medsize
XU56756,Oregon,31852.82,Yes,Basic,Bachelor,2011-01-31,Employed,M,"$1,03,083.00",Rural,Married,$89.00,34,4,0,2,Personal Auto,Personal L1,3,Agent,$116.72,Four-Door Car,Medsize
CE10235,California,4603.06,No,Extended,Bachelor,2011-01-31,Employed,F,"$1,14,781.00",Suburban,Married,$115.00,5,93,0,1,Personal Auto,Personal L1,2,Agent,$550.80,Four-Door Car,Medsize
QA66968,California,9120.68,No,Extended,Bachelor,2011-01-31,Employed,F,"$63,287.00",Urban,Married,$116.00,4,84,2,3,Personal Auto,Personal L3,1,Agent,$438.67,Four-Door Car,Medsize
VB69838,Oregon,56413.67,Yes,Premium,High School or Below,2011-01-31,Employed,F,"$62,892.00",Suburban,Divorced,$161.00,46,100,2,2,Personal Auto,Personal L3,1,Call Center,$771.12,Four-Door Car,Medsize
VV49688,Oregon,6154.1,No,Basic,High School or Below,2011-01-31,Unemployed,M,$0.00,Suburban,Single,$84.00,18,28,0,8,Corporate Auto,Corporate L2,2,Call Center,$602.64,Four-Door Car,Medsize
KM63956,California,17582.58,Yes,Extended,Master,2011-01-31,Unemployed,M,$0.00,Suburban,Single,$169.00,8,82,0,2,Corporate Auto,Corporate L2,1,Agent,"$1,215.00",SUV,Small
VH45074,California,3089.83,No,Basic,College,2011-01-31,Unemployed,M,$0.00,Suburban,Divorced,$85.00,15,41,0,1,Personal Auto,Personal L3,2,Web,$464.79,Four-Door Car,Large
VW11431,California,4012.09,No,Extended,Bachelor,2011-01-31,Employed,F,"$1,13,229.00",Urban,Single,$103.00,7,49,1,1,Personal Auto,Personal L2,3,Branch,$294.80,Two-Door Car,Medsize
MS46793,Oregon,3231.79,Yes,Basic,College,2011-01-31,Unemployed,M,$0.00,Suburban,Single,$95.00,32,14,0,1,Personal Auto,Personal L3,1,Branch,$574.11,Four-Door Car,Medsize
JZ28710,California,6944.24,No,Basic,College,2011-01-31,Employed,M,"$82,913.00",Urban,Married,$88.00,8,47,0,7,Personal Auto,Personal L3,4,Call Center,$278.12,Two-Door Car,Medsize
ZI47098,California,56413.67,Yes,Premium,High School or Below,2011-01-31,Employed,F,"$62,892.00",Suburban,Divorced,$161.00,46,100,2,2,Personal Auto,Personal L3,1,Call Center,$771.12,Four-Door Car,Medsize
JO75190,Nevada,11709.34,No,Basic,Bachelor,2011-01-31,Employed,M,"$59,350.00",Suburban,Married,$149.00,34,80,0,7,Corporate Auto,Corporate L3,3,Agent,$712.80,SUV,Medsize
UP90711,Oregon,3829.51,No,Basic,Bachelor,2011-01-31,Employed,F,"$82,389.00",Rural,Single,$97.00,35,132,0,1,Personal Auto,Personal L2,2,Call Center,$154.48,Two-Door Car,Medsize
GA74551,Oregon,31852.82,Yes,Basic,Bachelor,2011-01-31,Employed,M,"$1,03,083.00",Rural,Married,$89.00,34,4,0,2,Personal Auto,Personal L1,3,Agent,$116.72,Four-Door Car,Medsize
NE70831,California,3689.08,No,Basic,High School or Below,2011-01-31,Employed,F,"$1,16,978.00",Urban,Single,$93.00,9,86,2,1,Personal Auto,Personal L1,1,Web,$437.22,Two-Door Car,Medsize
WT86597,Oregon,17582.58,Yes,Extended,Master,2011-01-31,Unemployed,M,$0.00,Suburban,Single,$169.00,8,82,0,2,Personal Auto,Personal L3,1,Agent,"$1,215.00",SUV,Small
FK94501,Nevada,10589.74,No,Basic,Bachelor,2011-01-31,Unemployed,F,$0.00,Urban,Married,$138.00,27,62,0,3,Personal Auto,Personal L2,1,Web,$369.83,SUV,Large
No19664,California,7677.1,No,Basic,High School or Below,2011-01-31,Employed,F,"$35,652.00",Suburban,Married,$96.00,41,95,0,5,Personal Auto,Personal L3,2,Branch,$641.47,Four-Door Car,Large
LX72964,Arizona,15202.22,No,Extended,High School or Below,2011-01-31,Employed,F,"$1,19,210.00",Urban,Single,$128.00,3,23,0,2,Personal Auto,Personal L3,2,Branch,$373.23,Four-Door Car,Large
IK51081,California,6526.86,Yes,Basic,College,2011-01-31,Employed,F,"$52,263.00",Suburban,Divorced,$89.00,42,93,4,6,Personal Auto,Personal L3,2,Call Center,$427.68,Four-Door Car,Medsize
HK50871,California,3121.64,No,Basic,High School or Below,2011-01-31,Medical Leave,M,"$21,793.00",Rural,Married,$84.00,4,99,1,1,Personal Auto,Personal L3,4,Web,$43.35,Four-Door Car,Large
TR39403,California,4970.67,No,Extended,Master,2011-01-31,Employed,F,"$1,05,234.00",Rural,Married,$126.00,38,62,3,1,Corporate Auto,Corporate L2,4,Branch,$26.55,Two-Door Car,Medsize
XY80192,Oregon,18871.77,No,Premium,High School or Below,2011-01-31,Employed,M,"$45,383.00",Suburban,Married,$158.00,8,16,0,2,Personal Auto,Personal L3,1,Agent,"$1,028.33",Four-Door Car,Medsize
WM36886,California,7772.55,Yes,Basic,Master,2011-01-31,Employed,M,"$1,20,146.00",Rural,Divorced,$97.00,12,96,0,3,Corporate Auto,Corporate L2,2,Branch,$234.96,Four-Door Car,Small
VU30980,California,13037.73,Yes,Extended,High School or Below,2011-01-31,Unemployed,M,$0.00,Suburban,Married,$177.00,46,82,0,9,Personal Auto,Personal L2,1,Agent,$848.88,SUV,Medsize
GE58317,Arizona,6526.86,Yes,Basic,College,2011-01-31,Employed,F,"$52,263.00",Suburban,Divorced,$89.00,42,93,4,6,Personal Auto,Personal L3,2,Call Center,$427.68,Four-Door Car,Medsize
OB32671,Oregon,51218.31,No,Basic,High School or Below,2011-01-31,Employed,F,"$27,792.00",Urban,Married,$143.00,19,28,0,2,Personal Auto,Personal L3,3,Agent,$491.10,SUV,Small
OI39918,California,4648.46,No,Extended,Bachelor,2011-01-31,Medical Leave,M,"$21,881.00",Suburban,Married,$126.00,30,27,0,1,Personal Auto,Personal L3,2,Call Center,$602.64,Two-Door Car,Large
EO51920,Oregon,26939.6,No,Extended,High School or Below,2011-01-31,Employed,F,"$93,280.00",Rural,Married,$134.00,32,43,0,2,Corporate Auto,Corporate L3,1,Agent,$87.30,Four-Door Car,Medsize
FX95323,Oregon,3563.52,No,Basic,College,2011-01-31,Employed,M,"$1,19,787.00",Rural,Married,$89.00,14,97,0,1,Personal Auto,Personal L3,4,Agent,$201.11,Four-Door Car,Medsize
EW67348,Nevada,6526.86,Yes,Basic,College,2011-01-31,Employed,F,"$52,263.00",Suburban,Divorced,$89.00,42,93,4,6,Personal Auto,Personal L3,2,Call Center,$427.68,Four-Door Car,Medsize
CY12922,Arizona,3383.59,No,Basic,College,2011-01-31,Unemployed,M,$0.00,Suburban,Single,$99.00,11,26,0,1,Personal Auto,Personal L2,2,Web,$709.56,Four-Door Car,Small
VG58889,California,6805.05,No,Basic,Bachelor,2011-01-31,Disabled,F,"$30,173.00",Suburban,Married,$89.00,12,4,0,5,Corporate Auto,Corporate L3,1,Agent,$427.68,Two-Door Car,Large
BT78461,California,15239.03,No,Basic,College,2011-01-31,Employed,F,"$1,30,139.00",Urban,Married,$95.00,1,38,0,2,Personal Auto,Personal L1,2,Agent,$415.66,Four-Door Car,Medsize
FZ89300,California,4959.26,No,Extended,Bachelor,2011-01-31,Employed,F,"$93,899.00",Urban,Single,$124.00,22,80,0,1,Personal Auto,Personal L2,1,Agent,$344.62,Four-Door Car,Medsize
LD76400,California,42277.43,No,Extended,Bachelor,2011-01-31,Employed,F,"$57,405.00",Suburban,Married,$178.00,4,115,0,2,Corporate Auto,Corporate L1,3,Agent,"$1,228.33",SUV,Medsize
MN83273,California,56413.67,Yes,Premium,High School or Below,2011-01-31,Employed,F,"$62,892.00",Suburban,Divorced,$161.00,46,100,2,2,Personal Auto,Personal L3,1,Call Center,$771.12,Four-Door Car,Medsize
XR74007,California,4779.28,No,Extended,Bachelor,2011-01-31,Employed,F,"$84,865.00",Rural,Married,$119.00,24,70,0,1,Corporate Auto,Corporate L1,3,Agent,$127.59,Four-Door Car,Medsize
VD69291,California,3648.63,No,Basic,College,2011-01-31,Disabled,M,"$30,260.00",Suburban,Married,$93.00,0,107,0,1,Personal Auto,Personal L1,3,Branch,$476.41,Four-Door Car,Large
RX91025,California,26827.55,No,Premium,High School or Below,2011-01-31,Unemployed,M,$0.00,Suburban,Single,$250.00,35,47,0,2,Personal Auto,Personal L3,1,Agent,"$2,633.48",SUV,Small
SK67821,Oregon,6659.44,No,Basic,Bachelor,2011-02-13,Employed,F,"$50,301.00",Rural,Married,$84.00,26,57,0,8,Corporate Auto,Corporate L1,3,Web,$20.84,Four-Door Car,Medsize
AP67935,California,10286.35,No,Basic,College,2011-02-13,Employed,M,"$87,411.00",Urban,Married,$86.00,32,80,0,2,Special Auto,Special L2,2,Branch,$408.46,Four-Door Car,Medsize
FY56083,Oregon,6371.68,No,Basic,Bachelor,2011-02-13,Employed,M,"$50,027.00",Rural,Married,$82.00,7,65,1,6,Personal Auto,Personal L2,1,Agent,$64.17,Four-Door Car,Small
FW91032,California,7936.89,No,Basic,High School or Below,2011-02-13,Employed,M,"$1,15,907.00",Rural,Married,$99.00,4,26,0,6,Corporate Auto,Corporate L2,4,Agent,$135.84,Four-Door Car,Medsize
EN60878,Oregon,8347.2,No,Extended,Bachelor,2011-02-13,Disabled,M,"$32,011.00",Urban,Single,$115.00,3,27,0,3,Personal Auto,Personal L2,1,Branch,$507.77,Four-Door Car,Medsize
CV24005,Oregon,3509.07,No,Basic,High School or Below,2011-02-13,Employed,M,"$39,947.00",Suburban,Married,$89.00,23,24,0,1,Corporate Auto,Corporate L3,2,Agent,$631.13,Two-Door Car,Small
BT30554,Arizona,13967.54,No,Extended,Bachelor,2011-02-13,Unemployed,F,$0.00,Suburban,Single,$132.00,1,20,0,2,Personal Auto,Personal L3,1,Agent,$635.04,Four-Door Car,Large
BS83666,Oregon,9944.35,No,Basic,Bachelor,2011-02-13,Employed,M,"$94,519.00",Rural,Divorced,$84.00,8,5,0,2,Corporate Auto,Corporate L3,1,Agent,$23.95,Four-Door Car,Large
RZ27571,Washington,3639.55,No,Basic,Bachelor,2011-02-13,Employed,F,"$34,484.00",Suburban,Married,$92.00,24,41,0,1,Personal Auto,Personal L3,1,Agent,$440.64,Four-Door Car,Medsize
WW30771,Arizona,3608.98,No,Basic,Master,2011-02-13,Employed,M,"$38,783.00",Suburban,Married,$90.00,11,14,0,1,Personal Auto,Personal L3,4,Branch,$434.16,Four-Door Car,Small
YB33445,Oregon,12126.85,No,Basic,College,2011-02-13,Employed,F,"$58,712.00",Rural,Married,$154.00,32,85,4,6,Corporate Auto,Corporate L1,1,Call Center,$235.69,SUV,Medsize
WK88044,Arizona,11796.08,No,Basic,Bachelor,2011-02-13,Employed,M,"$82,729.00",Rural,Married,$149.00,9,22,0,7,Personal Auto,Personal L3,1,Agent,$107.82,SUV,Medsize
KH24214,Oregon,24108.26,No,Basic,College,2011-02-13,Employed,M,"$74,840.00",Suburban,Married,$86.00,7,105,1,2,Personal Auto,Personal L3,3,Agent,$601.14,Four-Door Car,Medsize
JT11876,Washington,7338.29,No,Basic,High School or Below,2011-02-13,Unemployed,F,$0.00,Suburban,Single,$99.00,16,96,0,4,Personal Auto,Personal L1,2,Branch,$845.26,Four-Door Car,Small
GT38956,California,3295.88,No,Basic,College,2011-02-13,Unemployed,F,$0.00,Suburban,Married,$88.00,9,38,0,1,Personal Auto,Personal L3,2,Branch,$421.20,Four-Door Car,Medsize
DW29763,Arizona,7117.18,No,Basic,High School or Below,2011-02-13,Employed,M,"$44,082.00",Suburban,Married,$90.00,5,34,0,9,Personal Auto,Personal L1,1,Agent,$434.16,Two-Door Car,Large
VX39856,Arizona,4725.61,No,Extended,Doctor,2011-02-13,Employed,F,"$1,20,687.00",Rural,Married,$116.00,7,77,0,1,Personal Auto,Personal L3,4,Branch,$111.25,Four-Door Car,Medsize
BV79904,California,10740.8,No,Basic,Master,2011-02-13,Employed,F,"$60,504.00",Rural,Divorced,$90.00,34,55,1,2,Personal Auto,Personal L3,1,Web,$184.79,Two-Door Car,Medsize
XD85577,California,3837.06,No,Basic,Bachelor,2011-02-13,Employed,M,"$93,713.00",Rural,Divorced,$99.00,41,105,1,1,Personal Auto,Personal L1,1,Branch,$41.68,Four-Door Car,Small
UH35128,Oregon,34839.54,Yes,Extended,College,2011-02-13,Employed,F,"$96,134.00",Suburban,Married,$289.00,11,120,1,2,Personal Auto,Personal L2,1,Branch,"$1,386.72",Luxury Car,Small
VL84149,Oregon,34839.54,Yes,Extended,College,2011-02-13,Employed,F,"$96,134.00",Suburban,Married,$289.00,11,120,1,2,Corporate Auto,Corporate L2,1,Branch,"$1,386.72",Luxury Car,Small
WS57286,Arizona,6334.42,No,Basic,College,2011-02-13,Unemployed,M,$0.00,Rural,Married,$86.00,27,18,0,4,Personal Auto,Personal L3,2,Agent,$185.18,Four-Door Car,Medsize
VH45094,Arizona,9837.17,No,Basic,High School or Below,2011-02-13,Employed,M,"$88,925.00",Urban,Married,$82.00,28,54,1,2,Personal Auto,Personal L2,2,Branch,$273.84,Four-Door Car,Large
QF59448,Washington,3822.64,No,Extended,College,2011-02-13,Retired,M,"$23,965.00",Suburban,Married,$104.00,35,117,0,1,Personal Auto,Personal L3,3,Agent,$498.96,Four-Door Car,Medsize
TK40018,Oregon,7988.58,No,Premium,High School or Below,2011-02-13,Unemployed,M,$0.00,Suburban,Single,$228.00,42,104,0,1,Personal Auto,Personal L3,4,Agent,"$1,629.56",SUV,Medsize
XY52165,Arizona,4077.57,No,Basic,College,2011-02-13,Employed,F,"$1,06,057.00",Suburban,Married,$100.00,9,68,0,1,Personal Auto,Personal L1,1,Branch,$479.52,Two-Door Car,Medsize
VW88911,Oregon,48525.36,No,Premium,High School or Below,2011-02-13,Unemployed,M,$0.00,Suburban,Single,$154.00,45,74,0,2,Corporate Auto,Corporate L3,1,Branch,"$1,108.08",Four-Door Car,Large
MX76292,California,10403.15,No,Basic,Doctor,2011-02-13,Employed,F,"$64,826.00",Rural,Married,$86.00,20,127,0,2,Corporate Auto,Corporate L3,1,Agent,$185.85,Four-Door Car,Medsize
RF72106,Washington,11361.12,No,Basic,College,2011-02-13,Unemployed,M,$0.00,Suburban,Single,$84.00,11,132,0,2,Personal Auto,Personal L2,1,Branch,$602.64,Four-Door Car,Small
SZ60450,California,4615.8,No,Extended,High School or Below,2011-02-13,Employed,M,"$54,367.00",Rural,Married,$116.00,11,86,0,1,Personal Auto,Personal L3,3,Agent,$31.57,Two-Door Car,Medsize
WC42895,California,29849.04,No,Basic,Bachelor,2011-02-13,Employed,F,"$88,727.00",Rural,Single,$95.00,18,89,0,2,Personal Auto,Personal L3,2,Agent,$19.60,Four-Door Car,Medsize
SB64873,Oregon,11071.06,No,Basic,Doctor,2011-02-13,Employed,M,"$34,264.00",Suburban,Single,$96.00,30,84,0,2,Personal Auto,Personal L2,2,Branch,$460.08,Four-Door Car,Medsize
QW17286,Washington,3750.74,No,Basic,Master,2011-02-13,Employed,F,"$89,141.00",Urban,Married,$93.00,45,26,1,1,Personal Auto,Personal L2,4,Web,$380.91,Four-Door Car,Medsize
GB14456,Nevada,30155.17,No,Extended,High School or Below,2011-02-13,Unemployed,M,$0.00,Suburban,Single,$176.00,12,58,0,2,Personal Auto,Personal L2,1,Branch,"$1,858.83",SUV,Large
AL78075,Oregon,5143.82,No,Premium,High School or Below,2011-02-13,Unemployed,M,$0.00,Suburban,Single,$146.00,9,77,0,1,Personal Auto,Personal L2,2,Branch,"$1,049.76",Four-Door Car,Medsize
HR87252,California,12208.97,No,Basic,Bachelor,2011-02-13,Employed,F,"$1,31,956.00",Suburban,Divorced,$153.00,14,86,0,5,Personal Auto,Personal L3,1,Branch,$938.43,Sports Car,Medsize
GB66110,California,5970.25,No,Basic,Bachelor,2011-02-13,Unemployed,M,$0.00,Suburban,Single,$84.00,14,131,0,3,Personal Auto,Personal L1,1,Branch,$975.28,Two-Door Car,Small
UP36767,California,6147.64,No,Basic,College,2011-02-13,Employed,M,"$82,436.00",Urban,Married,$153.00,43,104,0,1,Personal Auto,Personal L3,3,Branch,$728.70,SUV,Medsize
FH36069,Arizona,28486.64,No,Basic,College,2011-02-13,Employed,F,"$82,818.00",Suburban,Married,$143.00,36,89,0,2,Personal Auto,Personal L2,4,Branch,$815.72,SUV,Medsize
FD73388,Arizona,18543.78,Yes,Premium,Master,2011-02-13,Disabled,F,"$21,844.00",Suburban,Divorced,$244.00,30,107,0,8,Personal Auto,Personal L3,1,Web,"$1,702.78",SUV,Medsize
MS94619,California,6900.26,No,Basic,High School or Below,2011-02-13,Employed,F,"$1,03,205.00",Suburban,Married,$85.00,12,18,0,3,Personal Auto,Personal L3,3,Web,$408.24,Four-Door Car,Medsize
HZ67642,California,11673.64,No,Basic,Bachelor,2011-02-13,Unemployed,M,$0.00,Rural,Married,$161.00,7,42,0,3,Personal Auto,Personal L1,4,Web,$330.50,SUV,Small
ZP91150,Oregon,10725.71,No,Premium,College,2011-02-13,Unemployed,M,$0.00,Suburban,Single,$153.00,14,131,0,9,Corporate Auto,Corporate L3,1,Web,$732.24,Four-Door Car,Medsize
XZ23352,California,5183.66,No,Basic,High School or Below,2011-02-13,Unemployed,F,$0.00,Suburban,Single,$143.00,39,51,0,1,Corporate Auto,Corporate L3,4,Call Center,"$1,030.32",SUV,Small
MV54498,California,7430.29,No,Basic,College,2011-02-13,Employed,F,"$80,908.00",Rural,Single,$96.00,22,104,1,3,Personal Auto,Personal L3,1,Branch,$157.41,Four-Door Car,Medsize
LM79063,Arizona,9659.89,No,Extended,Doctor,2011-02-13,Employed,F,"$1,03,283.00",Suburban,Divorced,$120.00,47,88,0,8,Personal Auto,Personal L3,2,Call Center,$576.72,Two-Door Car,Small
MR33456,Washington,10926.76,No,Basic,High School or Below,2011-02-13,Employed,M,"$80,783.00",Suburban,Single,$144.00,11,70,2,8,Personal Auto,Personal L2,2,Agent,$693.36,SUV,Medsize
YN17362,California,3370.64,No,Basic,College,2011-02-13,Unemployed,M,$0.00,Suburban,Single,$99.00,18,45,0,1,Corporate Auto,Corporate L3,1,Agent,$473.04,Two-Door Car,Medsize
DE37110,California,6271.52,No,Basic,Master,2011-02-13,Employed,M,"$57,418.00",Rural,Single,$159.00,18,43,0,1,Personal Auto,Personal L3,1,Call Center,$270.87,Sports Car,Medsize
XS97845,Oregon,5804.78,No,Premium,College,2011-02-13,Employed,M,"$59,924.00",Urban,Divorced,$153.00,14,100,1,1,Personal Auto,Personal L2,1,Call Center,$670.74,Four-Door Car,Medsize
IP94270,Arizona,18543.78,Yes,Premium,Master,2011-02-13,Disabled,F,"$21,844.00",Suburban,Divorced,$244.00,30,107,0,8,Personal Auto,Personal L2,1,Web,"$1,702.78",SUV,Medsize
HQ15974,Nevada,11154.89,No,Extended,College,2011-02-13,Unemployed,F,$0.00,Rural,Married,$103.00,5,69,1,2,Personal Auto,Personal L2,1,Agent,$43.89,Four-Door Car,Medsize
QL45827,Washington,34839.54,Yes,Extended,College,2011-02-13,Employed,F,"$96,134.00",Suburban,Married,$289.00,11,120,1,2,Personal Auto,Personal L1,1,Branch,"$1,386.72",Luxury Car,Small
TC99043,California,18543.78,Yes,Premium,Master,2011-02-13,Disabled,F,"$21,844.00",Suburban,Divorced,$244.00,30,107,0,8,Personal Auto,Personal L2,1,Web,"$1,702.78",SUV,Medsize
WA45944,Arizona,34839.54,Yes,Extended,College,2011-02-13,Employed,F,"$96,134.00",Suburban,Married,$289.00,11,120,1,2,Corporate Auto,Corporate L3,1,Branch,"$1,386.72",Luxury Car,Small
UG19550,California,29147.1,No,Basic,High School or Below,2011-02-13,Employed,M,"$84,344.00",Rural,Divorced,$247.00,9,101,0,2,Personal Auto,Personal L1,2,Agent,$54.39,Luxury SUV,Medsize
BM39234,Oregon,6143.93,No,Basic,High School or Below,2011-02-13,Unemployed,M,$0.00,Suburban,Single,$84.00,34,132,0,3,Personal Auto,Personal L1,1,Call Center,$602.64,Two-Door Car,Medsize
IK12576,Oregon,5715.32,No,Premium,Bachelor,2011-02-13,Employed,F,"$1,29,123.00",Suburban,Single,$143.00,15,41,0,1,Personal Auto,Personal L2,1,Agent,$686.88,Two-Door Car,Medsize
LA34671,Arizona,10298.81,No,Extended,College,2011-02-13,Unemployed,M,$0.00,Suburban,Single,$104.00,23,88,0,2,Personal Auto,Personal L3,1,Agent,$498.96,Four-Door Car,Small
UF93434,Oregon,3440.33,No,Basic,College,2011-02-13,Employed,F,"$29,768.00",Suburban,Divorced,$89.00,12,63,0,1,Personal Auto,Personal L3,3,Call Center,$427.68,Four-Door Car,Medsize
MR56401,Oregon,3432.84,No,Basic,College,2011-02-13,Employed,F,"$50,047.00",Suburban,Married,$86.00,1,1,0,1,Personal Auto,Personal L3,3,Call Center,$414.72,Four-Door Car,Large
TJ51874,Washington,11553.35,No,Basic,High School or Below,2011-02-13,Medical Leave,M,"$18,776.00",Suburban,Married,$157.00,16,100,2,8,Corporate Auto,Corporate L3,1,Web,"$1,085.58",SUV,Medsize
HY86417,Arizona,4932.5,No,Extended,College,2011-02-13,Employed,F,"$1,00,070.00",Suburban,Married,$122.00,19,103,0,1,Corporate Auto,Corporate L3,2,Call Center,$646.31,Two-Door Car,Medsize
DU66620,Nevada,6186.63,No,Basic,College,2011-02-13,Medical Leave,M,"$25,738.00",Suburban,Married,$82.00,38,39,0,7,Personal Auto,Personal L2,4,Call Center,$395.28,Two-Door Car,Medsize
HN35280,Arizona,3303,No,Basic,Bachelor,2011-02-13,Employed,M,"$1,11,004.00",Suburban,Divorced,$82.00,32,36,0,1,Personal Auto,Personal L3,2,Web,$395.28,Two-Door Car,Medsize
DG21323,California,6424.06,No,Basic,High School or Below,2011-02-13,Unemployed,F,$0.00,Suburban,Single,$86.00,39,49,0,9,Personal Auto,Personal L3,3,Branch,$820.44,Four-Door Car,Medsize
MA43940,Oregon,12613.32,No,Basic,High School or Below,2011-02-13,Employed,M,"$1,02,477.00",Suburban,Married,$158.00,31,104,0,3,Special Auto,Special L3,3,Branch,$758.16,Sports Car,Medsize
XW63353,Oregon,9030.18,Yes,Extended,High School or Below,2011-02-13,Employed,M,"$76,923.00",Suburban,Married,$113.00,45,95,0,7,Personal Auto,Personal L3,2,Agent,$808.65,Two-Door Car,Medsize
DB91647,California,7852.56,No,Basic,College,2011-02-13,Employed,M,"$1,33,973.00",Suburban,Single,$100.00,12,19,0,6,Personal Auto,Personal L2,4,Web,$512.16,Four-Door Car,Small
HU75748,Arizona,9219.71,No,Basic,High School or Below,2011-02-13,Unemployed,F,$0.00,Suburban,Single,$89.00,19,99,1,2,Personal Auto,Personal L2,3,Branch,$635.43,Two-Door Car,Medsize
KX18446,Washington,9030.18,Yes,Extended,High School or Below,2011-02-13,Employed,M,"$76,923.00",Suburban,Married,$113.00,45,95,0,7,Corporate Auto,Corporate L2,2,Agent,$808.65,Two-Door Car,Medsize
LD98568,California,10596.32,No,Extended,College,2011-02-13,Employed,F,"$73,482.00",Urban,Married,$131.00,26,84,0,3,Personal Auto,Personal L3,1,Agent,$384.07,Four-Door Car,Medsize
CD56261,California,10033.47,No,Basic,High School or Below,2011-02-13,Unemployed,F,$0.00,Suburban,Single,$138.00,22,46,0,5,Corporate Auto,Corporate L3,2,Call Center,"$1,400.32",SUV,Medsize
GI30974,Oregon,3155.43,No,Basic,Bachelor,2011-02-13,Unemployed,M,$0.00,Suburban,Single,$88.00,42,70,0,1,Corporate Auto,Corporate L3,2,Agent,$631.80,Four-Door Car,Small
DS45844,California,5625.58,No,Basic,College,2011-02-13,Unemployed,M,$0.00,Rural,Married,$158.00,11,86,0,1,Corporate Auto,Corporate L3,3,Agent,$128.17,Sports Car,Medsize
TL20040,Oregon,18886.29,No,Basic,College,2011-02-13,Employed,M,"$30,178.00",Suburban,Married,$159.00,36,12,0,2,Personal Auto,Personal L1,1,Call Center,"$1,046.96",SUV,Small
LY14687,Washington,6199.4,No,Basic,College,2011-02-13,Employed,F,"$99,365.00",Rural,Married,$154.00,20,120,0,1,Personal Auto,Personal L2,1,Agent,$248.70,SUV,Medsize
VN73653,Oregon,8672.05,No,Basic,College,2011-02-13,Unemployed,M,$0.00,Suburban,Single,$254.00,7,90,0,1,Corporate Auto,Corporate L2,3,Agent,"$2,189.11",Luxury SUV,Medsize
VV47792,California,34839.54,Yes,Extended,College,2011-02-13,Employed,F,"$96,134.00",Suburban,Married,$289.00,11,120,1,2,Personal Auto,Personal L3,1,Branch,"$1,386.72",Luxury Car,Small
MC30750,Oregon,18543.78,Yes,Premium,Master,2011-02-13,Disabled,F,"$21,844.00",Suburban,Divorced,$244.00,30,107,0,8,Personal Auto,Personal L2,1,Web,"$1,702.78",SUV,Medsize
WA60547,California,16162.17,No,Premium,College,2011-02-13,Employed,F,"$86,663.00",Urban,Divorced,$213.00,0,36,4,6,Personal Auto,Personal L1,1,Branch,$834.69,SUV,Medsize
XV31269,Oregon,3369.79,No,Basic,High School or Below,2011-02-13,Unemployed,M,$0.00,Suburban,Single,$97.00,19,78,0,1,Corporate Auto,Corporate L2,4,Web,$699.84,Two-Door Car,Medsize
SX63814,Arizona,12571.99,No,Premium,High School or Below,2011-02-13,Employed,M,"$1,02,581.00",Rural,Married,$155.00,15,59,0,3,Personal Auto,Personal L3,3,Call Center,$120.31,Four-Door Car,Medsize
MI95708,Arizona,17479.37,No,Premium,High School or Below,2011-02-13,Retired,F,"$20,362.00",Suburban,Married,$155.00,34,19,0,2,Personal Auto,Personal L3,1,Call Center,$745.20,Four-Door Car,Large
SD83603,Oregon,9007.37,No,Extended,College,2011-02-13,Employed,F,"$76,721.00",Urban,Married,$112.00,8,36,0,9,Personal Auto,Personal L1,2,Agent,$431.73,Two-Door Car,Medsize
IA33339,Oregon,12512.71,No,Basic,Bachelor,2011-02-13,Employed,F,"$77,020.00",Urban,Married,$155.00,9,76,1,4,Corporate Auto,Corporate L3,3,Agent,$652.90,SUV,Medsize
MO21402,Oregon,18543.78,Yes,Premium,Master,2011-02-13,Disabled,F,"$21,844.00",Suburban,Divorced,$244.00,30,107,0,8,Personal Auto,Personal L3,1,Web,"$1,702.78",SUV,Medsize
EO38569,Washington,2963.65,No,Basic,High School or Below,2011-02-13,Unemployed,F,$0.00,Suburban,Single,$84.00,41,39,1,1,Personal Auto,Personal L2,1,Web,$602.64,Four-Door Car,Large
XA53408,Oregon,7531.01,No,Basic,College,2011-02-13,Employed,M,"$37,471.00",Suburban,Married,$96.00,8,70,0,8,Corporate Auto,Corporate L3,1,Agent,$993.24,Two-Door Car,Small
TK32843,California,10050.67,No,Premium,Bachelor,2011-02-13,Unemployed,M,$0.00,Suburban,Single,$154.00,28,55,0,4,Personal Auto,Personal L2,1,Branch,"$1,166.21",Four-Door Car,Medsize
AH89786,Oregon,2935.05,No,Basic,High School or Below,2011-02-13,Retired,M,"$22,946.00",Suburban,Married,$88.00,47,84,3,1,Personal Auto,Personal L1,2,Branch,$631.80,Two-Door Car,Medsize
GN61665,Arizona,14761.9,No,Extended,Bachelor,2011-02-13,Employed,M,"$63,680.00",Suburban,Married,$188.00,5,77,0,3,Corporate Auto,Corporate L3,3,Agent,$900.72,Sports Car,Medsize
IK82336,Oregon,18919.04,No,Basic,College,2011-02-13,Employed,F,"$52,674.00",Suburban,Married,$158.00,15,127,0,2,Personal Auto,Personal L2,3,Branch,$758.16,SUV,Small
PX45824,Washington,6705.25,No,Basic,College,2011-02-13,Unemployed,M,$0.00,Suburban,Single,$100.00,34,81,0,9,Personal Auto,Personal L2,1,Agent,$719.28,Four-Door Car,Medsize
NG13451,Oregon,10655.31,No,Basic,High School or Below,2011-02-13,Employed,M,"$39,440.00",Suburban,Single,$90.00,9,20,0,2,Personal Auto,Personal L2,2,Call Center,$442.34,Four-Door Car,Small
II16403,California,10270.78,No,Basic,College,2011-02-13,Employed,F,"$42,466.00",Rural,Single,$269.00,7,82,0,1,Personal Auto,Personal L3,1,Branch,$589.54,Luxury SUV,Medsize
SR53077,Nevada,3512.44,No,Basic,High School or Below,2011-02-13,Employed,F,"$77,262.00",Urban,Married,$88.00,47,50,0,1,Personal Auto,Personal L3,2,Branch,$411.91,Four-Door Car,Medsize
YV88022,Washington,9030.18,Yes,Extended,High School or Below,2011-02-13,Employed,M,"$76,923.00",Suburban,Married,$113.00,45,95,0,7,Personal Auto,Personal L2,2,Agent,$808.65,Two-Door Car,Medsize
OA26316,Arizona,2998.84,No,Basic,College,2011-02-13,Unemployed,F,$0.00,Suburban,Single,$84.00,34,41,0,1,Personal Auto,Personal L2,2,Call Center,$944.35,Four-Door Car,Medsize
XO67536,California,3460.58,No,Basic,College,2011-02-13,Disabled,F,"$14,661.00",Suburban,Married,$89.00,41,123,0,1,Personal Auto,Personal L3,2,Call Center,$427.68,Four-Door Car,Medsize
DW11738,California,5726.21,No,Basic,Master,2011-02-13,Medical Leave,M,"$26,776.00",Suburban,Divorced,$86.00,35,11,4,8,Personal Auto,Personal L3,1,Agent,$622.08,Four-Door Car,Small
AM53473,Arizona,7859.41,No,Basic,Bachelor,2011-02-13,Employed,F,"$81,117.00",Suburban,Single,$100.00,28,31,0,3,Special Auto,Special L3,1,Agent,$479.52,Four-Door Car,Small
ZD65365,Oregon,3907.69,No,Basic,College,2011-02-13,Employed,F,"$38,075.00",Suburban,Married,$99.00,8,16,0,1,Personal Auto,Personal L3,2,Branch,$657.43,Four-Door Car,Medsize
MT97446,California,3573.73,No,Basic,Master,2011-02-13,Employed,F,"$35,695.00",Urban,Married,$89.00,43,27,0,1,Corporate Auto,Corporate L1,1,Agent,$284.37,Two-Door Car,Medsize
YA78391,Oregon,7707.45,No,Extended,High School or Below,2011-02-13,Unemployed,M,$0.00,Suburban,Married,$105.00,43,89,0,5,Personal Auto,Personal L2,3,Agent,$554.05,Four-Door Car,Medsize
ZB69355,Oregon,5511.65,No,Basic,Bachelor,2011-02-13,Medical Leave,F,"$31,328.00",Suburban,Married,$144.00,42,81,0,1,Personal Auto,Personal L3,1,Call Center,$693.36,Sports Car,Large
DK69871,Nevada,32586.38,No,Basic,Master,2011-02-13,Employed,M,"$72,483.00",Urban,Divorced,$90.00,18,65,0,2,Personal Auto,Personal L3,1,Call Center,$237.57,Four-Door Car,Medsize
OI80614,California,9030.18,Yes,Extended,High School or Below,2011-02-13,Employed,M,"$76,923.00",Suburban,Married,$113.00,45,95,0,7,Personal Auto,Personal L3,2,Agent,$808.65,Two-Door Car,Medsize
FI61059,Oregon,5820.41,No,Basic,College,2011-02-13,Unemployed,M,$0.00,Suburban,Single,$90.00,0,96,1,3,Personal Auto,Personal L3,3,Call Center,$651.24,Four-Door Car,Medsize
ZW79814,California,9030.18,Yes,Extended,High School or Below,2011-02-13,Employed,M,"$76,923.00",Suburban,Married,$113.00,45,95,0,7,Personal Auto,Personal L1,2,Agent,$808.65,Two-Door Car,Medsize
IJ28717,Oregon,43332.73,No,Basic,College,2011-02-13,Employed,M,"$42,529.00",Suburban,Married,$142.00,23,100,3,2,Personal Auto,Personal L2,1,Agent,$680.40,SUV,Medsize
GQ78238,Oregon,7038.06,No,Extended,High School or Below,2011-02-13,Employed,M,"$87,975.00",Suburban,Married,$177.00,30,115,0,1,Personal Auto,Personal L2,2,Call Center,$848.88,SUV,Medsize
VK98618,Arizona,10465,No,Basic,College,2011-02-13,Unemployed,F,$0.00,Suburban,Single,$142.00,19,28,0,7,Personal Auto,Personal L3,2,Agent,"$1,020.60",SUV,Large
II20035,Oregon,10059.5,No,Basic,High School or Below,2011-02-13,Medical Leave,F,"$35,423.00",Suburban,Married,$88.00,15,53,0,2,Personal Auto,Personal L2,2,Web,$421.20,Four-Door Car,Small
UT21323,California,17626.97,No,Basic,College,2011-02-13,Unemployed,M,$0.00,Suburban,Single,$257.00,12,90,0,7,Personal Auto,Personal L3,3,Branch,"$2,474.80",Luxury SUV,Small
JQ95021,California,4571.35,No,Extended,College,2011-02-13,Employed,M,"$90,786.00",Rural,Divorced,$116.00,34,5,0,1,Special Auto,Special L1,3,Web,$45.76,Four-Door Car,Medsize
GW43195,Oregon,34839.54,Yes,Extended,College,2011-02-13,Employed,F,"$96,134.00",Suburban,Married,$289.00,11,120,1,2,Personal Auto,Personal L2,1,Branch,"$1,386.72",Luxury Car,Small
DA26490,California,6642.66,No,Basic,Bachelor,2011-02-13,Employed,M,"$28,844.00",Suburban,Married,$85.00,27,63,0,3,Personal Auto,Personal L2,4,Branch,$408.24,Two-Door Car,Small
DM59806,California,4821.32,No,Extended,Doctor,2011-02-13,Employed,F,"$99,702.00",Suburban,Single,$120.00,9,47,0,1,Personal Auto,Personal L3,2,Agent,$576.72,Four-Door Car,Small
DD27563,Oregon,8562.34,No,Extended,High School or Below,2011-02-13,Employed,M,"$1,17,027.00",Urban,Single,$108.00,5,111,0,3,Personal Auto,Personal L3,1,Agent,$370.12,Four-Door Car,Large
XC25965,Washington,19918.38,No,Extended,Bachelor,2011-02-13,Employed,F,"$35,756.00",Suburban,Single,$173.00,24,7,1,2,Personal Auto,Personal L1,1,Agent,$829.44,SUV,Medsize
PC30692,Oregon,10153.73,No,Basic,Bachelor,2011-02-13,Unemployed,M,$0.00,Suburban,Single,$155.00,45,0,0,3,Personal Auto,Personal L3,1,Branch,"$1,332.85",SUV,Medsize
VR66049,Washington,9030.18,Yes,Extended,High School or Below,2011-02-13,Employed,M,"$76,923.00",Suburban,Married,$113.00,45,95,0,7,Corporate Auto,Corporate L3,2,Agent,$808.65,Two-Door Car,Medsize
ZR56751,Washington,8440.69,No,Extended,Master,2011-02-13,Employed,F,"$1,25,408.00",Rural,Married,$104.00,7,3,0,7,Personal Auto,Personal L2,2,Call Center,$58.24,Two-Door Car,Small
RQ94849,California,3223.61,No,Basic,College,2011-02-13,Unemployed,M,$0.00,Suburban,Single,$90.00,31,119,0,1,Personal Auto,Personal L3,1,Web,$651.24,Four-Door Car,Medsize
BV22194,Arizona,19162.11,No,Basic,High School or Below,2011-02-13,Employed,F,"$1,19,040.00",Suburban,Married,$95.00,43,105,0,2,Personal Auto,Personal L3,2,Call Center,$453.60,Two-Door Car,Medsize
XV76553,Oregon,6107.07,No,Basic,High School or Below,2011-02-13,Employed,M,"$1,01,162.00",Rural,Married,$151.00,20,84,0,1,Corporate Auto,Corporate L3,2,Branch,$260.36,SUV,Medsize
IC22580,California,15570.86,No,Extended,College,2011-02-13,Employed,M,"$1,15,208.00",Urban,Married,$128.00,8,58,0,2,Personal Auto,Personal L1,3,Agent,$530.21,Four-Door Car,Small
OO64005,Oregon,3179.63,No,Basic,Bachelor,2011-02-13,Unemployed,F,$0.00,Suburban,Married,$85.00,27,7,0,1,Personal Auto,Personal L3,1,Branch,$408.24,Four-Door Car,Small
RN45606,Nevada,21903.13,No,Extended,High School or Below,2011-02-13,Employed,F,"$43,448.00",Rural,Married,$184.00,19,123,1,2,Personal Auto,Personal L2,1,Branch,$359.30,SUV,Medsize
MW98508,Oregon,3900.27,No,Basic,College,2011-02-13,Employed,F,"$97,301.00",Rural,Married,$99.00,43,1,2,1,Special Auto,Special L3,2,Web,$30.47,Four-Door Car,Medsize
MM50888,Arizona,4125.89,No,Extended,High School or Below,2011-02-13,Employed,F,"$46,328.00",Urban,Married,$105.00,8,43,2,1,Personal Auto,Personal L3,2,Web,$355.85,Two-Door Car,Medsize
WX84274,Oregon,6669.17,No,Basic,Bachelor,2011-02-13,Unemployed,F,$0.00,Suburban,Single,$96.00,14,115,0,3,Corporate Auto,Corporate L3,1,Agent,$744.62,Four-Door Car,Small
FD36230,California,11396.25,No,Basic,High School or Below,2011-02-13,Employed,F,"$68,581.00",Rural,Married,$97.00,34,28,3,2,Personal Auto,Personal L2,2,Agent,$58.62,Four-Door Car,Medsize
UO54843,California,7252.68,No,Basic,Bachelor,2011-02-13,Employed,M,"$94,886.00",Rural,Married,$90.00,22,89,0,3,Corporate Auto,Corporate L3,2,Web,$175.69,Four-Door Car,Medsize
XO56170,California,3870.21,No,Basic,High School or Below,2011-02-13,Employed,F,"$1,18,028.00",Urban,Divorced,$97.00,36,57,0,1,Personal Auto,Personal L3,2,Agent,$303.05,Four-Door Car,Medsize
ZA45956,California,18543.78,Yes,Premium,Master,2011-02-13,Disabled,F,"$21,844.00",Suburban,Divorced,$244.00,30,107,0,8,Personal Auto,Personal L2,1,Web,"$1,702.78",SUV,Medsize
BT57285,California,6161.23,No,Extended,High School or Below,2011-02-13,Unemployed,M,$0.00,Suburban,Married,$167.00,43,53,0,1,Personal Auto,Personal L1,1,Agent,$803.52,SUV,Medsize
SF30642,California,12145.65,No,Basic,High School or Below,2011-02-13,Employed,M,"$67,103.00",Suburban,Married,$153.00,18,128,0,3,Personal Auto,Personal L3,2,Call Center,$833.65,SUV,Medsize
GU99037,Oregon,3311.52,No,Basic,College,2011-02-14,Employed,M,"$1,07,862.00",Urban,Married,$84.00,7,116,1,1,Corporate Auto,Corporate L1,4,Agent,$366.67,Four-Door Car,Medsize
IX37561,Washington,6881.98,No,Basic,College,2011-02-14,Unemployed,F,$0.00,Suburban,Single,$100.00,4,128,0,7,Personal Auto,Personal L3,3,Web,$719.28,Two-Door Car,Medsize
CD88896,Nevada,3394.7,Yes,Basic,High School or Below,2011-02-14,Employed,F,"$59,211.00",Rural,Single,$88.00,20,78,0,1,Corporate Auto,Corporate L3,2,Agent,$210.77,Four-Door Car,Medsize
UW32074,Oregon,6217.11,No,Basic,College,2011-02-14,Unemployed,F,$0.00,Suburban,Divorced,$86.00,18,86,0,4,Corporate Auto,Corporate L3,1,Branch,$414.72,Four-Door Car,Small
UF33451,Oregon,14821.78,No,Extended,Bachelor,2011-02-14,Employed,F,"$1,28,016.00",Urban,Married,$182.00,7,86,0,4,Personal Auto,Personal L3,1,Agent,$478.88,SUV,Medsize
YL74732,California,5173.36,No,Basic,High School or Below,2011-02-14,Disabled,F,"$20,509.00",Suburban,Married,$135.00,1,9,0,1,Personal Auto,Personal L2,4,Web,$648.00,SUV,Medsize
UK52289,Arizona,3486.25,Yes,Basic,Bachelor,2011-02-14,Employed,F,"$1,03,587.00",Urban,Married,$86.00,3,92,0,1,Special Auto,Special L3,2,Agent,$271.96,Four-Door Car,Medsize
HU35721,Oregon,3883.71,No,Basic,High School or Below,2011-02-14,Employed,M,"$54,231.00",Suburban,Divorced,$99.00,11,105,0,1,Personal Auto,Personal L3,4,Agent,$473.04,Four-Door Car,Medsize
GE47180,Nevada,12188.91,No,Basic,High School or Below,2011-02-14,Employed,M,"$89,065.00",Rural,Married,$153.00,4,58,0,3,Personal Auto,Personal L3,3,Agent,$317.55,Sports Car,Medsize
ZH19885,Washington,3394.7,Yes,Basic,High School or Below,2011-02-14,Employed,F,"$59,211.00",Rural,Single,$88.00,20,78,0,1,Personal Auto,Personal L3,2,Agent,$210.77,Four-Door Car,Medsize
CK19789,California,7947.7,No,Basic,Master,2011-02-14,Employed,F,"$84,744.00",Rural,Married,$99.00,26,77,0,9,Personal Auto,Personal L3,4,Branch,$108.90,Four-Door Car,Medsize
GE82737,Nevada,7205.43,No,Extended,Bachelor,2011-02-14,Unemployed,F,$0.00,Suburban,Single,$116.00,26,126,3,5,Personal Auto,Personal L3,1,Agent,$835.92,Four-Door Car,Small
KN34250,Oregon,13782.05,Yes,Extended,College,2011-02-14,Employed,F,"$47,901.00",Suburban,Married,$174.00,28,80,0,3,Corporate Auto,Corporate L2,1,Branch,$835.92,SUV,Medsize
EZ50606,Oregon,32231.89,No,Basic,High School or Below,2011-02-14,Unemployed,F,$0.00,Suburban,Married,$146.00,11,74,0,2,Corporate Auto,Corporate L3,4,Web,$826.34,SUV,Medsize
NL41409,Oregon,3518.38,No,Basic,Bachelor,2011-02-14,Employed,F,"$38,501.00",Suburban,Married,$89.00,1,76,0,1,Personal Auto,Personal L3,2,Web,$616.24,Two-Door Car,Large
GP40701,California,11174.81,No,Basic,Bachelor,2011-02-14,Employed,F,"$1,07,703.00",Suburban,Married,$92.00,15,78,0,2,Personal Auto,Personal L2,2,Web,$440.64,Four-Door Car,Medsize
HN95240,Arizona,6728.53,No,Basic,College,2011-02-14,Unemployed,F,$0.00,Suburban,Divorced,$95.00,34,65,0,9,Corporate Auto,Corporate L1,1,Agent,$453.60,Four-Door Car,Small
NG82219,Oregon,3486.25,Yes,Basic,Bachelor,2011-02-14,Employed,F,"$1,03,587.00",Urban,Married,$86.00,3,92,0,1,Personal Auto,Personal L3,2,Agent,$271.96,Four-Door Car,Medsize
JY16280,California,3394.7,Yes,Basic,High School or Below,2011-02-14,Employed,F,"$59,211.00",Rural,Single,$88.00,20,78,0,1,Personal Auto,Personal L2,2,Agent,$210.77,Four-Door Car,Medsize
WY97929,Arizona,11768.02,Yes,Basic,College,2011-02-14,Employed,M,"$1,13,192.00",Suburban,Married,$100.00,30,127,3,2,Special Auto,Special L1,2,Agent,$479.52,Four-Door Car,Large
HG33568,Arizona,10101.56,No,Basic,Master,2011-02-14,Employed,F,"$34,649.00",Urban,Married,$85.00,9,41,2,2,Personal Auto,Personal L3,4,Call Center,$364.50,Four-Door Car,Medsize
NL59519,California,15613.68,No,Extended,College,2011-02-14,Employed,F,"$87,267.00",Urban,Married,$130.00,4,107,0,2,Personal Auto,Personal L2,3,Branch,$545.76,Four-Door Car,Large
SB18278,Oregon,6270.35,No,Basic,Bachelor,2011-02-14,Unemployed,M,$0.00,Suburban,Divorced,$86.00,31,96,0,6,Corporate Auto,Corporate L1,3,Branch,$414.72,Four-Door Car,Small
FZ55002,Nevada,7047.38,No,Basic,Doctor,2011-02-14,Unemployed,F,$0.00,Suburban,Married,$93.00,31,18,0,7,Personal Auto,Personal L3,4,Agent,$447.12,Four-Door Car,Small
PT32230,California,10505.87,No,Basic,High School or Below,2011-02-14,Employed,F,"$94,580.00",Rural,Married,$262.00,1,131,0,1,Personal Auto,Personal L3,2,Agent,$342.55,Luxury SUV,Medsize
ZF27999,Nevada,6621.61,Yes,Extended,College,2011-02-14,Retired,F,"$17,418.00",Suburban,Divorced,$188.00,4,69,0,1,Personal Auto,Personal L1,1,Agent,$900.72,Sports Car,Medsize
SC92090,Arizona,11768.02,Yes,Basic,College,2011-02-14,Employed,M,"$1,13,192.00",Suburban,Married,$100.00,30,127,3,2,Personal Auto,Personal L2,2,Agent,$479.52,Four-Door Car,Large
LN55080,Oregon,23938.83,No,Basic,Bachelor,2011-02-14,Employed,F,"$56,958.00",Rural,Married,$100.00,3,58,1,2,Special Auto,Special L2,1,Call Center,$92.67,Two-Door Car,Medsize
IF38438,Arizona,29055.98,No,Extended,High School or Below,2011-02-14,Employed,F,"$60,338.00",Rural,Married,$107.00,19,69,2,2,Personal Auto,Personal L2,1,Call Center,$109.57,Two-Door Car,Medsize
PS69748,Washington,11768.02,Yes,Basic,College,2011-02-14,Employed,M,"$1,13,192.00",Suburban,Married,$100.00,30,127,3,2,Personal Auto,Personal L3,2,Agent,$479.52,Four-Door Car,Large
NA89685,Oregon,7757.3,No,Basic,College,2011-02-14,Employed,M,"$83,687.00",Rural,Married,$97.00,28,63,0,9,Personal Auto,Personal L3,1,Agent,$65.99,Four-Door Car,Medsize
RJ90816,California,4515.49,No,Extended,College,2011-02-14,Employed,F,"$44,878.00",Rural,Married,$115.00,18,26,0,1,Personal Auto,Personal L3,2,Call Center,$33.15,Four-Door Car,Small
NB54665,Arizona,3394.7,Yes,Basic,High School or Below,2011-02-14,Employed,F,"$59,211.00",Rural,Single,$88.00,20,78,0,1,Corporate Auto,Corporate L1,2,Agent,$210.77,Four-Door Car,Medsize
BU14748,Arizona,4885.23,No,Extended,High School or Below,2011-02-14,Employed,M,"$68,519.00",Suburban,Married,$123.00,28,34,0,1,Personal Auto,Personal L3,4,Agent,$589.68,Two-Door Car,Medsize
LD26428,Oregon,6605.94,No,Basic,Bachelor,2011-02-14,Unemployed,M,$0.00,Suburban,Single,$99.00,15,76,0,5,Corporate Auto,Corporate L3,2,Branch,$918.06,Four-Door Car,Medsize
NL74789,California,9888.65,No,Premium,Bachelor,2011-02-14,Unemployed,F,$0.00,Suburban,Single,$142.00,5,132,0,6,Special Auto,Special L2,1,Branch,$680.40,Two-Door Car,Medsize
IF87079,Arizona,7831.52,No,Basic,Master,2011-02-14,Employed,F,"$66,051.00",Rural,Divorced,$97.00,1,69,0,9,Personal Auto,Personal L2,1,Agent,$188.13,Four-Door Car,Medsize
SV28347,California,11455.2,No,Basic,High School or Below,2011-02-14,Employed,M,"$44,019.00",Suburban,Single,$150.00,36,107,1,8,Corporate Auto,Corporate L3,2,Branch,$719.28,SUV,Medsize
MM45334,Oregon,11028.84,No,Basic,College,2011-02-14,Employed,F,"$55,084.00",Rural,Single,$96.00,11,26,3,2,Personal Auto,Personal L3,3,Call Center,$165.93,Four-Door Car,Medsize
QF21045,Oregon,3692.98,No,Basic,College,2011-02-14,Employed,F,"$1,33,927.00",Urban,Married,$92.00,9,28,0,1,Personal Auto,Personal L2,2,Branch,$436.38,Two-Door Car,Medsize
GM63998,Oregon,44028.48,No,Premium,Doctor,2011-02-14,Employed,F,"$60,984.00",Suburban,Married,$362.00,27,77,0,2,Personal Auto,Personal L3,3,Call Center,"$1,736.64",Luxury Car,Medsize
ZS22428,California,6637.38,No,Basic,Bachelor,2011-02-14,Employed,F,"$29,574.00",Rural,Married,$84.00,8,63,0,3,Personal Auto,Personal L3,2,Agent,$4.00,Four-Door Car,Medsize
LC33025,Oregon,10689.75,No,Extended,College,2011-02-14,Employed,M,"$60,342.00",Suburban,Married,$285.00,0,119,4,1,Personal Auto,Personal L2,1,Call Center,"$1,367.28",Luxury Car,Medsize
KV99550,California,8795.19,No,Basic,High School or Below,2011-02-14,Unemployed,M,$0.00,Suburban,Married,$82.00,16,101,1,2,Personal Auto,Personal L3,2,Agent,$395.28,Four-Door Car,Small
JT41591,Washington,3653.08,No,Extended,College,2011-02-14,Unemployed,M,$0.00,Suburban,Single,$112.00,20,115,1,1,Personal Auto,Personal L1,1,Agent,$537.84,Four-Door Car,Large
HO50571,California,13782.05,Yes,Extended,College,2011-02-14,Employed,F,"$47,901.00",Suburban,Married,$174.00,28,80,0,3,Personal Auto,Personal L3,1,Branch,$835.92,SUV,Medsize
BH86846,Washington,27956.15,No,Basic,High School or Below,2011-02-14,Employed,M,"$1,24,307.00",Rural,Married,$88.00,16,92,1,2,Corporate Auto,Corporate L3,4,Agent,$154.98,Four-Door Car,Medsize
EE99484,Washington,3394.7,Yes,Basic,High School or Below,2011-02-14,Employed,F,"$59,211.00",Rural,Single,$88.00,20,78,0,1,Corporate Auto,Corporate L3,2,Agent,$210.77,Four-Door Car,Medsize
BL93659,California,7850.32,No,Extended,Bachelor,2011-02-14,Unemployed,M,$0.00,Suburban,Married,$108.00,23,130,0,5,Personal Auto,Personal L2,1,Call Center,$518.40,Four-Door Car,Medsize
VD62056,Arizona,6303.46,Yes,Premium,High School or Below,2011-02-14,Employed,F,"$1,02,812.00",Suburban,Married,$157.00,20,108,0,1,Personal Auto,Personal L3,2,Call Center,$751.68,Two-Door Car,Small
GG70928,California,6756.19,No,Basic,Master,2011-02-14,Employed,F,"$45,314.00",Urban,Married,$85.00,34,76,1,4,Personal Auto,Personal L3,1,Call Center,$276.81,Four-Door Car,Medsize
PB21909,Oregon,13197.35,No,Extended,Bachelor,2011-02-14,Employed,M,"$75,103.00",Urban,Single,$166.00,47,132,0,7,Personal Auto,Personal L2,1,Agent,$646.12,SUV,Medsize
ZK38095,California,3198.74,No,Basic,Bachelor,2011-02-14,Unemployed,F,$0.00,Suburban,Single,$92.00,47,47,0,1,Personal Auto,Personal L2,1,Call Center,$657.92,Four-Door Car,Small
VE64781,Arizona,3951.55,No,Basic,Bachelor,2011-02-14,Employed,F,"$1,02,175.00",Suburban,Married,$99.00,47,63,0,1,Personal Auto,Personal L3,2,Agent,$499.39,Four-Door Car,Small
ZW19492,Oregon,3246.64,No,Basic,Bachelor,2011-02-14,Employed,M,"$85,664.00",Urban,Divorced,$82.00,35,96,0,1,Personal Auto,Personal L3,1,Branch,$388.33,Two-Door Car,Medsize
ZH28312,California,7506.38,No,Basic,Bachelor,2011-02-14,Unemployed,F,$0.00,Rural,Married,$100.00,39,70,0,8,Corporate Auto,Corporate L2,1,Branch,$89.04,Four-Door Car,Medsize
SK12432,Arizona,3224.28,No,Basic,Bachelor,2011-02-14,Unemployed,M,$0.00,Suburban,Single,$99.00,16,113,0,1,Personal Auto,Personal L1,2,Web,$915.26,Four-Door Car,Medsize
NE22677,California,17659.06,No,Extended,College,2011-02-14,Unemployed,M,$0.00,Suburban,Divorced,$167.00,16,78,0,2,Special Auto,Special L2,1,Web,$803.52,SUV,Small
OM63954,California,12507.16,No,Premium,Bachelor,2011-02-14,Employed,F,"$75,380.00",Suburban,Single,$158.00,22,47,0,9,Personal Auto,Personal L1,2,Agent,"$1,001.52",Two-Door Car,Medsize
WV53081,Arizona,3507.12,No,Basic,College,2011-02-14,Employed,F,"$66,566.00",Rural,Married,$88.00,9,131,0,1,Corporate Auto,Corporate L1,3,Agent,$202.82,Four-Door Car,Medsize
PU73561,Arizona,5665.18,No,Basic,Bachelor,2011-02-14,Employed,F,"$33,265.00",Suburban,Married,$142.00,16,111,0,1,Personal Auto,Personal L2,2,Agent,$680.40,SUV,Medsize
XQ14689,Nevada,5751.96,No,Basic,College,2011-02-14,Unemployed,M,$0.00,Suburban,Single,$84.00,1,99,0,3,Personal Auto,Personal L3,1,Agent,$602.64,Four-Door Car,Small
HL33607,Washington,11768.02,Yes,Basic,College,2011-02-14,Employed,M,"$1,13,192.00",Suburban,Married,$100.00,30,127,3,2,Personal Auto,Personal L2,2,Agent,$479.52,Four-Door Car,Large
ZK90062,Arizona,19124.37,No,Basic,Bachelor,2011-02-14,Employed,M,"$91,244.00",Suburban,Divorced,$159.00,0,78,0,2,Personal Auto,Personal L2,1,Agent,$764.64,Sports Car,Medsize
JD11661,Oregon,10162.93,No,Basic,College,2011-02-14,Unemployed,F,$0.00,Suburban,Single,$143.00,0,59,0,7,Personal Auto,Personal L2,2,Agent,$686.88,SUV,Medsize
LW80918,Oregon,11682.31,No,Basic,Doctor,2011-02-14,Employed,M,"$94,100.00",Rural,Married,$97.00,34,124,0,2,Personal Auto,Personal L3,4,Agent,$121.39,Two-Door Car,Medsize
BH60627,Oregon,10153.61,No,Premium,College,2011-02-14,Unemployed,M,$0.00,Suburban,Married,$140.00,18,27,0,3,Personal Auto,Personal L3,1,Branch,$673.92,Four-Door Car,Small
GJ31412,Oregon,8978.6,No,Extended,Bachelor,2011-02-14,Employed,M,"$1,34,317.00",Suburban,Married,$112.00,15,88,0,3,Personal Auto,Personal L3,2,Agent,$537.84,Four-Door Car,Small
JU72142,Oregon,18903.72,No,Basic,Bachelor,2011-02-14,Employed,M,"$82,654.00",Urban,Married,$158.00,4,0,0,2,Personal Auto,Personal L3,2,Call Center,$597.21,SUV,Small
YK23193,Nevada,8177.05,Yes,Extended,Bachelor,2011-02-14,Retired,M,"$37,369.00",Suburban,Married,$112.00,18,84,0,9,Personal Auto,Personal L3,2,Agent,$537.84,Two-Door Car,Medsize
JO32686,Arizona,10987.65,No,Basic,Bachelor,2011-02-14,Medical Leave,F,"$33,739.00",Suburban,Married,$143.00,32,11,0,3,Personal Auto,Personal L3,1,Agent,$686.88,SUV,Small
ZF73834,California,3486.25,Yes,Basic,Bachelor,2011-02-14,Employed,F,"$1,03,587.00",Urban,Married,$86.00,3,92,0,1,Personal Auto,Personal L3,2,Agent,$271.96,Four-Door Car,Medsize
OG17756,Arizona,6621.61,Yes,Extended,College,2011-02-14,Retired,F,"$17,418.00",Suburban,Divorced,$188.00,4,69,0,1,Personal Auto,Personal L2,1,Agent,$900.72,Sports Car,Medsize
UQ16798,Arizona,13782.05,Yes,Extended,College,2011-02-14,Employed,F,"$47,901.00",Suburban,Married,$174.00,28,80,0,3,Personal Auto,Personal L2,1,Branch,$835.92,SUV,Medsize
VW13019,Nevada,6621.61,Yes,Extended,College,2011-02-14,Retired,F,"$17,418.00",Suburban,Divorced,$188.00,4,69,0,1,Corporate Auto,Corporate L2,1,Agent,$900.72,Sports Car,Medsize
NN44758,Arizona,6303.46,Yes,Premium,High School or Below,2011-02-14,Employed,F,"$1,02,812.00",Suburban,Married,$157.00,20,108,0,1,Personal Auto,Personal L2,2,Call Center,$751.68,Two-Door Car,Small
ZT18953,Oregon,11045.32,No,Basic,Bachelor,2011-02-14,Unemployed,F,$0.00,Suburban,Married,$147.00,34,126,0,4,Corporate Auto,Corporate L3,1,Branch,$706.32,SUV,Medsize
EF13716,Oregon,3641.39,No,Basic,College,2011-02-14,Employed,M,"$81,624.00",Urban,Married,$92.00,19,14,1,1,Personal Auto,Personal L3,1,Agent,$292.86,Four-Door Car,Large
LZ35469,California,3486.25,Yes,Basic,Bachelor,2011-02-14,Employed,F,"$1,03,587.00",Urban,Married,$86.00,3,92,0,1,Personal Auto,Personal L2,2,Agent,$271.96,Four-Door Car,Medsize
DB17162,Arizona,7240.6,No,Basic,High School or Below,2011-02-14,Employed,M,"$86,837.00",Suburban,Married,$90.00,9,90,0,3,Personal Auto,Personal L2,3,Branch,$434.16,Four-Door Car,Small
MS87381,California,32219.31,No,Extended,High School or Below,2011-02-14,Unemployed,F,$0.00,Suburban,Married,$109.00,36,126,1,2,Personal Auto,Personal L2,3,Branch,$524.88,Four-Door Car,Medsize
OV87950,California,3830.17,No,Basic,College,2011-02-14,Employed,M,"$39,477.00",Suburban,Married,$99.00,35,31,0,1,Personal Auto,Personal L1,3,Branch,$473.04,Two-Door Car,Large
OD85990,Oregon,5351.6,No,Basic,Bachelor,2011-02-14,Disabled,F,"$31,690.00",Suburban,Divorced,$138.00,7,28,0,1,Corporate Auto,Corporate L3,1,Branch,$660.96,SUV,Medsize
OI48534,California,3533.2,No,Basic,High School or Below,2011-02-14,Employed,F,"$1,32,756.00",Rural,Single,$88.00,18,45,0,1,Personal Auto,Personal L1,3,Web,$48.06,Four-Door Car,Medsize
RH72839,Nevada,6303.46,Yes,Premium,High School or Below,2011-02-14,Employed,F,"$1,02,812.00",Suburban,Married,$157.00,20,108,0,1,Personal Auto,Personal L1,2,Call Center,$751.68,Two-Door Car,Small
UN52560,Arizona,8476.33,No,Extended,Bachelor,2011-02-14,Employed,M,"$64,353.00",Suburban,Married,$108.00,22,113,0,3,Personal Auto,Personal L3,2,Branch,$518.40,Four-Door Car,Small
OT94107,Oregon,4288.77,No,Extended,Bachelor,2011-02-14,Employed,F,"$47,994.00",Suburban,Single,$109.00,45,70,1,1,Personal Auto,Personal L2,2,Branch,$762.90,Four-Door Car,Small
DD22139,Washington,10615.09,No,Basic,College,2011-02-14,Unemployed,F,$0.00,Suburban,Divorced,$97.00,12,38,0,2,Corporate Auto,Corporate L3,1,Branch,$988.68,Two-Door Car,Small
GY99495,Oregon,8332.73,No,Extended,Master,2011-02-14,Unemployed,M,$0.00,Suburban,Divorced,$113.00,8,126,0,7,Corporate Auto,Corporate L3,1,Web,$544.32,Four-Door Car,Medsize
DJ11965,California,6621.61,Yes,Extended,College,2011-02-14,Retired,F,"$17,418.00",Suburban,Divorced,$188.00,4,69,0,1,Personal Auto,Personal L3,1,Agent,$900.72,Sports Car,Medsize
YY71144,Oregon,11768.02,Yes,Basic,College,2011-02-14,Employed,M,"$1,13,192.00",Suburban,Married,$100.00,30,127,3,2,Personal Auto,Personal L1,2,Agent,$479.52,Four-Door Car,Large
KG23128,Oregon,8177.05,Yes,Extended,Bachelor,2011-02-14,Retired,M,"$37,369.00",Suburban,Married,$112.00,18,84,0,9,Personal Auto,Personal L3,2,Agent,$537.84,Two-Door Car,Medsize
VH77056,Arizona,3305.83,No,Basic,Bachelor,2011-02-14,Employed,F,"$54,888.00",Rural,Married,$82.00,32,107,1,1,Personal Auto,Personal L2,3,Call Center,$51.81,Four-Door Car,Medsize
CX65318,Arizona,23517.76,No,Extended,Master,2011-02-14,Employed,M,"$42,845.00",Suburban,Married,$294.00,23,3,0,3,Personal Auto,Personal L2,1,Agent,"$1,412.64",Luxury SUV,Medsize
FY24370,Oregon,17474.65,No,Basic,Bachelor,2011-02-14,Unemployed,M,$0.00,Suburban,Single,$258.00,36,66,0,3,Personal Auto,Personal L3,1,Agent,"$1,856.52",Luxury Car,Medsize
UV64489,Arizona,11767.1,No,Basic,Bachelor,2011-02-14,Employed,F,"$38,803.00",Suburban,Single,$151.00,12,18,0,3,Personal Auto,Personal L3,3,Call Center,$725.76,SUV,Medsize
EO77382,Arizona,11979.26,No,Premium,Bachelor,2011-02-14,Employed,F,"$72,229.00",Suburban,Single,$154.00,4,58,0,7,Personal Auto,Personal L1,1,Agent,$738.72,Four-Door Car,Medsize
SK32629,California,6621.61,Yes,Extended,College,2011-02-14,Retired,F,"$17,418.00",Suburban,Divorced,$188.00,4,69,0,1,Personal Auto,Personal L3,1,Agent,$900.72,Sports Car,Medsize
OW33876,Washington,3343.25,No,Basic,College,2011-02-14,Employed,F,"$64,689.00",Urban,Married,$84.00,3,69,0,1,Corporate Auto,Corporate L3,2,Call Center,$332.45,Two-Door Car,Medsize
OP67672,Washington,12257.76,No,Basic,Master,2011-02-14,Employed,F,"$27,392.00",Suburban,Married,$153.00,8,101,0,3,Personal Auto,Personal L2,4,Agent,"$1,034.80",SUV,Medsize
OJ58066,Nevada,9483.81,No,Extended,High School or Below,2011-02-14,Employed,M,"$33,380.00",Rural,Divorced,$124.00,24,101,1,5,Personal Auto,Personal L3,1,Call Center,$203.44,Four-Door Car,Medsize
ZD75163,Nevada,12548.81,No,Premium,High School or Below,2011-02-14,Unemployed,M,$0.00,Suburban,Single,$352.00,45,59,0,1,Corporate Auto,Corporate L3,4,Call Center,"$3,725.72",Luxury Car,Medsize
LB98130,Oregon,10045.25,No,Basic,Bachelor,2011-02-14,Employed,M,"$46,085.00",Suburban,Married,$84.00,8,12,0,2,Personal Auto,Personal L3,1,Agent,$401.76,Two-Door Car,Medsize
JR26812,Nevada,16903.32,No,Extended,College,2011-02-14,Unemployed,M,$0.00,Suburban,Single,$170.00,5,80,0,2,Personal Auto,Personal L3,3,Branch,"$1,224.72",SUV,Medsize
XW51700,Arizona,6938.41,No,Basic,High School or Below,2011-02-14,Employed,F,"$98,793.00",Rural,Single,$86.00,36,58,0,3,Personal Auto,Personal L3,3,Call Center,$178.93,Four-Door Car,Medsize
XU49878,Washington,7285.02,No,Basic,Bachelor,2011-02-14,Employed,M,"$83,753.00",Urban,Married,$92.00,11,41,1,8,Personal Auto,Personal L2,3,Call Center,$358.93,Four-Door Car,Medsize
NN87570,Oregon,8177.05,Yes,Extended,Bachelor,2011-02-14,Retired,M,"$37,369.00",Suburban,Married,$112.00,18,84,0,9,Corporate Auto,Corporate L3,2,Agent,$537.84,Two-Door Car,Medsize
HD32695,Arizona,6004.02,No,Premium,Bachelor,2011-02-14,Disabled,F,"$17,723.00",Suburban,Married,$159.00,15,28,0,1,Personal Auto,Personal L1,4,Call Center,"$1,042.04",Four-Door Car,Medsize
HS79851,Oregon,8177.05,Yes,Extended,Bachelor,2011-02-14,Retired,M,"$37,369.00",Suburban,Married,$112.00,18,84,0,9,Personal Auto,Personal L2,2,Agent,$537.84,Two-Door Car,Medsize
MH43755,Arizona,18739.4,No,Premium,College,2011-02-14,Disabled,F,"$24,247.00",Urban,Married,$244.00,38,69,0,3,Personal Auto,Personal L2,2,Agent,$643.56,Sports Car,Medsize
TW62773,Washington,9409.34,No,Extended,High School or Below,2011-02-14,Disabled,F,"$37,265.00",Suburban,Married,$124.00,27,61,1,9,Corporate Auto,Corporate L3,2,Agent,$596.16,Two-Door Car,Medsize
UQ82778,Oregon,6130.34,No,Basic,High School or Below,2011-02-14,Unemployed,F,$0.00,Suburban,Divorced,$82.00,19,5,0,3,Personal Auto,Personal L1,2,Agent,$656.26,Two-Door Car,Medsize
GL82358,Nevada,3394.7,Yes,Basic,High School or Below,2011-02-14,Employed,F,"$59,211.00",Rural,Single,$88.00,20,78,0,1,Corporate Auto,Corporate L3,2,Agent,$210.77,Four-Door Car,Medsize
BR44176,California,6303.46,Yes,Premium,High School or Below,2011-02-14,Employed,F,"$1,02,812.00",Suburban,Married,$157.00,20,108,0,1,Personal Auto,Personal L3,2,Call Center,$751.68,Two-Door Car,Small
DH99299,California,11768.02,Yes,Basic,College,2011-02-14,Employed,M,"$1,13,192.00",Suburban,Married,$100.00,30,127,3,2,Personal Auto,Personal L2,2,Agent,$479.52,Four-Door Car,Large
MZ10085,Nevada,5843.3,No,Basic,High School or Below,2011-02-14,Employed,M,"$97,917.00",Suburban,Married,$147.00,47,27,1,1,Personal Auto,Personal L2,2,Call Center,$706.32,Sports Car,Medsize
NE16405,California,3486.25,Yes,Basic,Bachelor,2011-02-14,Employed,F,"$1,03,587.00",Urban,Married,$86.00,3,92,0,1,Personal Auto,Personal L2,2,Agent,$271.96,Four-Door Car,Medsize
QG22665,Arizona,6750.84,No,Basic,College,2011-02-14,Employed,M,"$59,026.00",Suburban,Married,$89.00,42,82,3,7,Personal Auto,Personal L3,2,Agent,$427.68,Four-Door Car,Small
LT98784,Oregon,7060.48,No,Basic,Master,2011-02-14,Medical Leave,M,"$24,474.00",Suburban,Single,$93.00,28,76,0,5,Personal Auto,Personal L3,1,Agent,$492.34,Four-Door Car,Medsize
KA98111,Washington,3392.71,No,Basic,Bachelor,2011-02-14,Employed,M,"$30,341.00",Suburban,Married,$86.00,34,54,1,1,Personal Auto,Personal L3,2,Agent,$414.72,Four-Door Car,Large
WH56217,Washington,12052.21,No,Basic,College,2011-02-14,Medical Leave,M,"$39,334.00",Suburban,Divorced,$159.00,22,97,0,9,Corporate Auto,Corporate L1,1,Agent,$764.64,SUV,Large
LR49580,Oregon,6832.59,No,Basic,Bachelor,2011-02-14,Employed,F,"$79,942.00",Urban,Married,$86.00,0,89,2,7,Personal Auto,Personal L3,2,Branch,$270.67,Four-Door Car,Large
MR84659,Oregon,13782.05,Yes,Extended,College,2011-02-14,Employed,F,"$47,901.00",Suburban,Married,$174.00,28,80,0,3,Personal Auto,Personal L3,1,Branch,$835.92,SUV,Medsize
CA22248,Oregon,3382.32,No,Basic,Master,2011-02-14,Employed,F,"$81,737.00",Rural,Single,$85.00,28,96,0,1,Personal Auto,Personal L3,2,Branch,$62.48,Four-Door Car,Medsize
ZW33889,California,3344.91,No,Basic,Bachelor,2011-02-14,Employed,F,"$59,778.00",Rural,Married,$84.00,34,4,0,1,Corporate Auto,Corporate L3,4,Call Center,$175.90,Two-Door Car,Medsize
WV57524,Oregon,13782.05,Yes,Extended,College,2011-02-14,Employed,F,"$47,901.00",Suburban,Married,$174.00,28,80,0,3,Personal Auto,Personal L1,1,Branch,$835.92,SUV,Medsize
FS56709,California,3880,No,Basic,Doctor,2011-02-14,Employed,M,"$59,513.00",Urban,Married,$97.00,35,117,0,1,Personal Auto,Personal L2,3,Agent,$328.86,Four-Door Car,Large
FD21881,Oregon,4065.88,No,Extended,College,2011-02-14,Employed,M,"$1,05,181.00",Suburban,Divorced,$103.00,7,54,0,1,Personal Auto,Personal L3,4,Agent,$599.44,Two-Door Car,Small
No59551,California,6621.61,Yes,Extended,College,2011-02-14,Retired,F,"$17,418.00",Suburban,Divorced,$188.00,4,69,0,1,Personal Auto,Personal L3,1,Agent,$900.72,Sports Car,Medsize
VH51235,Arizona,4182.19,No,Extended,Bachelor,2011-02-14,Unemployed,F,$0.00,Suburban,Single,$120.00,22,80,0,1,Personal Auto,Personal L2,3,Web,$576.72,Four-Door Car,Medsize
HL97125,Nevada,6303.46,Yes,Premium,High School or Below,2011-02-14,Employed,F,"$1,02,812.00",Suburban,Married,$157.00,20,108,0,1,Personal Auto,Personal L1,2,Call Center,$751.68,Two-Door Car,Small
UX94928,Arizona,14244.05,No,Basic,High School or Below,2011-02-14,Employed,M,"$68,770.00",Suburban,Single,$93.00,23,62,0,2,Personal Auto,Personal L2,4,Agent,$447.12,Four-Door Car,Small
KH95802,Arizona,3517.56,No,Basic,College,2011-02-14,Employed,M,"$27,799.00",Urban,Single,$96.00,20,109,1,1,Personal Auto,Personal L3,4,Branch,$263.46,Two-Door Car,Medsize
WO80705,Arizona,3855.5,No,Basic,Bachelor,2011-02-14,Employed,F,"$68,496.00",Suburban,Divorced,$96.00,15,65,0,1,Personal Auto,Personal L1,3,Agent,$465.04,Four-Door Car,Large
AH41449,Nevada,10674.63,No,Basic,College,2011-02-14,Employed,M,"$33,299.00",Rural,Married,$136.00,43,69,0,3,Personal Auto,Personal L2,3,Branch,$204.98,Sports Car,Medsize
KE63160,Oregon,8177.05,Yes,Extended,Bachelor,2011-02-14,Retired,M,"$37,369.00",Suburban,Married,$112.00,18,84,0,9,Personal Auto,Personal L3,2,Agent,$537.84,Two-Door Car,Medsize
UH59257,Washington,10180.23,No,Extended,Doctor,2011-02-14,Employed,M,"$83,330.00",Suburban,Married,$130.00,45,41,2,4,Personal Auto,Personal L3,2,Agent,$930.84,Two-Door Car,Medsize
FU77365,California,12482.4,No,Basic,Bachelor,2011-02-14,Employed,F,"$54,043.00",Suburban,Married,$159.00,1,68,2,7,Personal Auto,Personal L3,1,Web,$968.98,SUV,Medsize
ZW76597,California,7116.35,No,Basic,Bachelor,2011-02-14,Retired,F,"$17,840.00",Suburban,Married,$100.00,41,23,1,3,Corporate Auto,Corporate L3,1,Branch,$599.09,Four-Door Car,Small
UG35090,California,8161.59,No,Extended,College,2011-02-14,Employed,F,"$1,11,239.00",Rural,Single,$104.00,24,20,3,9,Personal Auto,Personal L3,2,Agent,$42.75,Four-Door Car,Medsize
SW42446,California,14284.72,No,Extended,College,2011-02-14,Employed,F,"$57,393.00",Urban,Married,$180.00,0,59,0,3,Corporate Auto,Corporate L3,1,Agent,$848.08,Sports Car,Small
HO81102,Washington,6406,No,Basic,High School or Below,2011-02-14,Employed,M,"$68,241.00",Suburban,Divorced,$82.00,3,99,0,7,Personal Auto,Personal L3,1,Agent,$395.28,Four-Door Car,Medsize
QI21338,Oregon,6303.46,Yes,Premium,High School or Below,2011-02-14,Employed,F,"$1,02,812.00",Suburban,Married,$157.00,20,108,0,1,Personal Auto,Personal L3,2,Call Center,$751.68,Two-Door Car,Small
TU27017,California,8944.14,No,Extended,Bachelor,2011-02-14,Employed,M,"$55,971.00",Suburban,Married,$112.00,1,73,0,4,Personal Auto,Personal L3,3,Branch,$537.84,Four-Door Car,Medsize
WW16329,Oregon,13782.05,Yes,Extended,College,2011-02-14,Employed,F,"$47,901.00",Suburban,Married,$174.00,28,80,0,3,Corporate Auto,Corporate L1,1,Branch,$835.92,SUV,Medsize
NM18924,Oregon,40887.03,No,Basic,High School or Below,2011-02-14,Disabled,F,"$37,242.00",Rural,Divorced,$139.00,19,46,1,2,Corporate Auto,Corporate L3,1,Call Center,$325.54,Sports Car,Medsize
LV94312,Oregon,6657.53,No,Basic,College,2011-02-14,Employed,M,"$45,333.00",Suburban,Married,$84.00,23,104,0,3,Corporate Auto,Corporate L3,1,Agent,$425.69,Four-Door Car,Medsize
RE73564,Oregon,15570.19,No,Extended,Bachelor,2011-02-14,Employed,F,"$55,482.00",Urban,Married,$130.00,4,20,0,2,Personal Auto,Personal L1,1,Branch,$337.58,Two-Door Car,Medsize
JB76199,Oregon,3260.81,No,Basic,College,2011-02-14,Employed,F,"$55,219.00",Suburban,Married,$82.00,16,7,0,1,Corporate Auto,Corporate L3,2,Call Center,$553.35,Four-Door Car,Small
PA90653,Oregon,29131.46,No,Basic,Bachelor,2011-02-14,Unemployed,F,$0.00,Suburban,Married,$97.00,27,15,0,2,Corporate Auto,Corporate L3,1,Agent,$689.82,Two-Door Car,Small
KM72781,Washington,12785.34,No,Extended,College,2011-02-14,Employed,F,"$30,394.00",Urban,Married,$108.00,30,130,0,2,Personal Auto,Personal L3,2,Call Center,$274.68,Four-Door Car,Medsize
MX93376,California,9333.31,No,Basic,College,2011-02-14,Retired,F,"$36,064.00",Suburban,Divorced,$86.00,23,9,1,2,Personal Auto,Personal L1,3,Call Center,$414.72,Two-Door Car,Small
RJ68578,Oregon,10949.45,No,Basic,High School or Below,2011-02-14,Employed,M,"$1,03,787.00",Suburban,Married,$136.00,27,59,0,5,Corporate Auto,Corporate L3,2,Web,$657.59,Sports Car,Large
TF80571,California,8927.03,No,Premium,High School or Below,2011-02-14,Employed,M,"$38,869.00",Suburban,Single,$250.00,46,27,3,1,Corporate Auto,Corporate L1,4,Web,"$1,574.92",Sports Car,Small
EL11108,Oregon,19158.66,No,Basic,Doctor,2011-02-14,Employed,F,"$34,526.00",Suburban,Married,$158.00,14,55,0,2,Personal Auto,Personal L2,3,Branch,$758.16,SUV,Medsize
GM37281,California,3486.25,Yes,Basic,Bachelor,2011-02-14,Employed,F,"$1,03,587.00",Urban,Married,$86.00,3,92,0,1,Personal Auto,Personal L3,2,Agent,$271.96,Four-Door Car,Medsize
WX46704,California,21748.17,No,Basic,High School or Below,2011-02-14,Unemployed,F,$0.00,Suburban,Married,$99.00,16,57,0,2,Personal Auto,Personal L3,3,Call Center,$473.04,Four-Door Car,Small
JX93039,Washington,6592.5,No,Extended,College,2011-02-14,Employed,F,"$54,231.00",Urban,Married,$166.00,18,31,0,1,Personal Auto,Personal L1,2,Call Center,$778.79,SUV,Medsize
IZ50034,Washington,10884.44,No,Basic,College,2011-02-14,Employed,M,"$56,867.00",Suburban,Married,$136.00,4,105,0,6,Personal Auto,Personal L2,4,Branch,$654.48,SUV,Medsize
WJ20394,Nevada,7007.91,No,Premium,High School or Below,2011-02-14,Unemployed,M,$0.00,Suburban,Married,$190.00,9,43,0,1,Corporate Auto,Corporate L2,4,Web,$913.68,SUV,Medsize
YB58105,California,14668.91,No,Premium,High School or Below,2011-02-14,Unemployed,M,$0.00,Suburban,Single,$149.00,36,65,1,2,Corporate Auto,Corporate L1,1,Agent,"$1,440.33",Four-Door Car,Large
OP70207,Oregon,14184.29,No,Extended,College,2011-02-14,Employed,M,"$51,211.00",Urban,Divorced,$185.00,3,78,1,8,Personal Auto,Personal L3,1,Call Center,$520.34,Sports Car,Medsize
RL65736,Oregon,8470.5,No,Extended,High School or Below,2011-02-14,Medical Leave,F,"$18,444.00",Suburban,Single,$115.00,39,50,0,3,Personal Auto,Personal L1,1,Agent,$550.80,Four-Door Car,Small
FL22732,Oregon,9965.19,No,Basic,Bachelor,2011-02-14,Employed,M,"$86,820.00",Urban,Married,$84.00,28,107,0,2,Personal Auto,Personal L2,4,Agent,$212.19,Four-Door Car,Medsize
JD75068,Oregon,3677.75,No,Basic,College,2011-02-14,Unemployed,F,$0.00,Suburban,Married,$95.00,28,95,0,1,Corporate Auto,Corporate L3,1,Agent,$547.27,Four-Door Car,Medsize
CP76842,Nevada,4526.38,No,Extended,College,2011-02-14,Employed,F,"$1,28,841.00",Rural,Married,$112.00,34,103,0,1,Corporate Auto,Corporate L3,2,Call Center,$133.95,Two-Door Car,Medsize
JE32215,California,52498.67,No,Premium,Bachelor,2011-02-14,Employed,F,"$59,804.00",Rural,Married,$144.00,0,99,0,2,Personal Auto,Personal L2,2,Branch,$243.12,Two-Door Car,Medsize
XZ62430,Arizona,8177.05,Yes,Extended,Bachelor,2011-02-14,Retired,M,"$37,369.00",Suburban,Married,$112.00,18,84,0,9,Personal Auto,Personal L3,2,Agent,$537.84,Two-Door Car,Medsize
MH24522,California,10442.88,No,Basic,College,2011-02-14,Unemployed,M,$0.00,Suburban,Married,$136.00,15,46,0,3,Personal Auto,Personal L2,1,Call Center,$760.43,Sports Car,Small
TD78032,Washington,3113.68,No,Basic,High School or Below,2011-02-14,Unemployed,M,$0.00,Suburban,Single,$90.00,26,95,0,1,Corporate Auto,Corporate L1,4,Call Center,$651.24,Four-Door Car,Medsize
YA70612,Oregon,12099.77,No,Basic,Bachelor,2011-02-14,Employed,M,"$1,32,197.00",Suburban,Married,$100.00,5,35,0,2,Personal Auto,Personal L2,1,Branch,$479.52,Two-Door Car,Medsize
ZM45168,Oregon,3237.78,No,Basic,College,2011-02-14,Disabled,M,"$19,333.00",Suburban,Single,$88.00,27,97,0,1,Personal Auto,Personal L2,1,Branch,$572.16,Four-Door Car,Medsize
JX52708,California,6150.69,No,Basic,Bachelor,2011-02-14,Medical Leave,M,"$34,583.00",Suburban,Divorced,$85.00,30,4,0,3,Personal Auto,Personal L3,2,Call Center,$408.24,Two-Door Car,Medsize
IR29181,California,12603.77,No,Premium,High School or Below,2011-02-14,Employed,M,"$61,104.00",Suburban,Married,$158.00,34,43,0,7,Corporate Auto,Corporate L2,1,Branch,"$1,137.24",Four-Door Car,Small
VX94337,California,11890.27,No,Basic,High School or Below,2011-02-14,Employed,M,"$80,679.00",Suburban,Divorced,$153.00,36,123,0,3,Corporate Auto,Corporate L3,3,Call Center,$732.24,SUV,Medsize
XB71208,California,3692.88,No,Basic,College,2011-02-14,Employed,F,"$1,30,024.00",Urban,Single,$93.00,3,103,0,1,Personal Auto,Personal L3,2,Agent,$400.94,Four-Door Car,Medsize
IW72280,California,6797.3,No,Basic,Doctor,2011-02-14,Employed,F,"$50,497.00",Urban,Married,$85.00,11,134,3,4,Corporate Auto,Corporate L2,2,Branch,$388.20,Four-Door Car,Medsize
KK61203,California,5311.03,No,Premium,High School or Below,2011-02-14,Medical Leave,M,"$28,242.00",Suburban,Married,$139.00,34,119,0,1,Personal Auto,Personal L2,1,Web,$667.44,Four-Door Car,Medsize
OI44122,California,11941,No,Basic,Bachelor,2011-02-14,Employed,M,"$61,560.00",Suburban,Married,$153.00,8,130,0,3,Personal Auto,Personal L2,1,Agent,$834.21,SUV,Medsize
YM44855,California,8870.81,No,Premium,Master,2011-02-14,Employed,F,"$71,484.00",Rural,Single,$225.00,4,58,1,1,Personal Auto,Personal L1,1,Branch,$391.19,SUV,Small
DF86803,California,7166.39,No,Basic,High School or Below,2011-02-14,Unemployed,M,$0.00,Suburban,Single,$99.00,12,58,0,3,Corporate Auto,Corporate L3,1,Agent,$709.56,Four-Door Car,Medsize
PG90331,California,25158.47,No,Basic,College,2011-02-14,Disabled,M,"$15,736.00",Suburban,Married,$95.00,26,11,0,2,Personal Auto,Personal L2,3,Agent,$453.60,Two-Door Car,Medsize
ZC97968,California,3694.08,No,Basic,College,2011-02-14,Disabled,M,"$23,670.00",Suburban,Married,$99.00,14,1,0,1,Personal Auto,Personal L3,1,Agent,$473.04,Two-Door Car,Medsize
CO91673,California,6138.88,No,Basic,Bachelor,2011-02-14,Medical Leave,F,"$39,192.00",Suburban,Married,$82.00,9,26,2,3,Personal Auto,Personal L2,2,Agent,$395.28,Four-Door Car,Medsize
MX48796,California,6579.46,No,Basic,Bachelor,2011-02-14,Unemployed,F,$0.00,Suburban,Single,$92.00,4,7,0,5,Corporate Auto,Corporate L3,1,Agent,$480.71,Four-Door Car,Medsize
Y167826,California,3525.98,No,Extended,College,2011-02-14,Unemployed,M,$0.00,Suburban,Single,$104.00,4,122,0,1,Corporate Auto,Corporate L3,4,Call Center,$498.96,Two-Door Car,Medsize
XW13033,Nevada,10812.79,No,Basic,College,2011-02-15,Employed,M,"$28,297.00",Suburban,Married,$90.00,27,45,0,2,Personal Auto,Personal L1,2,Agent,$434.16,Four-Door Car,Medsize
KH48895,Arizona,11306.73,No,Basic,Master,2011-02-15,Medical Leave,F,"$24,003.00",Rural,Married,$147.00,16,24,0,9,Personal Auto,Personal L3,1,Branch,$178.99,SUV,Medsize
JI70886,California,9841.59,No,Basic,High School or Below,2011-02-15,Unemployed,M,$0.00,Suburban,Married,$138.00,15,95,1,3,Corporate Auto,Corporate L2,1,Agent,$660.96,SUV,Medsize
RO73268,California,4334.94,No,Extended,Bachelor,2011-02-15,Disabled,M,"$21,963.00",Suburban,Divorced,$116.00,8,113,0,1,Corporate Auto,Corporate L2,3,Agent,$557.28,Two-Door Car,Medsize
XW90265,Arizona,7794.25,No,Basic,Bachelor,2011-02-15,Employed,F,"$1,10,263.00",Suburban,Married,$97.00,28,116,0,8,Personal Auto,Personal L2,1,Agent,$625.26,Two-Door Car,Small
LQ13873,Nevada,7518.77,No,Basic,High School or Below,2011-02-15,Employed,M,"$72,313.00",Suburban,Married,$96.00,36,46,1,6,Personal Auto,Personal L3,1,Agent,$460.08,Four-Door Car,Small
EZ30498,Oregon,11657.79,No,Basic,Bachelor,2011-02-15,Medical Leave,M,"$17,724.00",Suburban,Married,$158.00,20,126,0,6,Personal Auto,Personal L3,1,Web,$946.22,SUV,Medsize
KL57176,Oregon,6082.3,No,Basic,College,2011-02-15,Employed,F,"$91,531.00",Rural,Divorced,$155.00,16,61,1,1,Personal Auto,Personal L3,3,Web,$32.14,SUV,Medsize
TI92884,Arizona,17040.82,No,Basic,Bachelor,2011-02-15,Employed,M,"$83,489.00",Suburban,Divorced,$143.00,26,100,0,2,Personal Auto,Personal L2,1,Call Center,$686.88,Sports Car,Small
PX44289,Arizona,7398.14,No,Basic,College,2011-02-15,Employed,M,"$79,179.00",Suburban,Single,$96.00,8,128,0,3,Personal Auto,Personal L2,4,Call Center,$638.01,Four-Door Car,Medsize
DF66914,Arizona,43506.56,No,Basic,Bachelor,2011-02-15,Employed,F,"$61,197.00",Suburban,Married,$135.00,0,11,0,2,Personal Auto,Personal L1,2,Agent,$773.06,SUV,Medsize
UO86707,Washington,9684.78,No,Basic,Bachelor,2011-02-15,Employed,M,"$1,01,543.00",Rural,Single,$82.00,16,63,1,2,Personal Auto,Personal L3,3,Branch,$198.56,Four-Door Car,Medsize
LE26899,California,6514.43,No,Basic,Doctor,2011-02-15,Unemployed,M,$0.00,Urban,Married,$85.00,11,36,0,9,Personal Auto,Personal L2,3,Branch,$368.34,Four-Door Car,Medsize
TA58285,Oregon,7135.99,No,Basic,High School or Below,2011-02-15,Unemployed,M,$0.00,Suburban,Married,$99.00,1,59,0,4,Personal Auto,Personal L1,2,Branch,$530.48,Two-Door Car,Small
VJ44100,California,12315.95,No,Basic,Master,2011-02-15,Employed,M,"$1,22,585.00",Urban,Married,$153.00,39,90,0,5,Personal Auto,Personal L1,2,Call Center,$586.03,Sports Car,Small
TY74870,California,3416.36,No,Basic,Master,2011-02-15,Medical Leave,F,"$33,943.00",Rural,Divorced,$89.00,46,51,0,1,Corporate Auto,Corporate L2,1,Branch,$11.80,Four-Door Car,Medsize
UM69933,Nevada,3360.61,No,Basic,College,2011-02-15,Employed,M,"$62,169.00",Suburban,Married,$85.00,22,46,0,1,Personal Auto,Personal L1,3,Branch,$408.24,Two-Door Car,Large
KD63998,California,3610.89,Yes,Basic,College,2011-02-15,Employed,M,"$76,062.00",Suburban,Single,$93.00,16,120,0,1,Personal Auto,Personal L2,2,Call Center,$447.12,Four-Door Car,Small
OF47250,California,11663.32,No,Basic,Doctor,2011-02-15,Employed,F,"$1,24,705.00",Rural,Divorced,$144.00,22,12,1,3,Personal Auto,Personal L2,2,Call Center,$297.02,SUV,Medsize
YU35386,Arizona,7560.01,No,Basic,Bachelor,2011-02-15,Employed,F,"$85,888.00",Suburban,Married,$95.00,11,65,0,5,Personal Auto,Personal L3,4,Call Center,$600.24,Four-Door Car,Medsize
SC95565,Nevada,3898.5,No,Basic,High School or Below,2011-02-15,Employed,F,"$83,724.00",Urban,Married,$96.00,28,0,0,1,Personal Auto,Personal L1,4,Branch,$396.72,Two-Door Car,Medsize
GD59796,Nevada,31358.12,No,Premium,College,2011-02-15,Employed,F,"$71,878.00",Suburban,Single,$138.00,35,130,3,2,Personal Auto,Personal L3,1,Agent,$660.96,Four-Door Car,Small
XA32915,Nevada,2969.65,No,Basic,High School or Below,2011-02-15,Unemployed,M,$0.00,Suburban,Single,$86.00,28,7,0,1,Personal Auto,Personal L3,4,Branch,$925.37,Two-Door Car,Small
TP87527,California,3229.38,No,Basic,High School or Below,2011-02-15,Unemployed,F,$0.00,Suburban,Divorced,$88.00,15,84,0,1,Corporate Auto,Corporate L3,1,Branch,$487.59,Four-Door Car,Large
GQ46925,Arizona,7859.27,No,Premium,High School or Below,2011-02-15,Employed,M,"$1,04,710.00",Urban,Married,$193.00,47,78,0,1,Personal Auto,Personal L1,4,Call Center,$737.10,Sports Car,Medsize
EY89842,Arizona,5691.86,No,Basic,Bachelor,2011-02-15,Unemployed,M,$0.00,Suburban,Single,$154.00,4,95,0,1,Corporate Auto,Corporate L3,1,Call Center,"$1,108.08",SUV,Medsize
AZ87715,California,36266.67,No,Basic,High School or Below,2011-02-15,Employed,F,"$1,10,313.00",Urban,Divorced,$100.00,0,55,0,2,Personal Auto,Personal L1,3,Branch,$448.50,Four-Door Car,Medsize
JB51220,Oregon,14735.73,No,Premium,High School or Below,2011-02-15,Unemployed,F,$0.00,Suburban,Single,$209.00,12,84,1,8,Corporate Auto,Corporate L2,1,Call Center,"$1,506.60",Sports Car,Medsize
PB60303,Oregon,24421.22,No,Extended,Master,2011-02-15,Employed,F,"$92,567.00",Suburban,Married,$301.00,7,38,1,6,Personal Auto,Personal L3,4,Branch,"$1,445.04",Luxury Car,Medsize
EL81968,Oregon,10342.87,No,Extended,Bachelor,2011-02-15,Employed,M,"$90,080.00",Urban,Married,$131.00,4,81,1,7,Personal Auto,Personal L2,2,Call Center,$453.38,Two-Door Car,Medsize
IA31850,Arizona,6175.64,No,Basic,College,2011-02-15,Unemployed,F,$0.00,Suburban,Single,$85.00,4,7,0,6,Personal Auto,Personal L1,1,Agent,$612.36,Four-Door Car,Small
TM13955,Washington,4040.58,No,Extended,Master,2011-02-15,Unemployed,M,$0.00,Urban,Married,$108.00,38,131,0,1,Corporate Auto,Corporate L3,1,Branch,$386.26,Four-Door Car,Medsize
MR60878,Oregon,21279.42,No,Basic,Bachelor,2011-02-15,Employed,F,"$59,889.00",Rural,Married,$89.00,20,101,0,2,Corporate Auto,Corporate L3,2,Call Center,$191.85,Four-Door Car,Small
HH80006,Oregon,4455.92,No,Extended,High School or Below,2011-02-15,Unemployed,F,$0.00,Suburban,Single,$124.00,4,12,0,1,Personal Auto,Personal L1,1,Web,$960.29,Four-Door Car,Small
HN69035,Arizona,3870.74,No,Basic,College,2011-02-15,Employed,F,"$1,23,944.00",Rural,Married,$96.00,36,58,0,1,Corporate Auto,Corporate L2,3,Web,$223.45,Four-Door Car,Medsize
XF94149,California,5518.14,No,Basic,College,2011-02-15,Employed,M,"$32,566.00",Suburban,Married,$140.00,9,82,0,1,Personal Auto,Personal L3,4,Branch,"$1,010.88",SUV,Medsize
AY98473,Arizona,32652.29,No,Basic,College,2011-02-15,Employed,F,"$44,535.00",Suburban,Married,$138.00,34,16,0,2,Personal Auto,Personal L3,2,Web,$660.96,SUV,Small
QB15706,Washington,23339.55,No,Premium,College,2011-02-15,Unemployed,F,$0.00,Suburban,Married,$213.00,4,14,0,2,Special Auto,Special L3,3,Agent,"$1,023.84",SUV,Small
RN56430,Nevada,7349.08,No,Basic,High School or Below,2011-02-15,Employed,F,"$55,956.00",Suburban,Married,$93.00,22,130,1,3,Personal Auto,Personal L1,3,Branch,$447.12,Two-Door Car,Medsize
LJ64287,Nevada,5665.48,No,Basic,High School or Below,2011-02-15,Unemployed,M,$0.00,Suburban,Single,$86.00,47,101,1,7,Personal Auto,Personal L1,3,Call Center,"$1,045.90",Two-Door Car,Medsize
IM30965,Oregon,3435.84,No,Basic,High School or Below,2011-02-15,Employed,M,"$97,022.00",Suburban,Single,$88.00,8,82,0,1,Corporate Auto,Corporate L3,4,Agent,$421.20,Four-Door Car,Small
MG77033,California,7455.74,No,Basic,College,2011-02-15,Employed,M,"$63,411.00",Rural,Married,$93.00,35,28,0,3,Corporate Auto,Corporate L3,1,Agent,$162.15,Four-Door Car,Large
BU81591,California,13707.75,No,Extended,College,2011-02-15,Unemployed,M,$0.00,Suburban,Married,$122.00,45,101,0,2,Corporate Auto,Corporate L1,1,Call Center,$583.20,Four-Door Car,Large
UM27359,Arizona,10158.59,No,Basic,Bachelor,2011-02-15,Employed,M,"$66,866.00",Urban,Married,$85.00,11,86,0,2,Personal Auto,Personal L1,2,Web,$375.63,Four-Door Car,Medsize
WX87964,Washington,6662.51,No,Basic,High School or Below,2011-02-15,Employed,M,"$39,906.00",Suburban,Married,$84.00,28,120,0,7,Personal Auto,Personal L3,1,Agent,$401.76,Four-Door Car,Medsize
WT59944,California,23702.68,No,Premium,College,2011-02-15,Employed,F,"$92,169.00",Rural,Divorced,$197.00,31,126,0,2,Personal Auto,Personal L1,2,Call Center,$103.24,Sports Car,Medsize
JA12995,Oregon,3139.1,No,Basic,College,2011-02-15,Unemployed,F,$0.00,Suburban,Married,$85.00,8,101,0,1,Personal Auto,Personal L3,3,Agent,$408.24,Four-Door Car,Medsize
WY31530,Oregon,3351.94,No,Basic,Doctor,2011-02-15,Unemployed,M,$0.00,Rural,Married,$92.00,28,99,0,1,Personal Auto,Personal L2,2,Branch,$117.82,Two-Door Car,Medsize
XQ44462,Oregon,3610.89,Yes,Basic,College,2011-02-15,Employed,M,"$76,062.00",Suburban,Single,$93.00,16,120,0,1,Corporate Auto,Corporate L2,2,Call Center,$447.12,Four-Door Car,Small
QJ65472,California,39464.14,No,Premium,High School or Below,2011-02-15,Medical Leave,M,"$38,628.00",Suburban,Single,$154.00,23,11,0,2,Personal Auto,Personal L2,1,Agent,"$1,108.08",Four-Door Car,Small
TM13510,Arizona,3494.96,No,Basic,Doctor,2011-02-15,Employed,M,"$62,327.00",Suburban,Married,$88.00,1,9,0,1,Personal Auto,Personal L2,2,Agent,$421.20,Four-Door Car,Medsize
ZC32761,Arizona,11384.86,No,Basic,Bachelor,2011-02-15,Employed,M,"$78,247.00",Rural,Divorced,$97.00,36,86,0,2,Personal Auto,Personal L3,1,Agent,$51.99,Two-Door Car,Large
UB51030,Washington,8886.31,No,Basic,High School or Below,2011-02-15,Unemployed,F,$0.00,Suburban,Single,$84.00,4,59,0,2,Special Auto,Special L3,1,Agent,$401.76,Four-Door Car,Medsize
VW34309,Oregon,7974.37,No,Basic,Bachelor,2011-02-15,Employed,F,"$58,644.00",Rural,Married,$100.00,18,70,0,7,Personal Auto,Personal L3,1,Branch,$173.09,Four-Door Car,Medsize
GT18023,California,15230.06,No,Extended,High School or Below,2011-02-15,Employed,F,"$1,16,363.00",Urban,Married,$188.00,16,14,0,3,Special Auto,Special L2,1,Agent,$812.25,SUV,Medsize
WJ57919,California,3610.89,Yes,Basic,College,2011-02-15,Employed,M,"$76,062.00",Suburban,Single,$93.00,16,120,0,1,Special Auto,Special L3,2,Call Center,$447.12,Four-Door Car,Small
FV62588,Oregon,33706.47,No,Basic,High School or Below,2011-02-15,Employed,M,"$90,214.00",Rural,Married,$93.00,15,63,0,2,Personal Auto,Personal L3,4,Agent,$94.54,Four-Door Car,Medsize
UP80657,Washington,3610.89,Yes,Basic,College,2011-02-15,Employed,M,"$76,062.00",Suburban,Single,$93.00,16,120,0,1,Corporate Auto,Corporate L3,2,Call Center,$447.12,Four-Door Car,Small
DV51398,California,11916.76,No,Extended,High School or Below,2011-02-15,Unemployed,M,$0.00,Suburban,Single,$166.00,47,51,1,3,Personal Auto,Personal L3,2,Branch,"$1,469.32",SUV,Medsize
YK32760,Oregon,3377.98,No,Basic,High School or Below,2011-02-15,Unemployed,M,$0.00,Suburban,Divorced,$100.00,35,128,1,1,Corporate Auto,Corporate L1,1,Agent,$479.52,Four-Door Car,Medsize
QV89791,California,11443.69,No,Premium,High School or Below,2011-02-15,Employed,F,"$74,543.00",Suburban,Married,$144.00,12,12,2,9,Personal Auto,Personal L3,1,Branch,$939.76,Two-Door Car,Medsize
NI18835,California,3952.44,No,Basic,Bachelor,2011-02-15,Employed,M,"$70,188.00",Rural,Married,$99.00,5,128,0,1,Personal Auto,Personal L3,2,Web,$167.91,Four-Door Car,Medsize
OF49789,Oregon,6914.48,No,Extended,College,2011-02-15,Employed,F,"$77,167.00",Suburban,Married,$171.00,27,124,0,1,Personal Auto,Personal L1,1,Agent,$822.96,Sports Car,Medsize
BN62219,Arizona,12962.81,No,Extended,College,2011-02-15,Unemployed,F,$0.00,Suburban,Single,$127.00,16,4,0,2,Personal Auto,Personal L3,3,Branch,$913.68,Two-Door Car,Medsize
TH96263,Nevada,13879.09,No,Extended,High School or Below,2011-02-15,Employed,F,"$99,442.00",Urban,Married,$173.00,46,63,0,3,Personal Auto,Personal L3,2,Call Center,$545.84,SUV,Medsize
MQ79612,California,11796.7,No,Basic,Doctor,2011-02-15,Employed,M,"$1,24,052.00",Rural,Married,$144.00,41,38,0,7,Personal Auto,Personal L2,3,Agent,$211.43,SUV,Small
QC28119,Oregon,10370.09,No,Basic,High School or Below,2011-02-15,Employed,M,"$1,21,558.00",Urban,Married,$85.00,16,28,0,2,Personal Auto,Personal L3,2,Branch,$274.36,Four-Door Car,Medsize
QU58523,Arizona,7822.82,No,Basic,Master,2011-02-15,Employed,M,"$71,522.00",Suburban,Divorced,$97.00,19,72,0,4,Personal Auto,Personal L2,1,Agent,$466.56,Two-Door Car,Small
RL64888,California,3471.2,No,Basic,College,2011-02-15,Employed,F,"$40,091.00",Suburban,Married,$89.00,0,78,4,1,Personal Auto,Personal L2,4,Agent,$427.68,Four-Door Car,Medsize
MQ74051,Arizona,17569.22,No,Basic,Bachelor,2011-02-15,Employed,F,"$74,340.00",Urban,Single,$149.00,4,28,1,2,Personal Auto,Personal L3,1,Agent,$476.68,SUV,Medsize
No94161,California,3671.23,No,Basic,High School or Below,2011-02-15,Employed,M,"$50,899.00",Rural,Divorced,$95.00,15,69,0,1,Corporate Auto,Corporate L1,3,Agent,$112.21,Two-Door Car,Medsize
FB68802,Arizona,5433.88,No,Basic,College,2011-02-15,Unemployed,M,$0.00,Suburban,Married,$161.00,39,73,2,1,Personal Auto,Personal L3,3,Agent,$771.12,SUV,Small
CO53249,Arizona,11351.23,No,Basic,College,2011-02-15,Employed,M,"$1,11,780.00",Suburban,Married,$95.00,16,127,0,2,Corporate Auto,Corporate L3,1,Agent,$596.96,Four-Door Car,Medsize
SM16060,Arizona,6495.85,No,Basic,College,2011-02-15,Unemployed,F,$0.00,Suburban,Single,$92.00,46,50,0,6,Personal Auto,Personal L2,1,Web,$835.75,Two-Door Car,Small
EV14053,California,9848.7,No,Extended,High School or Below,2011-02-15,Employed,F,"$45,984.00",Suburban,Married,$123.00,31,69,0,3,Corporate Auto,Corporate L3,3,Agent,$814.52,Four-Door Car,Medsize
IR78670,California,11770.82,No,Premium,Bachelor,2011-02-15,Unemployed,M,$0.00,Suburban,Married,$157.00,9,99,1,7,Personal Auto,Personal L3,2,Branch,$751.68,Four-Door Car,Large
GF68713,Oregon,4330.08,No,Extended,Bachelor,2011-02-15,Employed,M,"$33,338.00",Suburban,Married,$111.00,0,119,0,1,Personal Auto,Personal L3,3,Web,$531.36,Four-Door Car,Large
TI58610,Arizona,4045.8,No,Basic,Master,2011-02-15,Employed,F,"$69,119.00",Suburban,Divorced,$100.00,26,70,0,1,Corporate Auto,Corporate L2,1,Branch,$479.52,Four-Door Car,Small
CV95479,California,4539.6,No,Premium,Bachelor,2011-02-15,Unemployed,M,$0.00,Suburban,Single,$144.00,12,130,2,1,Personal Auto,Personal L2,1,Agent,"$1,040.04",Four-Door Car,Small
RE63028,Nevada,8756.25,No,Extended,High School or Below,2011-02-15,Employed,F,"$1,17,734.00",Urban,Single,$109.00,4,35,0,9,Personal Auto,Personal L2,3,Call Center,$477.35,Four-Door Car,Medsize
KL83882,Nevada,8963.09,No,Extended,Bachelor,2011-02-15,Employed,F,"$98,092.00",Suburban,Married,$112.00,23,28,1,4,Personal Auto,Personal L3,1,Branch,$537.84,Four-Door Car,Small
HZ64168,California,54595.03,No,Extended,Bachelor,2011-02-15,Unemployed,M,$0.00,Suburban,Single,$174.00,31,80,0,2,Personal Auto,Personal L3,1,Call Center,"$1,608.28",SUV,Medsize
JH30819,California,34660.1,No,Basic,Bachelor,2011-02-15,Employed,F,"$89,843.00",Suburban,Married,$144.00,7,0,1,2,Corporate Auto,Corporate L3,1,Agent,$693.36,SUV,Medsize
QW44027,Oregon,30830.14,No,Premium,College,2011-02-15,Employed,M,"$1,20,668.00",Suburban,Married,$385.00,36,95,0,4,Corporate Auto,Corporate L2,2,Web,"$2,770.20",Luxury Car,Large
MP16820,Arizona,3808.49,No,Basic,College,2011-02-15,Employed,M,"$94,563.00",Rural,Married,$96.00,8,50,0,1,Personal Auto,Personal L1,2,Web,$145.41,Two-Door Car,Medsize
OI92280,Oregon,11378.44,No,Basic,College,2011-02-15,Disabled,F,"$16,443.00",Suburban,Single,$153.00,23,84,0,3,Corporate Auto,Corporate L3,1,Agent,$912.02,SUV,Medsize
RE95629,California,3132.7,No,Basic,College,2011-02-15,Unemployed,F,$0.00,Suburban,Married,$85.00,24,103,0,1,Personal Auto,Personal L3,2,Agent,$612.36,Two-Door Car,Medsize
VV81837,Oregon,6653.68,No,Extended,High School or Below,2011-02-15,Employed,M,"$70,884.00",Suburban,Married,$166.00,31,74,0,1,Personal Auto,Personal L3,1,Agent,$797.04,SUV,Medsize
CT11176,California,3530.66,No,Basic,Bachelor,2011-02-15,Employed,F,"$33,634.00",Rural,Married,$89.00,8,122,0,1,Personal Auto,Personal L3,2,Web,$187.29,Four-Door Car,Medsize
QV83172,Nevada,56504.48,No,Extended,High School or Below,2011-02-15,Employed,M,"$38,220.00",Suburban,Married,$181.00,9,95,0,2,Personal Auto,Personal L3,4,Branch,$868.32,SUV,Medsize
LO14518,California,8608.62,No,Extended,Bachelor,2011-02-15,Employed,M,"$37,577.00",Suburban,Divorced,$109.00,24,62,0,3,Personal Auto,Personal L1,1,Branch,$714.77,Two-Door Car,Medsize
TE35954,Arizona,3610.89,Yes,Basic,College,2011-02-15,Employed,M,"$76,062.00",Suburban,Single,$93.00,16,120,0,1,Personal Auto,Personal L2,2,Call Center,$447.12,Four-Door Car,Small
GL33494,Oregon,7371.5,No,Basic,Master,2011-02-15,Employed,F,"$42,566.00",Suburban,Married,$93.00,32,63,1,3,Personal Auto,Personal L3,1,Branch,$447.12,Two-Door Car,Medsize
OJ77448,Arizona,11758.29,No,Basic,Bachelor,2011-02-15,Employed,F,"$1,15,000.00",Rural,Married,$144.00,35,123,0,5,Corporate Auto,Corporate L3,1,Agent,$224.78,SUV,Small
PK24825,Oregon,4445.88,No,Extended,College,2011-02-15,Unemployed,F,$0.00,Suburban,Single,$127.00,4,54,0,1,Corporate Auto,Corporate L1,3,Call Center,$913.68,Four-Door Car,Large
HI16472,Arizona,11280.54,No,Basic,College,2011-02-15,Employed,F,"$31,949.00",Suburban,Married,$140.00,9,103,0,9,Personal Auto,Personal L3,1,Agent,$673.92,SUV,Medsize
YD45660,Arizona,12718.3,No,Basic,Bachelor,2011-02-15,Employed,F,"$63,515.00",Suburban,Married,$159.00,0,50,0,3,Personal Auto,Personal L3,4,Call Center,$764.64,SUV,Medsize
FR48094,Arizona,3316.7,No,Basic,High School or Below,2011-02-15,Unemployed,M,$0.00,Suburban,Single,$99.00,20,80,0,1,Personal Auto,Personal L3,4,Branch,$709.56,Four-Door Car,Small
CO53758,California,6830.98,No,Basic,High School or Below,2011-02-15,Employed,M,"$95,849.00",Suburban,Married,$85.00,7,95,0,3,Corporate Auto,Corporate L2,4,Agent,$412.56,Four-Door Car,Small
EH70612,California,2589.46,No,Basic,College,2011-02-15,Unemployed,M,$0.00,Suburban,Single,$82.00,3,73,2,1,Personal Auto,Personal L1,1,Branch,$592.92,Two-Door Car,Small
TM61357,Nevada,33224.55,No,Extended,Bachelor,2011-02-15,Employed,M,"$98,261.00",Urban,Married,$103.00,14,12,0,2,Personal Auto,Personal L1,4,Agent,$491.19,Four-Door Car,Medsize
FO49408,Oregon,4109.4,No,Extended,High School or Below,2011-02-15,Employed,M,"$33,041.00",Suburban,Single,$113.00,15,74,3,1,Personal Auto,Personal L3,2,Call Center,$816.48,Four-Door Car,Medsize
OA59724,Washington,4697,No,Extended,College,2011-02-15,Employed,F,"$90,060.00",Urban,Married,$116.00,34,124,0,1,Corporate Auto,Corporate L2,1,Call Center,$494.61,Two-Door Car,Small
UR36951,Oregon,7005.54,No,Extended,Bachelor,2011-02-15,Employed,M,"$1,10,924.00",Suburban,Single,$181.00,12,58,3,1,Personal Auto,Personal L2,4,Agent,$868.32,SUV,Medsize
JU87932,Oregon,3905.97,No,Basic,Bachelor,2011-02-15,Employed,F,"$41,048.00",Suburban,Married,$99.00,39,126,0,1,Personal Auto,Personal L3,1,Web,$473.04,Four-Door Car,Medsize
UQ63751,Arizona,9028.25,No,Extended,Bachelor,2011-02-15,Employed,F,"$32,092.00",Rural,Married,$112.00,26,34,0,4,Personal Auto,Personal L3,2,Agent,$135.88,Four-Door Car,Medsize
MC73302,Oregon,7439.89,No,Basic,Bachelor,2011-02-15,Employed,F,"$48,960.00",Urban,Married,$93.00,28,1,0,8,Personal Auto,Personal L1,1,Agent,$355.66,Four-Door Car,Medsize
VK44934,California,11978.82,No,Basic,College,2011-02-15,Employed,M,"$38,553.00",Suburban,Married,$161.00,19,50,4,3,Personal Auto,Personal L2,3,Agent,"$1,076.70",SUV,Large
BS90503,Washington,7283.37,No,Basic,Bachelor,2011-02-15,Employed,F,"$1,16,964.00",Rural,Married,$90.00,3,34,0,5,Personal Auto,Personal L1,2,Web,$88.37,Four-Door Car,Medsize
ZS15062,Oregon,12889.41,No,Extended,Master,2011-02-15,Employed,M,"$47,141.00",Urban,Single,$111.00,19,134,1,2,Personal Auto,Personal L3,1,Web,$375.13,Four-Door Car,Medsize
ZO20633,Oregon,3492.6,No,Basic,High School or Below,2011-02-15,Employed,F,"$37,612.00",Suburban,Married,$88.00,30,90,0,1,Corporate Auto,Corporate L2,3,Branch,$421.20,Four-Door Car,Medsize
VH62312,Nevada,3610.89,Yes,Basic,College,2011-02-15,Employed,M,"$76,062.00",Suburban,Single,$93.00,16,120,0,1,Corporate Auto,Corporate L2,2,Call Center,$447.12,Four-Door Car,Small
OI74902,California,10773.41,No,Basic,College,2011-02-15,Retired,F,"$21,101.00",Suburban,Divorced,$155.00,11,81,1,3,Personal Auto,Personal L1,1,Web,$886.65,SUV,Medsize
MF87270,California,3985.98,No,Basic,High School or Below,2011-02-15,Employed,F,"$77,285.00",Suburban,Married,$100.00,42,23,0,1,Personal Auto,Personal L3,2,Call Center,$479.52,Four-Door Car,Small
GH98275,California,6305.79,No,Basic,College,2011-02-15,Unemployed,F,$0.00,Urban,Divorced,$86.00,34,120,0,4,Corporate Auto,Corporate L2,2,Call Center,$245.44,Four-Door Car,Medsize
FF53048,Arizona,4678.46,No,Extended,Master,2011-02-15,Employed,F,"$65,804.00",Suburban,Single,$116.00,4,80,0,1,Personal Auto,Personal L3,1,Agent,$557.28,Two-Door Car,Small
ZX29705,California,10598.3,No,Basic,College,2011-02-15,Unemployed,F,$0.00,Suburban,Married,$93.00,7,105,0,2,Corporate Auto,Corporate L3,4,Web,$447.12,Four-Door Car,Medsize
ZC97171,Arizona,10297.03,No,Extended,High School or Below,2011-02-15,Employed,F,"$81,647.00",Rural,Single,$130.00,1,59,0,3,Personal Auto,Personal L3,3,Call Center,$114.96,Four-Door Car,Medsize
PE59735,Oregon,30985.29,No,Extended,High School or Below,2011-02-15,Disabled,F,"$27,042.00",Rural,Married,$116.00,5,112,0,2,Personal Auto,Personal L3,1,Branch,$148.08,Four-Door Car,Medsize
EM53324,Oregon,9913.76,No,Basic,College,2011-02-15,Unemployed,F,$0.00,Suburban,Single,$97.00,35,16,3,2,Personal Auto,Personal L3,1,Branch,$466.56,Four-Door Car,Medsize
CL38926,Oregon,9717.86,No,Basic,Bachelor,2011-02-15,Medical Leave,M,"$14,118.00",Suburban,Single,$138.00,15,39,0,4,Corporate Auto,Corporate L3,2,Call Center,$660.96,SUV,Medsize
JW33458,California,7735.3,No,Basic,Master,2011-02-15,Employed,F,"$1,24,543.00",Urban,Married,$95.00,9,127,0,7,Corporate Auto,Corporate L3,3,Call Center,$331.55,Four-Door Car,Medsize
OH23893,California,12306.02,No,Basic,Bachelor,2011-02-15,Employed,F,"$93,944.00",Rural,Married,$154.00,26,61,0,6,Personal Auto,Personal L1,1,Branch,$233.66,SUV,Medsize
TI48450,California,10730.54,No,Basic,College,2011-02-15,Employed,M,"$32,287.00",Suburban,Married,$92.00,45,116,0,2,Corporate Auto,Corporate L3,4,Call Center,$649.50,Two-Door Car,Medsize
XS56253,California,8910.65,No,Basic,Bachelor,2011-02-15,Unemployed,M,$0.00,Suburban,Single,$149.00,24,128,3,7,Personal Auto,Personal L3,1,Agent,"$1,365.89",Sports Car,Medsize
TT97465,California,19766.89,No,Basic,College,2011-02-15,Employed,M,"$77,707.00",Suburban,Married,$84.00,24,77,1,2,Corporate Auto,Corporate L3,1,Agent,$402.88,Four-Door Car,Medsize
MF59279,California,5701.02,No,Basic,Bachelor,2011-02-15,Unemployed,M,$0.00,Suburban,Single,$85.00,35,105,0,7,Personal Auto,Personal L1,1,Agent,$408.24,Two-Door Car,Small
PF78020,California,7525.74,No,Basic,College,2011-02-15,Employed,M,"$27,101.00",Suburban,Married,$96.00,0,38,0,3,Personal Auto,Personal L2,1,Agent,$501.77,Four-Door Car,Small
XE72624,California,3424.8,No,Basic,High School or Below,2011-02-15,Employed,F,"$46,782.00",Suburban,Married,$86.00,24,97,0,1,Corporate Auto,Corporate L1,4,Branch,$414.72,Four-Door Car,Small
CP93345,California,3858.29,No,Basic,Bachelor,2011-02-15,Employed,F,"$1,15,155.00",Urban,Divorced,$99.00,11,53,2,1,Corporate Auto,Corporate L3,2,Call Center,$431.82,Four-Door Car,Large
XR95069,Washington,6553.91,No,Basic,Bachelor,2011-02-16,Employed,M,"$40,276.00",Suburban,Single,$86.00,26,59,0,3,Personal Auto,Personal L3,4,Agent,$414.72,Four-Door Car,Medsize
NZ30757,California,6482.24,No,Basic,Bachelor,2011-02-16,Medical Leave,M,"$24,444.00",Suburban,Married,$84.00,39,15,0,8,Personal Auto,Personal L2,1,Agent,$401.76,Four-Door Car,Medsize
EV68375,California,5846.02,Yes,Premium,College,2011-02-16,Employed,M,"$81,641.00",Suburban,Married,$144.00,12,24,0,1,Personal Auto,Personal L3,2,Branch,$693.36,Four-Door Car,Medsize
EM43724,Nevada,3387.3,No,Basic,Bachelor,2011-02-16,Employed,F,"$45,299.00",Rural,Married,$85.00,23,15,0,1,Personal Auto,Personal L3,1,Agent,$137.56,Four-Door Car,Medsize
YV64727,Washington,9034.39,No,Premium,High School or Below,2011-02-16,Employed,M,"$85,348.00",Suburban,Married,$227.00,38,66,0,1,Corporate Auto,Corporate L3,3,Agent,"$1,088.64",SUV,Medsize
ZW25874,Oregon,3404.1,No,Basic,Bachelor,2011-02-16,Employed,M,"$72,499.00",Rural,Single,$90.00,4,61,2,1,Special Auto,Special L3,1,Branch,$91.30,Four-Door Car,Medsize
AO87348,Washington,2768.34,No,Basic,College,2011-02-16,Unemployed,M,$0.00,Suburban,Single,$82.00,24,35,0,1,Personal Auto,Personal L3,2,Agent,$395.28,Four-Door Car,Small
OA57352,Arizona,8469.78,Yes,Extended,College,2011-02-16,Retired,F,"$25,079.00",Suburban,Divorced,$116.00,28,103,0,6,Personal Auto,Personal L2,1,Branch,$557.28,Four-Door Car,Medsize
SK97780,California,13649.55,No,Extended,Bachelor,2011-02-16,Medical Leave,F,"$21,265.00",Urban,Married,$122.00,36,50,0,2,Corporate Auto,Corporate L3,1,Branch,$458.12,Two-Door Car,Large
ZN47335,California,13982.64,No,Extended,College,2011-02-16,Employed,M,"$92,217.00",Rural,Divorced,$177.00,5,90,0,9,Corporate Auto,Corporate L3,1,Web,$414.43,SUV,Small
XP64922,Oregon,4015.33,No,Basic,College,2011-02-16,Employed,F,"$31,500.00",Rural,Married,$100.00,11,58,0,1,Corporate Auto,Corporate L3,4,Agent,$7.59,Four-Door Car,Medsize
GI68556,California,20449.71,No,Basic,Bachelor,2011-02-16,Employed,F,"$55,461.00",Rural,Married,$85.00,31,127,0,2,Personal Auto,Personal L2,3,Web,$143.97,Two-Door Car,Medsize
BZ12077,Oregon,5835.02,No,Basic,High School or Below,2011-02-16,Unemployed,F,$0.00,Suburban,Divorced,$161.00,0,50,0,1,Personal Auto,Personal L3,2,Agent,$771.12,SUV,Medsize
WR45726,Arizona,15275.53,Yes,Premium,Bachelor,2011-02-16,Disabled,F,"$16,045.00",Suburban,Divorced,$136.00,24,53,0,2,Special Auto,Special L1,1,Agent,$654.48,Four-Door Car,Medsize
JP94676,Oregon,12721.02,No,Basic,Bachelor,2011-02-16,Employed,F,"$46,055.00",Urban,Married,$161.00,8,99,0,6,Personal Auto,Personal L2,1,Agent,$629.27,SUV,Medsize
IW54795,California,14785.38,No,Extended,College,2011-02-16,Medical Leave,M,"$32,060.00",Suburban,Married,$134.00,0,32,0,2,Personal Auto,Personal L2,2,Agent,$819.58,Four-Door Car,Large
PS30217,California,13346.99,No,Extended,Bachelor,2011-02-16,Employed,F,"$60,503.00",Suburban,Married,$112.00,31,120,0,2,Personal Auto,Personal L2,1,Agent,$712.02,Four-Door Car,Small
BC66921,Nevada,3802.37,No,Basic,High School or Below,2011-02-16,Employed,F,"$55,658.00",Suburban,Single,$96.00,26,18,0,1,Personal Auto,Personal L3,1,Branch,$460.08,Four-Door Car,Small
GC17585,Arizona,18188.8,No,Basic,Bachelor,2011-02-16,Employed,M,"$34,158.00",Suburban,Married,$95.00,18,22,1,2,Personal Auto,Personal L1,2,Branch,$453.60,Four-Door Car,Medsize
LP82042,Oregon,7216.67,No,Basic,Bachelor,2011-02-16,Employed,M,"$73,802.00",Suburban,Married,$92.00,4,55,1,6,Personal Auto,Personal L3,1,Call Center,$440.64,Four-Door Car,Medsize
DT35588,Oregon,5846.02,Yes,Premium,College,2011-02-16,Employed,M,"$81,641.00",Suburban,Married,$144.00,12,24,0,1,Personal Auto,Personal L1,2,Branch,$693.36,Four-Door Car,Medsize
OY94707,California,4873.23,No,Extended,College,2011-02-16,Employed,M,"$78,701.00",Suburban,Married,$131.00,26,127,5,1,Special Auto,Special L3,1,Agent,$873.50,Four-Door Car,Small
CM52565,Nevada,8144.85,No,Extended,High School or Below,2011-02-16,Unemployed,F,$0.00,Suburban,Single,$112.00,5,4,0,3,Corporate Auto,Corporate L2,2,Call Center,$806.76,Four-Door Car,Medsize
CA56041,Nevada,12312.09,No,Basic,College,2011-02-16,Employed,F,"$86,235.00",Urban,Married,$153.00,43,63,0,9,Personal Auto,Personal L3,3,Call Center,$499.89,SUV,Small
UV80201,Oregon,11320.09,No,Basic,Bachelor,2011-02-16,Unemployed,F,$0.00,Suburban,Single,$157.00,0,47,0,7,Personal Auto,Personal L3,1,Call Center,$751.68,Sports Car,Medsize
ES16126,California,5846.02,Yes,Premium,College,2011-02-16,Employed,M,"$81,641.00",Suburban,Married,$144.00,12,24,0,1,Personal Auto,Personal L1,2,Branch,$693.36,Four-Door Car,Medsize
CJ97736,Oregon,7868.05,No,Basic,College,2011-02-16,Employed,F,"$42,341.00",Suburban,Married,$100.00,38,63,0,3,Personal Auto,Personal L3,2,Web,$622.71,Four-Door Car,Small
No36572,Oregon,6187.19,No,Premium,High School or Below,2011-02-16,Employed,M,"$30,683.00",Suburban,Married,$157.00,38,109,0,1,Personal Auto,Personal L2,2,Call Center,$751.68,Four-Door Car,Large
AJ69778,Oregon,8794.48,No,Extended,High School or Below,2011-02-16,Employed,F,"$1,04,132.00",Rural,Divorced,$113.00,4,50,3,8,Personal Auto,Personal L3,2,Web,$132.80,Four-Door Car,Medsize
HJ19927,Nevada,7151.8,No,Basic,Master,2011-02-16,Medical Leave,M,"$19,946.00",Rural,Married,$93.00,15,59,0,5,Personal Auto,Personal L3,3,Agent,$230.77,Four-Door Car,Medsize
WC65050,California,3796.14,No,Basic,Master,2011-02-16,Employed,F,"$84,425.00",Suburban,Divorced,$96.00,26,86,1,1,Personal Auto,Personal L2,1,Branch,$478.17,Two-Door Car,Medsize
GL69461,Oregon,3548.43,No,Basic,College,2011-02-16,Employed,F,"$1,34,947.00",Suburban,Married,$89.00,8,73,2,1,Personal Auto,Personal L1,3,Agent,$427.68,Four-Door Car,Medsize
No50634,Oregon,5846.02,Yes,Premium,College,2011-02-16,Employed,M,"$81,641.00",Suburban,Married,$144.00,12,24,0,1,Personal Auto,Personal L3,2,Branch,$693.36,Four-Door Car,Medsize
RC72799,Oregon,3833.74,No,Basic,College,2011-02-16,Employed,F,"$44,890.00",Suburban,Married,$96.00,27,5,0,1,Personal Auto,Personal L2,2,Agent,$550.35,Four-Door Car,Medsize
RL51023,Arizona,5650.77,No,Basic,College,2011-02-16,Unemployed,M,$0.00,Suburban,Single,$86.00,0,76,0,3,Corporate Auto,Corporate L1,2,Call Center,$665.07,Four-Door Car,Small
SH75038,California,8074.87,No,Basic,Bachelor,2011-02-16,Employed,F,"$1,19,776.00",Suburban,Divorced,$100.00,16,127,0,8,Personal Auto,Personal L2,1,Agent,$479.52,Two-Door Car,Medsize
ZC69696,Arizona,47844.19,No,Basic,College,2011-02-16,Employed,F,"$1,00,656.00",Suburban,Divorced,$149.00,42,27,0,2,Personal Auto,Personal L3,1,Branch,$712.80,SUV,Medsize
KS12294,California,21591.91,No,Premium,Bachelor,2011-02-16,Unemployed,M,$0.00,Suburban,Single,$215.00,26,101,0,2,Personal Auto,Personal L3,1,Web,"$1,903.73",SUV,Medsize
EM85557,Washington,10828.44,No,Basic,College,2011-02-16,Employed,F,"$73,294.00",Suburban,Married,$90.00,5,35,0,2,Personal Auto,Personal L1,1,Agent,$434.16,Four-Door Car,Small
RS92763,Oregon,10108.46,No,Basic,College,2011-02-16,Unemployed,F,$0.00,Suburban,Single,$97.00,20,95,0,2,Personal Auto,Personal L2,2,Branch,$935.66,Four-Door Car,Medsize
EC18611,Nevada,4593.23,No,Extended,High School or Below,2011-02-16,Unemployed,M,$0.00,Suburban,Single,$134.00,22,27,0,1,Personal Auto,Personal L2,1,Agent,$641.52,Two-Door Car,Medsize
QN30162,Oregon,15275.53,Yes,Premium,Bachelor,2011-02-16,Disabled,F,"$16,045.00",Suburban,Divorced,$136.00,24,53,0,2,Special Auto,Special L2,1,Agent,$654.48,Four-Door Car,Medsize
EQ15944,Oregon,3987.38,No,Basic,Doctor,2011-02-16,Employed,F,"$1,03,240.00",Suburban,Married,$100.00,5,107,2,1,Personal Auto,Personal L2,4,Web,$479.52,Four-Door Car,Small
IO63361,Arizona,6588.96,No,Extended,College,2011-02-16,Employed,M,"$71,306.00",Rural,Divorced,$167.00,22,120,0,1,Personal Auto,Personal L1,1,Branch,$381.38,SUV,Medsize
HN60464,California,8242.83,No,Extended,Bachelor,2011-02-16,Unemployed,M,$0.00,Urban,Married,$113.00,0,77,0,5,Personal Auto,Personal L2,3,Branch,$534.25,Four-Door Car,Medsize
NQ18750,Oregon,39929.33,No,Premium,College,2011-02-16,Unemployed,M,$0.00,Suburban,Single,$143.00,46,18,0,2,Personal Auto,Personal L1,2,Call Center,"$1,030.32",Two-Door Car,Small
MM62953,Arizona,7586.8,No,Basic,High School or Below,2011-02-16,Employed,M,"$89,937.00",Suburban,Married,$95.00,18,101,0,7,Personal Auto,Personal L3,3,Agent,$453.60,Four-Door Car,Medsize
NY93341,Arizona,12310.55,No,Basic,High School or Below,2011-02-16,Employed,F,"$45,741.00",Rural,Married,$154.00,30,53,0,6,Personal Auto,Personal L2,3,Branch,$368.33,SUV,Medsize
NU25698,Oregon,18894.18,No,Extended,High School or Below,2011-02-16,Employed,F,"$65,131.00",Suburban,Married,$163.00,22,28,3,2,Personal Auto,Personal L3,1,Agent,$784.08,SUV,Medsize
SE86346,Nevada,10490.87,No,Basic,College,2011-02-16,Employed,F,"$78,930.00",Suburban,Married,$88.00,41,122,0,2,Corporate Auto,Corporate L3,2,Web,$611.44,Four-Door Car,Small
KP26590,Nevada,5131.73,No,Extended,Bachelor,2011-02-16,Employed,F,"$54,693.00",Rural,Married,$130.00,28,50,1,1,Personal Auto,Personal L2,1,Branch,$204.65,Four-Door Car,Large
JS12902,Oregon,5566,No,Basic,High School or Below,2011-02-16,Medical Leave,F,"$33,388.00",Rural,Married,$144.00,24,59,0,1,Corporate Auto,Corporate L3,3,Branch,$98.24,Sports Car,Medsize
LW91009,Washington,6740.44,No,Basic,College,2011-02-16,Disabled,M,"$32,897.00",Suburban,Divorced,$92.00,46,73,1,3,Personal Auto,Personal L3,1,Agent,$440.64,Four-Door Car,Medsize
LO98108,Oregon,3005.9,No,Basic,Bachelor,2011-02-16,Unemployed,M,$0.00,Suburban,Married,$84.00,26,35,0,1,Personal Auto,Personal L3,2,Branch,$401.76,Two-Door Car,Large
MR77933,Arizona,15275.53,Yes,Premium,Bachelor,2011-02-16,Disabled,F,"$16,045.00",Suburban,Divorced,$136.00,24,53,0,2,Personal Auto,Personal L2,1,Agent,$654.48,Four-Door Car,Medsize
KP10993,California,8469.78,Yes,Extended,College,2011-02-16,Retired,F,"$25,079.00",Suburban,Divorced,$116.00,28,103,0,6,Personal Auto,Personal L3,1,Branch,$557.28,Four-Door Car,Medsize
WE52840,Arizona,9521.96,No,Extended,College,2011-02-16,Employed,F,"$71,526.00",Rural,Divorced,$120.00,11,73,0,3,Corporate Auto,Corporate L3,1,Call Center,$42.33,Four-Door Car,Medsize
TK22471,Oregon,9822.49,No,Basic,College,2011-02-16,Employed,M,"$37,778.00",Suburban,Married,$84.00,9,69,1,2,Personal Auto,Personal L3,3,Call Center,$601.24,Four-Door Car,Medsize
LO17461,Arizona,3895.75,No,Basic,High School or Below,2011-02-16,Employed,F,"$48,133.00",Suburban,Married,$97.00,23,26,0,1,Personal Auto,Personal L1,2,Branch,$695.42,Two-Door Car,Small
EW34780,California,15275.53,Yes,Premium,Bachelor,2011-02-16,Disabled,F,"$16,045.00",Suburban,Divorced,$136.00,24,53,0,2,Personal Auto,Personal L3,1,Agent,$654.48,Four-Door Car,Medsize
SN49269,Oregon,10547.4,No,Basic,High School or Below,2011-02-16,Employed,M,"$97,677.00",Suburban,Divorced,$89.00,36,20,0,2,Personal Auto,Personal L2,2,Web,$427.68,Two-Door Car,Small
FD20455,California,8825.02,No,Basic,Bachelor,2011-02-16,Unemployed,M,$0.00,Suburban,Single,$135.00,30,32,0,3,Personal Auto,Personal L3,2,Web,$972.00,Sports Car,Medsize
IX67925,California,3164.71,No,Basic,Bachelor,2011-02-16,Unemployed,M,$0.00,Suburban,Single,$100.00,18,57,1,1,Personal Auto,Personal L2,4,Branch,$719.28,Four-Door Car,Medsize
YK88644,Nevada,4549.6,No,Extended,Master,2011-02-16,Unemployed,M,$0.00,Suburban,Divorced,$128.00,19,20,1,1,Personal Auto,Personal L3,1,Branch,$643.82,Four-Door Car,Medsize
WW67905,Oregon,5537.97,No,Basic,High School or Below,2011-02-16,Unemployed,M,$0.00,Suburban,Married,$151.00,42,28,0,1,Corporate Auto,Corporate L2,3,Agent,$725.76,SUV,Small
SF86727,Nevada,7534.3,No,Basic,Master,2011-02-16,Employed,M,"$33,993.00",Urban,Married,$95.00,28,59,0,9,Personal Auto,Personal L2,2,Branch,$318.46,Four-Door Car,Medsize
VF35858,California,20633.85,No,Basic,Bachelor,2011-02-16,Employed,M,"$65,995.00",Suburban,Married,$257.00,42,122,0,9,Personal Auto,Personal L3,3,Web,"$1,471.66",Luxury Car,Medsize
OB69329,California,8469.78,Yes,Extended,College,2011-02-16,Retired,F,"$25,079.00",Suburban,Divorced,$116.00,28,103,0,6,Personal Auto,Personal L2,1,Branch,$557.28,Four-Door Car,Medsize
LW57693,Oregon,7562.27,No,Basic,College,2011-02-16,Disabled,F,"$16,092.00",Suburban,Married,$100.00,27,36,0,7,Personal Auto,Personal L3,1,Call Center,$479.52,Four-Door Car,Medsize
OE88763,California,15275.53,Yes,Premium,Bachelor,2011-02-16,Disabled,F,"$16,045.00",Suburban,Divorced,$136.00,24,53,0,2,Corporate Auto,Corporate L2,1,Agent,$654.48,Four-Door Car,Medsize
XI79589,California,6039.74,No,Extended,High School or Below,2011-02-16,Unemployed,F,$0.00,Suburban,Divorced,$169.00,3,113,0,1,Personal Auto,Personal L1,1,Branch,$810.00,SUV,Medsize
JF16295,Oregon,10189.48,No,Premium,High School or Below,2011-02-16,Unemployed,F,$0.00,Suburban,Married,$138.00,46,50,0,3,Personal Auto,Personal L2,3,Agent,$660.96,Four-Door Car,Medsize
RY10920,Oregon,5846.02,Yes,Premium,College,2011-02-16,Employed,M,"$81,641.00",Suburban,Married,$144.00,12,24,0,1,Personal Auto,Personal L3,2,Branch,$693.36,Four-Door Car,Medsize
FO33051,Arizona,22079.67,No,Premium,College,2011-02-16,Medical Leave,M,"$39,743.00",Suburban,Divorced,$197.00,5,14,0,2,Personal Auto,Personal L3,1,Call Center,$946.08,SUV,Large
VP91482,Oregon,4879.01,No,Basic,Bachelor,2011-02-16,Unemployed,M,$0.00,Suburban,Single,$139.00,47,103,0,1,Personal Auto,Personal L2,1,Agent,"$1,001.16",SUV,Medsize
RQ16234,Arizona,13280.64,No,Extended,High School or Below,2011-02-16,Employed,F,"$74,384.00",Rural,Divorced,$165.00,45,116,0,3,Corporate Auto,Corporate L3,2,Branch,$351.36,Sports Car,Medsize
VT87641,Washington,8973.11,No,Extended,Bachelor,2011-02-16,Employed,F,"$1,29,350.00",Suburban,Married,$111.00,8,128,0,3,Personal Auto,Personal L2,3,Call Center,$531.36,Four-Door Car,Small
AM36670,California,6747,No,Basic,College,2011-02-16,Employed,F,"$74,016.00",Rural,Single,$86.00,23,119,0,3,Personal Auto,Personal L3,1,Branch,$179.48,Four-Door Car,Large
AM94127,Oregon,6962.82,No,Basic,College,2011-02-16,Employed,M,"$1,25,959.00",Rural,Single,$88.00,15,130,0,5,Corporate Auto,Corporate L3,1,Branch,$55.02,Four-Door Car,Medsize
YO81740,Oregon,32259.17,No,Extended,Bachelor,2011-02-16,Unemployed,F,$0.00,Suburban,Single,$132.00,0,77,0,2,Personal Auto,Personal L3,1,Call Center,$952.56,Four-Door Car,Small
KE61355,Oregon,7118.15,No,Basic,High School or Below,2011-02-16,Employed,F,"$81,351.00",Suburban,Married,$89.00,19,113,0,3,Corporate Auto,Corporate L1,2,Web,$443.30,Four-Door Car,Medsize
EV46476,California,10913.84,No,Basic,Bachelor,2011-02-16,Disabled,M,"$27,228.00",Suburban,Married,$151.00,47,109,1,3,Personal Auto,Personal L3,1,Web,$725.76,SUV,Small
WR53191,California,20412.29,No,Extended,Bachelor,2011-02-16,Employed,F,"$27,886.00",Suburban,Single,$176.00,20,7,0,2,Corporate Auto,Corporate L2,1,Web,$953.25,SUV,Medsize
EB30823,California,26552.97,No,Basic,College,2011-02-16,Unemployed,M,$0.00,Suburban,Single,$90.00,27,74,1,2,Personal Auto,Personal L2,1,Call Center,$651.24,Four-Door Car,Medsize
PK37121,Washington,5898.95,No,Basic,High School or Below,2011-02-16,Employed,F,"$1,23,896.00",Rural,Married,$146.00,12,47,0,1,Personal Auto,Personal L3,2,Branch,$346.81,SUV,Large
LA16827,Arizona,7334.36,No,Extended,Master,2011-02-16,Employed,M,"$67,391.00",Suburban,Married,$181.00,36,7,0,1,Personal Auto,Personal L2,3,Branch,$868.32,SUV,Medsize
TB46243,Arizona,11736.43,No,Basic,High School or Below,2011-02-16,Employed,M,"$1,19,197.00",Urban,Married,$146.00,0,68,0,6,Personal Auto,Personal L2,1,Call Center,$495.65,SUV,Small
ZF64287,California,17659.77,No,Basic,High School or Below,2011-02-16,Employed,M,"$1,21,430.00",Rural,Divorced,$149.00,23,72,1,2,Special Auto,Special L2,2,Agent,$168.77,Sports Car,Medsize
TY86306,California,3153.99,No,Basic,College,2011-02-16,Disabled,F,"$29,111.00",Rural,Married,$82.00,15,82,0,1,Corporate Auto,Corporate L3,2,Call Center,$66.17,Two-Door Car,Large
IN10489,Nevada,6783.45,No,Basic,Master,2011-02-16,Employed,F,"$1,06,342.00",Rural,Married,$84.00,12,63,0,8,Personal Auto,Personal L3,2,Branch,$116.47,Four-Door Car,Small
UC69263,California,11253.71,No,Basic,Bachelor,2011-02-16,Unemployed,M,$0.00,Suburban,Single,$90.00,14,68,2,2,Personal Auto,Personal L3,3,Agent,$601.11,Two-Door Car,Medsize
OW84481,Nevada,3612.02,No,Basic,High School or Below,2011-02-16,Employed,M,"$91,580.00",Suburban,Married,$93.00,26,23,4,1,Personal Auto,Personal L3,2,Agent,$581.14,Four-Door Car,Medsize
YN61339,Oregon,5846.02,Yes,Premium,College,2011-02-16,Employed,M,"$81,641.00",Suburban,Married,$144.00,12,24,0,1,Personal Auto,Personal L1,2,Branch,$693.36,Four-Door Car,Medsize
XT19780,Oregon,6485.1,No,Basic,High School or Below,2011-02-16,Disabled,F,"$31,906.00",Suburban,Married,$84.00,5,34,0,9,Personal Auto,Personal L3,1,Branch,$594.26,Two-Door Car,Small
FE82005,Oregon,3165.93,No,Basic,Bachelor,2011-02-16,Medical Leave,F,"$35,510.00",Suburban,Single,$85.00,30,126,0,1,Personal Auto,Personal L3,1,Call Center,$408.24,Four-Door Car,Medsize
EU78163,California,6469.89,No,Basic,College,2011-02-16,Disabled,F,"$27,244.00",Suburban,Married,$89.00,11,89,2,3,Personal Auto,Personal L2,1,Agent,$427.68,Four-Door Car,Medsize
BM55732,Nevada,11255.21,No,Basic,High School or Below,2011-02-16,Employed,F,"$1,00,521.00",Suburban,Married,$93.00,4,34,0,2,Corporate Auto,Corporate L2,4,Web,$447.12,Two-Door Car,Medsize
QA69109,Arizona,7362.51,No,Basic,Master,2011-02-16,Employed,F,"$93,782.00",Urban,Married,$90.00,3,4,0,3,Personal Auto,Personal L3,2,Call Center,$408.69,Four-Door Car,Medsize
WE97690,Oregon,3784.85,No,Basic,Bachelor,2011-02-16,Employed,F,"$81,954.00",Urban,Married,$95.00,3,32,0,1,Corporate Auto,Corporate L2,2,Web,$441.53,Four-Door Car,Medsize
IC77855,California,20618.28,No,Basic,College,2011-02-16,Employed,M,"$54,771.00",Urban,Married,$135.00,26,76,2,2,Personal Auto,Personal L1,4,Branch,$488.42,SUV,Medsize
BO15959,Washington,37705.45,No,Extended,College,2011-02-16,Employed,F,"$1,18,942.00",Suburban,Married,$116.00,7,35,0,2,Personal Auto,Personal L3,1,Agent,$557.28,Four-Door Car,Medsize
WN45973,Washington,16988.41,No,Basic,Master,2011-02-16,Employed,M,"$1,12,068.00",Rural,Married,$139.00,3,101,0,2,Corporate Auto,Corporate L3,1,Agent,$209.42,SUV,Medsize
AT72574,Arizona,3355.95,No,Basic,High School or Below,2011-02-16,Unemployed,M,$0.00,Suburban,Single,$95.00,32,78,0,1,Personal Auto,Personal L2,2,Call Center,$680.40,Two-Door Car,Medsize
SY81273,Oregon,22678.46,No,Basic,High School or Below,2011-02-16,Employed,M,"$74,613.00",Suburban,Divorced,$96.00,43,20,0,2,Personal Auto,Personal L3,1,Agent,$460.08,Two-Door Car,Medsize
CN91738,Oregon,3402.41,No,Basic,Bachelor,2011-02-16,Employed,M,"$75,908.00",Urban,Single,$88.00,5,107,0,1,Personal Auto,Personal L3,2,Call Center,$373.78,Two-Door Car,Medsize
NT36519,California,11018.63,No,Basic,College,2011-02-16,Employed,M,"$44,505.00",Suburban,Married,$142.00,22,95,1,4,Personal Auto,Personal L2,1,Branch,$680.40,SUV,Small
ST99840,Nevada,10106.13,No,Basic,Bachelor,2011-02-16,Unemployed,F,$0.00,Suburban,Divorced,$96.00,19,84,0,2,Corporate Auto,Corporate L1,3,Call Center,$460.08,Four-Door Car,Medsize
RT17851,Oregon,7033.43,No,Extended,High School or Below,2011-02-16,Employed,F,"$51,219.00",Urban,Married,$174.00,15,49,0,1,Special Auto,Special L3,1,Branch,$691.93,SUV,Medsize
ED87136,Arizona,5727.64,No,Basic,High School or Below,2011-02-16,Unemployed,M,$0.00,Suburban,Single,$82.00,7,69,0,7,Personal Auto,Personal L2,3,Call Center,$592.92,Four-Door Car,Medsize
KE42114,Nevada,6385.98,No,Basic,Doctor,2011-02-16,Medical Leave,M,"$23,288.00",Urban,Married,$84.00,22,122,0,3,Personal Auto,Personal L3,2,Call Center,$236.96,Four-Door Car,Medsize
EK56325,Arizona,8960.26,No,Extended,High School or Below,2011-02-16,Unemployed,M,$0.00,Suburban,Married,$124.00,5,112,2,3,Personal Auto,Personal L1,3,Call Center,$894.24,Four-Door Car,Medsize
RO87000,California,3629.99,No,Basic,High School or Below,2011-02-16,Employed,M,"$68,471.00",Suburban,Single,$92.00,14,38,0,1,Personal Auto,Personal L3,2,Call Center,$532.24,Four-Door Car,Medsize
VS80344,Arizona,11096.13,No,Premium,Bachelor,2011-02-16,Employed,F,"$38,401.00",Urban,Married,$139.00,24,97,0,6,Special Auto,Special L3,1,Agent,$577.48,Two-Door Car,Medsize
DD94148,California,7819.79,No,Basic,College,2011-02-16,Employed,M,"$39,866.00",Urban,Married,$100.00,42,107,0,4,Personal Auto,Personal L2,2,Web,$300.35,Two-Door Car,Medsize
KX99703,Oregon,8469.78,Yes,Extended,College,2011-02-16,Retired,F,"$25,079.00",Suburban,Divorced,$116.00,28,103,0,6,Personal Auto,Personal L3,1,Branch,$557.28,Four-Door Car,Medsize
BX88206,Nevada,25072.21,No,Basic,High School or Below,2011-02-16,Employed,F,"$69,247.00",Rural,Married,$157.00,26,61,0,2,Corporate Auto,Corporate L3,2,Web,$152.87,SUV,Medsize
WW22291,California,3846.49,No,Basic,Master,2011-02-16,Employed,M,"$85,490.00",Suburban,Divorced,$97.00,3,46,0,1,Personal Auto,Personal L2,2,Call Center,$488.11,Four-Door Car,Medsize
KU13616,California,15275.53,Yes,Premium,Bachelor,2011-02-16,Disabled,F,"$16,045.00",Suburban,Divorced,$136.00,24,53,0,2,Personal Auto,Personal L2,1,Agent,$654.48,Four-Door Car,Medsize
CB15842,California,11080.4,No,Basic,High School or Below,2011-02-16,Employed,M,"$54,567.00",Suburban,Married,$140.00,3,14,0,7,Special Auto,Special L3,1,Agent,$673.92,SUV,Medsize
OM50417,Arizona,40464.11,No,Extended,Bachelor,2011-02-16,Employed,F,"$65,436.00",Rural,Married,$112.00,7,27,1,2,Personal Auto,Personal L2,1,Call Center,$282.02,Four-Door Car,Medsize
EG10175,California,10505.56,No,Extended,Master,2011-02-16,Employed,F,"$77,590.00",Urban,Divorced,$131.00,28,59,0,3,Personal Auto,Personal L3,1,Agent,$378.05,Two-Door Car,Large
CR99369,Arizona,7260.18,No,Basic,High School or Below,2011-02-16,Employed,M,"$46,613.00",Urban,Married,$93.00,30,0,2,7,Corporate Auto,Corporate L3,1,Agent,$247.86,Four-Door Car,Large
OL61964,California,7030.37,No,Basic,Bachelor,2011-02-16,Employed,M,"$1,00,746.00",Urban,Married,$88.00,28,82,0,6,Corporate Auto,Corporate L3,1,Agent,$238.59,Four-Door Car,Medsize
VK93542,California,10079.07,No,Basic,High School or Below,2011-02-16,Unemployed,M,$0.00,Suburban,Single,$147.00,5,45,0,8,Personal Auto,Personal L3,3,Branch,"$1,059.48",SUV,Medsize
ZO16199,California,7228.39,No,Basic,High School or Below,2011-02-16,Disabled,F,"$23,084.00",Suburban,Married,$93.00,18,38,0,9,Personal Auto,Personal L2,1,Web,$447.12,Four-Door Car,Small
ZX83542,California,7155.93,No,Basic,Master,2011-02-16,Disabled,M,"$35,890.00",Urban,Married,$93.00,35,31,0,4,Corporate Auto,Corporate L3,1,Call Center,$416.68,Four-Door Car,Large
CO16841,California,4900.86,No,Basic,Bachelor,2011-02-16,Unemployed,F,$0.00,Suburban,Single,$136.00,46,72,0,1,Corporate Auto,Corporate L2,2,Web,$981.72,SUV,Small
IU25994,California,42547.29,No,Extended,College,2011-02-16,Unemployed,M,$0.00,Suburban,Married,$169.00,31,5,0,2,Corporate Auto,Corporate L3,3,Branch,$845.66,SUV,Medsize
BO92934,California,14022.78,No,Extended,High School or Below,2011-02-16,Disabled,M,"$32,929.00",Suburban,Married,$126.00,3,85,0,2,Personal Auto,Personal L1,2,Agent,$602.64,Four-Door Car,Small
FI25204,California,4713.2,No,Extended,Master,2011-02-16,Employed,F,"$40,059.00",Urban,Single,$124.00,28,66,2,1,Corporate Auto,Corporate L3,2,Branch,$443.27,Two-Door Car,Medsize
AT31367,California,8469.78,Yes,Extended,College,2011-02-16,Retired,F,"$25,079.00",Suburban,Divorced,$116.00,28,103,0,6,Corporate Auto,Corporate L2,1,Branch,$557.28,Four-Door Car,Medsize
WZ23060,California,9518.81,No,Premium,Bachelor,2011-02-16,Employed,F,"$52,704.00",Suburban,Married,$235.00,5,46,0,1,Personal Auto,Personal L2,2,Web,"$1,127.52",SUV,Medsize
YP72749,California,3307.22,No,Basic,Bachelor,2011-02-16,Employed,F,"$60,294.00",Urban,Single,$85.00,4,69,1,1,Corporate Auto,Corporate L1,1,Agent,$222.88,Four-Door Car,Medsize
JS10224,California,24733.68,No,Basic,College,2011-02-16,Employed,F,"$1,03,580.00",Rural,Married,$88.00,36,35,0,2,Personal Auto,Personal L2,2,Branch,$14.00,Four-Door Car,Medsize
IW31117,California,7587.79,No,Basic,Doctor,2011-02-16,Employed,M,"$28,542.00",Rural,Single,$96.00,22,107,0,4,Personal Auto,Personal L2,1,Agent,$107.05,Two-Door Car,Large
JA12512,California,7500.98,No,Basic,Bachelor,2011-02-16,Employed,F,"$1,31,522.00",Urban,Married,$92.00,34,18,0,5,Personal Auto,Personal L3,1,Agent,$311.09,Two-Door Car,Medsize
RN48574,California,8469.78,Yes,Extended,College,2011-02-16,Retired,F,"$25,079.00",Suburban,Divorced,$116.00,28,103,0,6,Corporate Auto,Corporate L3,1,Branch,$557.28,Four-Door Car,Medsize
FS86064,California,2859.29,No,Basic,Bachelor,2011-02-16,Unemployed,M,$0.00,Suburban,Single,$86.00,0,105,0,1,Personal Auto,Personal L3,1,Branch,$575.44,Four-Door Car,Medsize
UZ14076,California,43341.34,No,Premium,High School or Below,2011-02-16,Employed,F,"$1,20,887.00",Suburban,Married,$359.00,5,24,1,2,Corporate Auto,Corporate L3,3,Agent,"$3,311.41",Luxury SUV,Large
BQ94931,Oregon,9974.04,No,Extended,College,2011-02-17,Employed,F,"$38,896.00",Urban,Married,$126.00,23,9,0,8,Special Auto,Special L2,2,Branch,$574.46,Four-Door Car,Medsize
RB50392,Washington,10581.39,No,Basic,Master,2011-02-17,Unemployed,F,$0.00,Rural,Married,$93.00,12,16,0,2,Personal Auto,Personal L1,2,Agent,$3.65,Four-Door Car,Medsize
WA25797,Washington,11562.44,Yes,Basic,High School or Below,2011-02-17,Employed,M,"$1,29,191.00",Rural,Married,$144.00,39,39,0,9,Personal Auto,Personal L3,2,Agent,$240.31,Sports Car,Medsize
XP47431,Arizona,7384.58,Yes,Extended,Bachelor,2011-02-17,Employed,F,"$73,584.00",Suburban,Married,$186.00,27,15,0,1,Personal Auto,Personal L1,2,Agent,$949.04,SUV,Medsize
AZ62651,Oregon,13434.81,No,Premium,High School or Below,2011-02-17,Employed,M,"$76,754.00",Suburban,Single,$344.00,16,1,0,1,Corporate Auto,Corporate L3,4,Web,"$2,478.60",Luxury SUV,Medsize
ZG48513,California,6354.01,No,Basic,Bachelor,2011-02-17,Unemployed,M,$0.00,Suburban,Single,$97.00,0,116,0,7,Personal Auto,Personal L2,1,Agent,$466.56,Four-Door Car,Medsize
XN11823,Nevada,5082.03,No,Extended,Bachelor,2011-02-17,Employed,F,"$1,25,010.00",Suburban,Single,$127.00,12,65,0,1,Corporate Auto,Corporate L2,3,Web,"$1,137.29",Two-Door Car,Small
UA51318,Arizona,6907.44,No,Basic,High School or Below,2011-02-17,Employed,F,"$35,334.00",Suburban,Single,$92.00,3,14,1,9,Corporate Auto,Corporate L1,2,Web,$607.26,Four-Door Car,Medsize
FS55302,California,3226.47,No,Basic,Bachelor,2011-02-17,Employed,M,"$37,280.00",Suburban,Married,$84.00,26,24,1,1,Personal Auto,Personal L3,3,Call Center,$401.76,Four-Door Car,Medsize
EV19512,Nevada,22007.66,Yes,Extended,Master,2011-02-17,Retired,F,"$26,479.00",Suburban,Married,$115.00,28,43,0,2,Personal Auto,Personal L2,2,Agent,$774.93,Two-Door Car,Medsize
HN57556,California,9845.48,No,Basic,High School or Below,2011-02-17,Unemployed,F,$0.00,Suburban,Single,$88.00,8,61,0,2,Personal Auto,Personal L3,2,Branch,$421.20,Four-Door Car,Medsize
YX89016,Oregon,47156.85,No,Premium,College,2011-02-17,Employed,M,"$47,257.00",Suburban,Married,$398.00,19,62,0,2,Personal Auto,Personal L3,2,Web,"$1,911.60",Luxury Car,Small
UJ79253,Oregon,29498.63,No,Extended,College,2011-02-17,Employed,F,"$68,926.00",Rural,Married,$105.00,36,116,0,2,Personal Auto,Personal L1,3,Branch,$129.35,Four-Door Car,Large
PN21042,Arizona,6127.44,No,Basic,Bachelor,2011-02-17,Employed,M,"$1,11,101.00",Rural,Single,$157.00,7,84,0,1,Personal Auto,Personal L3,1,Call Center,$0.52,Sports Car,Medsize
UN97379,Oregon,3427.15,Yes,Basic,Bachelor,2011-02-17,Retired,M,"$25,121.00",Suburban,Divorced,$96.00,18,32,0,1,Corporate Auto,Corporate L3,2,Web,$460.08,Four-Door Car,Medsize
LY97989,Oregon,3907.23,No,Extended,Bachelor,2011-02-17,Unemployed,F,$0.00,Suburban,Single,$115.00,4,72,0,1,Personal Auto,Personal L3,3,Agent,$550.80,Four-Door Car,Medsize
ZM86949,Oregon,27857.36,No,Basic,High School or Below,2011-02-17,Employed,F,"$1,13,543.00",Suburban,Single,$86.00,0,116,0,2,Personal Auto,Personal L3,1,Branch,$451.45,Two-Door Car,Medsize
BH11344,Oregon,3789.04,No,Basic,Doctor,2011-02-17,Employed,F,"$49,962.00",Rural,Single,$96.00,1,61,0,1,Corporate Auto,Corporate L2,1,Branch,$196.66,Two-Door Car,Medsize
YO15246,Nevada,4717.1,No,Extended,High School or Below,2011-02-17,Employed,M,"$47,251.00",Suburban,Single,$130.00,24,117,3,1,Personal Auto,Personal L2,1,Web,$622.08,Four-Door Car,Small
NF53775,California,4995.52,No,Extended,College,2011-02-17,Retired,F,"$23,702.00",Suburban,Married,$130.00,8,7,0,1,Personal Auto,Personal L2,4,Web,$900.08,Four-Door Car,Medsize
UQ63396,California,10623.73,No,Basic,Bachelor,2011-02-17,Employed,F,"$54,049.00",Rural,Married,$88.00,3,115,0,2,Personal Auto,Personal L3,1,Agent,$65.92,Four-Door Car,Medsize
XO22038,California,7043.64,Yes,Basic,Bachelor,2011-02-17,Employed,F,"$53,803.00",Urban,Divorced,$89.00,8,5,0,7,Corporate Auto,Corporate L2,2,Web,$353.61,Two-Door Car,Medsize
SD62061,Oregon,7844.35,No,Basic,High School or Below,2011-02-17,Employed,F,"$33,561.00",Suburban,Married,$99.00,3,47,0,8,Personal Auto,Personal L2,4,Web,$473.04,Four-Door Car,Large
QB47024,Washington,7963.29,No,Extended,Bachelor,2011-02-17,Employed,F,"$72,897.00",Suburban,Divorced,$105.00,7,51,5,8,Personal Auto,Personal L3,1,Call Center,$559.60,Four-Door Car,Medsize
OP26403,California,6526.98,No,Basic,College,2011-02-17,Employed,F,"$43,223.00",Suburban,Married,$84.00,12,14,2,7,Personal Auto,Personal L1,1,Branch,$401.76,Four-Door Car,Small
ZF28570,Nevada,5258.3,No,Premium,Bachelor,2011-02-17,Employed,M,"$70,687.00",Suburban,Single,$138.00,18,105,0,1,Personal Auto,Personal L3,3,Agent,$872.04,Four-Door Car,Medsize
BK73302,California,4276.65,No,Extended,Bachelor,2011-02-17,Employed,M,"$83,211.00",Suburban,Divorced,$111.00,4,74,2,1,Corporate Auto,Corporate L3,2,Web,$734.86,Four-Door Car,Medsize
FX57380,California,7043.64,Yes,Basic,Bachelor,2011-02-17,Employed,F,"$53,803.00",Urban,Divorced,$89.00,8,5,0,7,Personal Auto,Personal L2,2,Web,$353.61,Two-Door Car,Medsize
BC97773,Nevada,3867.13,No,Basic,Master,2011-02-17,Employed,F,"$1,23,347.00",Suburban,Divorced,$96.00,18,128,0,1,Personal Auto,Personal L1,1,Agent,$533.69,Four-Door Car,Large
WN14473,Arizona,3891.17,No,Basic,Master,2011-02-17,Employed,M,"$1,18,527.00",Urban,Married,$96.00,24,99,0,1,Personal Auto,Personal L3,2,Call Center,$276.01,Two-Door Car,Medsize
RA65645,California,11562.44,Yes,Basic,High School or Below,2011-02-17,Employed,M,"$1,29,191.00",Rural,Married,$144.00,39,39,0,9,Personal Auto,Personal L2,2,Agent,$240.31,Sports Car,Medsize
MH81246,Oregon,10277.81,No,Extended,High School or Below,2011-02-17,Employed,M,"$48,933.00",Urban,Married,$130.00,47,39,0,7,Corporate Auto,Corporate L2,1,Agent,$444.86,Four-Door Car,Medsize
OR85652,Oregon,10027.59,No,Extended,Bachelor,2011-02-17,Employed,F,"$1,05,697.00",Rural,Married,$124.00,8,47,0,3,Personal Auto,Personal L1,4,Agent,$244.55,Four-Door Car,Medsize
XN62489,Oregon,3427.15,Yes,Basic,Bachelor,2011-02-17,Retired,M,"$25,121.00",Suburban,Divorced,$96.00,18,32,0,1,Corporate Auto,Corporate L3,2,Web,$460.08,Four-Door Car,Medsize
LZ89773,California,3141.27,No,Basic,Doctor,2011-02-17,Unemployed,M,$0.00,Suburban,Married,$84.00,35,132,0,1,Personal Auto,Personal L3,3,Agent,$843.36,Four-Door Car,Small
UV88036,Nevada,8944.39,No,Extended,High School or Below,2011-02-17,Unemployed,F,$0.00,Suburban,Married,$119.00,3,58,0,3,Personal Auto,Personal L3,2,Agent,$728.03,Four-Door Car,Medsize
CA47176,Oregon,13057.18,No,Extended,Bachelor,2011-02-17,Disabled,M,"$23,089.00",Suburban,Married,$117.00,32,39,0,2,Personal Auto,Personal L3,1,Branch,$563.76,Two-Door Car,Small
KD52867,Oregon,4518.49,No,Extended,High School or Below,2011-02-17,Employed,F,"$50,136.00",Suburban,Single,$115.00,5,18,0,1,Personal Auto,Personal L2,1,Branch,$826.20,Two-Door Car,Medsize
HZ43637,Arizona,4138.24,No,Extended,College,2011-02-17,Employed,F,"$31,030.00",Suburban,Married,$104.00,5,88,0,1,Special Auto,Special L1,2,Agent,$618.38,Four-Door Car,Small
YI89801,California,3469.82,No,Basic,High School or Below,2011-02-17,Employed,F,"$66,560.00",Suburban,Single,$88.00,38,65,0,1,Corporate Auto,Corporate L2,1,Agent,$421.20,Four-Door Car,Medsize
XS94482,Arizona,5604.75,No,Basic,Master,2011-02-17,Unemployed,F,$0.00,Urban,Single,$82.00,9,96,3,9,Personal Auto,Personal L2,1,Web,$282.01,Two-Door Car,Medsize
HO38996,Oregon,3281.58,No,Basic,High School or Below,2011-02-17,Unemployed,M,$0.00,Suburban,Married,$90.00,1,26,0,1,Special Auto,Special L2,4,Call Center,$434.16,Four-Door Car,Medsize
FA57012,California,8291.65,No,Basic,College,2011-02-17,Unemployed,M,$0.00,Suburban,Single,$246.00,32,61,0,1,Special Auto,Special L2,3,Branch,"$1,769.04",Luxury Car,Small
YT84266,Oregon,6640.54,No,Basic,College,2011-02-17,Employed,M,"$39,496.00",Suburban,Married,$85.00,45,55,0,5,Personal Auto,Personal L1,4,Branch,$408.24,Four-Door Car,Medsize
KC22636,California,7410.06,No,Basic,High School or Below,2011-02-17,Employed,F,"$45,739.00",Rural,Married,$92.00,15,112,0,9,Personal Auto,Personal L3,2,Web,$88.64,Four-Door Car,Large
QH62059,California,6062.31,No,Basic,Bachelor,2011-02-17,Unemployed,M,$0.00,Suburban,Divorced,$86.00,35,15,1,7,Personal Auto,Personal L3,1,Web,$414.72,Four-Door Car,Medsize
YI95434,California,3925.66,No,Basic,College,2011-02-17,Employed,F,"$68,877.00",Suburban,Divorced,$99.00,22,119,0,1,Personal Auto,Personal L3,2,Branch,$473.04,Four-Door Car,Medsize
RR37715,Oregon,11387.49,No,Basic,Bachelor,2011-02-17,Employed,M,"$87,334.00",Suburban,Married,$95.00,23,108,0,2,Corporate Auto,Corporate L3,1,Agent,$453.60,Two-Door Car,Small
CT18212,California,9281.05,No,Extended,Bachelor,2011-02-17,Unemployed,F,$0.00,Suburban,Single,$130.00,47,36,0,6,Personal Auto,Personal L2,4,Agent,$933.12,Four-Door Car,Medsize
CT88432,Arizona,6593.14,No,Basic,Bachelor,2011-02-17,Employed,F,"$79,221.00",Urban,Married,$82.00,32,46,0,4,Corporate Auto,Corporate L3,1,Branch,$279.19,Four-Door Car,Medsize
SZ61347,California,7537.83,No,Extended,College,2011-02-17,Employed,M,"$1,03,851.00",Rural,Married,$186.00,3,62,0,1,Personal Auto,Personal L3,4,Branch,$154.90,SUV,Medsize
MY11682,California,9582.32,No,Basic,Bachelor,2011-02-17,Employed,M,"$50,640.00",Urban,Married,$250.00,19,126,2,1,Personal Auto,Personal L3,3,Call Center,$782.28,Luxury Car,Medsize
AZ64856,California,6814.87,No,Extended,High School or Below,2011-02-17,Employed,F,"$46,510.00",Suburban,Married,$170.00,3,69,0,1,Personal Auto,Personal L1,4,Agent,$816.48,SUV,Large
IU54219,Oregon,22007.66,Yes,Extended,Master,2011-02-17,Retired,F,"$26,479.00",Suburban,Married,$115.00,28,43,0,2,Special Auto,Special L3,2,Agent,$774.93,Two-Door Car,Medsize
CN22369,California,3427.15,Yes,Basic,Bachelor,2011-02-17,Retired,M,"$25,121.00",Suburban,Divorced,$96.00,18,32,0,1,Special Auto,Special L3,2,Web,$460.08,Four-Door Car,Medsize
WI65397,Oregon,10296.87,No,Extended,Bachelor,2011-02-17,Employed,F,"$48,713.00",Rural,Divorced,$134.00,4,12,1,7,Corporate Auto,Corporate L2,1,Agent,$206.25,Two-Door Car,Medsize
MT53449,Arizona,22007.66,Yes,Extended,Master,2011-02-17,Retired,F,"$26,479.00",Suburban,Married,$115.00,28,43,0,2,Personal Auto,Personal L3,2,Agent,$774.93,Two-Door Car,Medsize
XH54129,California,6420.28,No,Premium,High School or Below,2011-02-17,Employed,F,"$97,461.00",Urban,Married,$159.00,1,62,0,1,Personal Auto,Personal L3,4,Branch,$746.07,Four-Door Car,Medsize
YM53951,Oregon,8108.7,No,Extended,College,2011-02-17,Employed,M,"$53,301.00",Urban,Divorced,$104.00,39,65,0,5,Corporate Auto,Corporate L2,1,Agent,$375.18,Four-Door Car,Medsize
AE60813,Oregon,6740.58,No,Basic,College,2011-02-17,Employed,F,"$1,01,372.00",Rural,Married,$85.00,14,90,1,7,Personal Auto,Personal L3,4,Branch,$136.81,Four-Door Car,Medsize
GP39118,Washington,6745.35,No,Basic,High School or Below,2011-02-17,Employed,M,"$96,660.00",Rural,Married,$85.00,23,58,0,7,Personal Auto,Personal L2,2,Call Center,$62.31,Two-Door Car,Medsize
HL84679,Oregon,4566,No,Extended,Bachelor,2011-02-17,Unemployed,F,$0.00,Suburban,Married,$123.00,18,104,0,1,Personal Auto,Personal L3,3,Call Center,$589.68,Four-Door Car,Medsize
CF27806,California,7384.58,Yes,Extended,Bachelor,2011-02-17,Employed,F,"$73,584.00",Suburban,Married,$186.00,27,15,0,1,Personal Auto,Personal L3,2,Agent,$949.04,SUV,Medsize
DC46965,Nevada,7434.78,No,Basic,Master,2011-02-17,Medical Leave,M,"$15,313.00",Rural,Married,$97.00,19,105,0,8,Personal Auto,Personal L3,1,Agent,$208.91,Four-Door Car,Medsize
FC52000,Oregon,5813.86,No,Basic,College,2011-02-17,Employed,F,"$35,535.00",Rural,Married,$150.00,11,127,2,1,Corporate Auto,Corporate L1,3,Branch,$243.47,SUV,Medsize
RX50446,Arizona,11294.05,No,Premium,High School or Below,2011-02-17,Disabled,F,"$36,507.00",Suburban,Divorced,$149.00,23,4,0,7,Personal Auto,Personal L1,2,Branch,"$1,705.49",Four-Door Car,Medsize
GK21260,Oregon,13814.35,No,Extended,Doctor,2011-02-17,Medical Leave,F,"$30,808.00",Suburban,Married,$177.00,35,134,0,3,Personal Auto,Personal L2,4,Call Center,$999.08,SUV,Medsize
VT78222,Oregon,12511.69,No,Basic,Master,2011-02-17,Employed,M,"$75,341.00",Urban,Married,$157.00,42,5,0,7,Personal Auto,Personal L3,2,Call Center,$744.41,SUV,Small
FB17016,Oregon,7384.58,Yes,Extended,Bachelor,2011-02-17,Employed,F,"$73,584.00",Suburban,Married,$186.00,27,15,0,1,Personal Auto,Personal L3,2,Agent,$949.04,SUV,Medsize
NN53003,California,17898.54,No,Basic,College,2011-02-17,Medical Leave,M,"$28,018.00",Suburban,Divorced,$248.00,26,20,0,7,Personal Auto,Personal L3,1,Agent,"$1,788.48",Luxury SUV,Medsize
HG68775,Washington,6083.75,No,Premium,College,2011-02-17,Medical Leave,F,"$20,874.00",Suburban,Married,$155.00,46,24,0,1,Corporate Auto,Corporate L2,1,Web,$826.12,Four-Door Car,Medsize
SI32097,Oregon,9300.98,No,Extended,Bachelor,2011-02-17,Employed,F,"$41,599.00",Suburban,Married,$117.00,11,130,0,3,Personal Auto,Personal L1,2,Branch,$563.76,Four-Door Car,Medsize
SS63511,California,11562.44,Yes,Basic,High School or Below,2011-02-17,Employed,M,"$1,29,191.00",Rural,Married,$144.00,39,39,0,9,Corporate Auto,Corporate L3,2,Agent,$240.31,Sports Car,Medsize
WX49215,Oregon,25021.73,No,Basic,Master,2011-02-17,Medical Leave,M,"$21,808.00",Rural,Married,$84.00,42,61,1,2,Personal Auto,Personal L3,1,Branch,$123.33,Four-Door Car,Medsize
HU41273,Oregon,11562.44,Yes,Basic,High School or Below,2011-02-17,Employed,M,"$1,29,191.00",Rural,Married,$144.00,39,39,0,9,Personal Auto,Personal L2,2,Agent,$240.31,Sports Car,Medsize
WL85494,California,55451.83,No,Extended,College,2011-02-17,Employed,M,"$29,684.00",Suburban,Married,$282.00,16,84,0,2,Personal Auto,Personal L3,2,Branch,"$1,354.32",Luxury Car,Medsize
OY20177,Oregon,9571.07,No,Extended,High School or Below,2011-02-17,Employed,M,"$71,154.00",Suburban,Married,$122.00,45,89,1,6,Corporate Auto,Corporate L3,3,Branch,$583.20,Four-Door Car,Medsize
ZE53116,Arizona,8051.15,No,Basic,High School or Below,2011-02-17,Employed,M,"$1,27,055.00",Suburban,Married,$100.00,38,55,0,8,Personal Auto,Personal L2,3,Call Center,$552.27,Four-Door Car,Small
MN82687,Oregon,7384.58,Yes,Extended,Bachelor,2011-02-17,Employed,F,"$73,584.00",Suburban,Married,$186.00,27,15,0,1,Personal Auto,Personal L3,2,Agent,$949.04,SUV,Medsize
UN49741,Oregon,15014.19,No,Basic,High School or Below,2011-02-17,Employed,M,"$59,804.00",Suburban,Divorced,$143.00,34,103,5,2,Personal Auto,Personal L1,1,Call Center,"$1,018.25",SUV,Medsize
PD94315,Arizona,30046.54,No,Premium,Bachelor,2011-02-17,Disabled,F,"$31,649.00",Suburban,Married,$265.00,9,84,0,2,Corporate Auto,Corporate L3,1,Call Center,"$1,270.08",SUV,Medsize
WF53890,Arizona,7043.64,Yes,Basic,Bachelor,2011-02-17,Employed,F,"$53,803.00",Urban,Divorced,$89.00,8,5,0,7,Personal Auto,Personal L2,2,Web,$353.61,Two-Door Car,Medsize
VS30147,Oregon,29860.4,No,Basic,Master,2011-02-17,Employed,M,"$79,171.00",Urban,Married,$149.00,20,59,0,2,Personal Auto,Personal L2,2,Agent,$577.43,SUV,Medsize
DZ38951,Oregon,8692.64,No,Extended,High School or Below,2011-02-17,Medical Leave,M,"$26,772.00",Suburban,Married,$112.00,11,119,0,7,Personal Auto,Personal L2,1,Agent,$537.84,Four-Door Car,Medsize
PE32165,California,37711.74,No,Basic,High School or Below,2011-02-17,Employed,F,"$1,03,831.00",Rural,Married,$157.00,0,74,2,2,Corporate Auto,Corporate L3,4,Agent,$228.46,Sports Car,Medsize
GX51965,California,11562.44,Yes,Basic,High School or Below,2011-02-17,Employed,M,"$1,29,191.00",Rural,Married,$144.00,39,39,0,9,Personal Auto,Personal L1,2,Agent,$240.31,Sports Car,Medsize
TJ46491,Oregon,8074.14,No,Extended,College,2011-02-17,Employed,F,"$30,977.00",Suburban,Married,$103.00,24,97,0,8,Personal Auto,Personal L3,2,Agent,$509.42,Four-Door Car,Large
AZ36763,Arizona,15976.89,No,Extended,Bachelor,2011-02-17,Unemployed,F,$0.00,Suburban,Single,$115.00,16,50,0,2,Personal Auto,Personal L2,2,Agent,$826.20,Four-Door Car,Medsize
VQ82774,California,22007.66,Yes,Extended,Master,2011-02-17,Retired,F,"$26,479.00",Suburban,Married,$115.00,28,43,0,2,Personal Auto,Personal L2,2,Agent,$774.93,Two-Door Car,Medsize
HH61461,Nevada,13460.87,No,Extended,Bachelor,2011-02-17,Employed,F,"$77,602.00",Suburban,Married,$111.00,5,80,0,2,Personal Auto,Personal L3,1,Branch,$729.10,Four-Door Car,Small
LT24477,California,11617.42,No,Basic,High School or Below,2011-02-17,Employed,M,"$64,245.00",Rural,Married,$147.00,47,59,1,7,Personal Auto,Personal L2,1,Agent,$149.22,SUV,Medsize
MT67399,Nevada,8760.01,No,Extended,Bachelor,2011-02-17,Employed,F,"$1,28,284.00",Urban,Divorced,$109.00,20,16,0,8,Personal Auto,Personal L3,2,Call Center,$367.16,Four-Door Car,Medsize
QR57598,Oregon,6651.54,No,Basic,Bachelor,2011-02-17,Unemployed,M,$0.00,Suburban,Single,$99.00,41,39,0,3,Personal Auto,Personal L1,1,Agent,"$1,015.10",Four-Door Car,Small
JO35068,Nevada,3427.15,Yes,Basic,Bachelor,2011-02-17,Retired,M,"$25,121.00",Suburban,Divorced,$96.00,18,32,0,1,Personal Auto,Personal L2,2,Web,$460.08,Four-Door Car,Medsize
BQ88033,Oregon,57225.16,No,Extended,College,2011-02-17,Employed,M,"$1,11,448.00",Rural,Married,$178.00,8,20,0,2,Personal Auto,Personal L1,1,Branch,$208.91,Sports Car,Medsize
CT51200,Oregon,7791.67,No,Basic,High School or Below,2011-02-17,Employed,F,"$88,707.00",Rural,Divorced,$97.00,45,104,0,3,Corporate Auto,Corporate L3,1,Web,$17.48,Four-Door Car,Medsize
WV53830,Oregon,22007.66,Yes,Extended,Master,2011-02-17,Retired,F,"$26,479.00",Suburban,Married,$115.00,28,43,0,2,Personal Auto,Personal L2,2,Agent,$774.93,Two-Door Car,Medsize
FC46260,California,7043.64,Yes,Basic,Bachelor,2011-02-17,Employed,F,"$53,803.00",Urban,Divorced,$89.00,8,5,0,7,Corporate Auto,Corporate L2,2,Web,$353.61,Two-Door Car,Medsize
DN76322,Oregon,13898.88,No,Extended,College,2011-02-17,Employed,F,"$33,376.00",Suburban,Married,$174.00,27,0,0,5,Corporate Auto,Corporate L1,1,Branch,$835.92,Sports Car,Medsize
BZ85306,California,16004.43,No,Premium,Bachelor,2011-02-17,Unemployed,F,$0.00,Suburban,Single,$230.00,14,100,0,5,Corporate Auto,Corporate L2,3,Web,"$1,657.11",SUV,Medsize
UI36374,Oregon,7384.58,Yes,Extended,Bachelor,2011-02-17,Employed,F,"$73,584.00",Suburban,Married,$186.00,27,15,0,1,Corporate Auto,Corporate L2,2,Agent,$949.04,SUV,Medsize
WI47826,Oregon,6663.12,No,Basic,College,2011-02-17,Employed,F,"$1,29,283.00",Suburban,Married,$82.00,19,108,0,3,Personal Auto,Personal L3,1,Branch,$475.32,Four-Door Car,Medsize
UN69319,Arizona,11930.4,No,Basic,Master,2011-02-17,Employed,M,"$84,074.00",Rural,Single,$153.00,12,92,0,8,Corporate Auto,Corporate L3,3,Call Center,$337.23,SUV,Medsize
SI35064,Washington,12854.26,No,Basic,Bachelor,2011-02-17,Employed,F,"$1,00,687.00",Rural,Married,$159.00,42,27,0,4,Personal Auto,Personal L1,1,Agent,$217.63,SUV,Medsize
WS46887,Washington,27090.99,No,Premium,Bachelor,2011-02-17,Employed,F,"$1,14,973.00",Urban,Single,$136.00,11,109,0,2,Personal Auto,Personal L2,1,Branch,$518.82,Four-Door Car,Medsize
GE45663,Arizona,7043.64,Yes,Basic,Bachelor,2011-02-17,Employed,F,"$53,803.00",Urban,Divorced,$89.00,8,5,0,7,Personal Auto,Personal L3,2,Web,$353.61,Two-Door Car,Medsize
ZX50209,California,14797.26,No,Extended,College,2011-02-17,Employed,F,"$40,250.00",Rural,Single,$128.00,47,24,0,2,Personal Auto,Personal L1,4,Agent,$102.84,Four-Door Car,Medsize
EN27946,California,11328.03,No,Premium,High School or Below,2011-02-17,Employed,M,"$54,285.00",Suburban,Married,$143.00,7,132,2,6,Personal Auto,Personal L2,1,Call Center,$959.50,Two-Door Car,Small
MK93363,Washington,5639.85,No,Basic,Master,2011-02-17,Employed,F,"$39,330.00",Suburban,Married,$140.00,36,103,0,1,Personal Auto,Personal L1,2,Branch,$673.92,Sports Car,Medsize
QK90365,Oregon,22007.66,Yes,Extended,Master,2011-02-17,Retired,F,"$26,479.00",Suburban,Married,$115.00,28,43,0,2,Personal Auto,Personal L3,2,Agent,$774.93,Two-Door Car,Medsize
WO12850,Nevada,6095.85,No,Premium,Bachelor,2011-02-17,Employed,F,"$29,025.00",Rural,Divorced,$155.00,19,59,0,1,Corporate Auto,Corporate L3,3,Agent,$53.04,Four-Door Car,Medsize
FY74419,Nevada,7384.58,Yes,Extended,Bachelor,2011-02-17,Employed,F,"$73,584.00",Suburban,Married,$186.00,27,15,0,1,Personal Auto,Personal L2,2,Agent,$949.04,SUV,Medsize
NX58648,Oregon,7462.91,No,Basic,High School or Below,2011-02-17,Unemployed,F,$0.00,Suburban,Married,$99.00,41,15,0,8,Personal Auto,Personal L3,1,Web,$524.91,Four-Door Car,Medsize
YH31618,Oregon,10060.52,No,Premium,Bachelor,2011-02-17,Unemployed,F,$0.00,Suburban,Single,$142.00,36,57,0,4,Corporate Auto,Corporate L1,1,Branch,$680.40,Two-Door Car,Medsize
EK71077,California,15538.99,No,Basic,Bachelor,2011-02-17,Unemployed,F,$0.00,Suburban,Married,$82.00,15,53,0,2,Corporate Auto,Corporate L1,3,Agent,$592.92,Four-Door Car,Medsize
GD29440,Washington,3427.15,Yes,Basic,Bachelor,2011-02-17,Retired,M,"$25,121.00",Suburban,Divorced,$96.00,18,32,0,1,Personal Auto,Personal L3,2,Web,$460.08,Four-Door Car,Medsize
HW85007,Oregon,14663.31,No,Extended,Bachelor,2011-02-17,Employed,M,"$87,404.00",Rural,Divorced,$188.00,7,46,0,5,Personal Auto,Personal L3,4,Agent,$55.77,SUV,Medsize
SY93381,California,4855.72,No,Extended,College,2011-02-17,Employed,F,"$41,437.00",Suburban,Married,$123.00,30,31,1,1,Personal Auto,Personal L3,1,Agent,$589.68,Four-Door Car,Small
JJ57298,Oregon,25156.88,No,Extended,College,2011-02-17,Unemployed,M,$0.00,Suburban,Single,$188.00,22,45,0,2,Corporate Auto,Corporate L3,1,Call Center,"$1,439.95",SUV,Medsize
ZH55575,California,7043.64,Yes,Basic,Bachelor,2011-02-17,Employed,F,"$53,803.00",Urban,Divorced,$89.00,8,5,0,7,Corporate Auto,Corporate L3,2,Web,$353.61,Two-Door Car,Medsize
DA20472,California,11562.44,Yes,Basic,High School or Below,2011-02-17,Employed,M,"$1,29,191.00",Rural,Married,$144.00,39,39,0,9,Personal Auto,Personal L3,2,Agent,$240.31,Sports Car,Medsize
VG68427,Arizona,7571.01,No,Basic,High School or Below,2011-02-17,Employed,M,"$1,10,584.00",Urban,Married,$95.00,8,45,0,6,Corporate Auto,Corporate L2,4,Branch,$268.32,Four-Door Car,Medsize
YT43943,California,3281.68,No,Basic,High School or Below,2011-02-17,Employed,F,"$38,443.00",Suburban,Divorced,$84.00,4,103,0,1,Personal Auto,Personal L3,2,Agent,$401.76,Four-Door Car,Medsize
OO89057,California,5419.35,No,Extended,Master,2011-02-17,Employed,F,"$72,973.00",Rural,Married,$134.00,9,74,0,1,Personal Auto,Personal L2,2,Branch,$7.64,Four-Door Car,Medsize
EE34821,California,23849.86,No,Basic,Bachelor,2011-02-17,Unemployed,F,$0.00,Suburban,Single,$100.00,8,124,0,2,Corporate Auto,Corporate L1,1,Web,$479.52,Two-Door Car,Large
DL45122,California,4495.35,No,Extended,Bachelor,2011-02-17,Employed,M,"$1,02,001.00",Suburban,Married,$113.00,32,105,0,1,Corporate Auto,Corporate L3,2,Agent,$673.55,Four-Door Car,Small
PU33703,California,3287.68,No,Basic,College,2011-02-17,Employed,F,"$59,023.00",Suburban,Married,$82.00,7,113,0,1,Personal Auto,Personal L2,2,Branch,$395.28,Four-Door Car,Small
FO36473,California,5802.81,No,Basic,Bachelor,2011-02-17,Employed,F,"$42,409.00",Suburban,Married,$157.00,0,92,4,1,Personal Auto,Personal L3,1,Call Center,$751.68,SUV,Medsize
QZ71100,California,25970.89,No,Basic,Bachelor,2011-02-17,Unemployed,M,$0.00,Suburban,Single,$265.00,42,105,0,2,Corporate Auto,Corporate L1,2,Call Center,"$2,824.91",Luxury Car,Medsize
UA73107,California,3427.15,Yes,Basic,Bachelor,2011-02-17,Retired,M,"$25,121.00",Suburban,Divorced,$96.00,18,32,0,1,Corporate Auto,Corporate L3,2,Web,$460.08,Four-Door Car,Medsize
II32272,California,34277.24,No,Extended,High School or Below,2011-02-17,Disabled,F,"$26,135.00",Suburban,Married,$174.00,0,84,0,2,Personal Auto,Personal L3,4,Call Center,"$1,253.88",Sports Car,Medsize
SO42230,California,9620.46,No,Extended,Master,2011-02-17,Medical Leave,F,"$30,362.00",Rural,Married,$122.00,11,130,0,8,Personal Auto,Personal L3,1,Agent,$119.83,Two-Door Car,Large
EP10645,California,25215.1,No,Extended,College,2011-02-17,Unemployed,M,$0.00,Suburban,Married,$116.00,23,19,0,2,Personal Auto,Personal L2,1,Agent,$727.18,Four-Door Car,Medsize
FB71914,California,40776.77,No,Extended,College,2011-02-17,Unemployed,M,$0.00,Suburban,Married,$120.00,9,5,0,2,Personal Auto,Personal L2,3,Agent,$633.64,Four-Door Car,Medsize
IK44574,California,7571.91,No,Basic,Bachelor,2011-02-17,Employed,M,"$38,452.00",Suburban,Married,$97.00,24,124,0,5,Corporate Auto,Corporate L2,3,Agent,$466.56,Four-Door Car,Medsize
BC64697,California,15746.38,No,Premium,College,2011-02-17,Unemployed,F,$0.00,Suburban,Married,$144.00,16,46,0,2,Personal Auto,Personal L3,3,Call Center,$693.36,Four-Door Car,Small
VF72557,Oregon,6443.47,Yes,Extended,High School or Below,2011-02-18,Retired,M,"$28,341.00",Suburban,Divorced,$180.00,47,122,0,1,Personal Auto,Personal L3,2,Agent,$861.84,SUV,Medsize
IU25463,California,16541.01,No,Premium,Bachelor,2011-02-18,Unemployed,F,$0.00,Suburban,Married,$155.00,16,23,1,2,Personal Auto,Personal L2,1,Agent,$745.20,Four-Door Car,Medsize
PD33979,Oregon,6604.79,No,Basic,High School or Below,2011-02-18,Employed,M,"$29,307.00",Suburban,Married,$84.00,38,23,0,3,Personal Auto,Personal L2,2,Branch,$551.31,Four-Door Car,Large
GY55092,Nevada,6443.47,Yes,Extended,High School or Below,2011-02-18,Retired,M,"$28,341.00",Suburban,Divorced,$180.00,47,122,0,1,Personal Auto,Personal L3,2,Agent,$861.84,SUV,Medsize
AH84063,Oregon,6371.26,No,Extended,College,2011-02-18,Employed,F,"$1,21,017.00",Rural,Married,$163.00,15,27,4,1,Corporate Auto,Corporate L3,3,Call Center,$116.53,SUV,Medsize
DJ91267,Nevada,39273.17,No,Extended,Bachelor,2011-02-18,Employed,F,"$46,205.00",Rural,Married,$329.00,39,30,0,2,Personal Auto,Personal L3,1,Agent,$667.43,Luxury SUV,Small
RX24650,Oregon,6443.47,Yes,Extended,High School or Below,2011-02-18,Retired,M,"$28,341.00",Suburban,Divorced,$180.00,47,122,0,1,Corporate Auto,Corporate L3,2,Agent,$861.84,SUV,Medsize
FY13480,California,8473.97,No,Extended,High School or Below,2011-02-18,Unemployed,M,$0.00,Suburban,Single,$119.00,41,26,0,4,Personal Auto,Personal L3,1,Web,$855.36,Four-Door Car,Medsize
QK31192,Arizona,5506.83,No,Premium,High School or Below,2011-02-18,Unemployed,M,$0.00,Suburban,Married,$154.00,16,58,0,1,Corporate Auto,Corporate L2,4,Branch,$852.02,Two-Door Car,Medsize
UV12583,California,6345.79,No,Basic,College,2011-02-18,Employed,F,"$1,03,537.00",Suburban,Married,$158.00,46,31,0,1,Personal Auto,Personal L1,4,Agent,$758.16,SUV,Medsize
BG84194,Oregon,5450.63,No,Basic,College,2011-02-18,Employed,M,"$1,22,526.00",Rural,Married,$139.00,7,9,2,1,Special Auto,Special L3,2,Branch,$180.19,SUV,Medsize
EB59129,Oregon,3504.26,No,Basic,Bachelor,2011-02-18,Employed,F,"$63,766.00",Rural,Married,$88.00,15,46,0,1,Personal Auto,Personal L2,1,Agent,$21.10,Four-Door Car,Medsize
MB83663,Oregon,12956.59,No,Extended,Bachelor,2011-02-18,Employed,F,"$52,294.00",Suburban,Divorced,$109.00,9,47,0,2,Personal Auto,Personal L3,1,Call Center,$757.91,Two-Door Car,Small
TY26512,California,4638.78,Yes,Extended,Doctor,2011-02-18,Employed,M,"$41,603.00",Rural,Divorced,$119.00,34,58,0,1,Personal Auto,Personal L3,2,Branch,$123.98,Four-Door Car,Medsize
PU41393,Nevada,11163.25,No,Basic,College,2011-02-18,Medical Leave,M,"$27,304.00",Suburban,Married,$154.00,36,86,1,6,Special Auto,Special L2,3,Call Center,$738.72,SUV,Small
QO86948,Nevada,10896.73,No,Basic,High School or Below,2011-02-18,Unemployed,M,$0.00,Suburban,Single,$151.00,4,113,0,7,Personal Auto,Personal L3,1,Web,"$1,088.64",SUV,Small
VC83809,California,4638.78,Yes,Extended,Doctor,2011-02-18,Employed,M,"$41,603.00",Rural,Divorced,$119.00,34,58,0,1,Personal Auto,Personal L3,2,Branch,$123.98,Four-Door Car,Medsize
KI55845,Oregon,18470.31,No,Basic,College,2011-02-18,Employed,F,"$75,044.00",Suburban,Married,$154.00,20,54,0,2,Personal Auto,Personal L2,1,Branch,$738.72,SUV,Medsize
DO41287,Oregon,11173.2,No,Extended,High School or Below,2011-02-18,Unemployed,M,$0.00,Suburban,Single,$111.00,39,124,0,2,Personal Auto,Personal L2,3,Branch,$797.04,Four-Door Car,Medsize
LG64797,California,23927.08,No,Extended,College,2011-02-18,Employed,F,"$34,791.00",Suburban,Married,$300.00,28,78,0,4,Personal Auto,Personal L1,1,Branch,"$1,692.88",Luxury SUV,Medsize
HF96939,Oregon,4220.47,No,Extended,High School or Below,2011-02-18,Employed,M,"$46,589.00",Suburban,Divorced,$109.00,0,73,0,1,Personal Auto,Personal L3,2,Agent,$524.88,Four-Door Car,Small
XQ19793,Arizona,6443.47,Yes,Extended,High School or Below,2011-02-18,Retired,M,"$28,341.00",Suburban,Divorced,$180.00,47,122,0,1,Personal Auto,Personal L3,2,Agent,$861.84,SUV,Medsize
MA47641,Oregon,14052.11,Yes,Basic,High School or Below,2011-02-18,Retired,M,"$27,308.00",Suburban,Divorced,$136.00,4,58,1,2,Personal Auto,Personal L3,1,Branch,$707.15,SUV,Medsize
TX98128,California,18716.92,No,Basic,College,2011-02-18,Unemployed,F,$0.00,Suburban,Single,$100.00,5,16,4,2,Personal Auto,Personal L1,1,Agent,$784.20,Four-Door Car,Large
FI45719,Arizona,3385,No,Basic,Doctor,2011-02-18,Employed,M,"$44,406.00",Urban,Married,$85.00,18,19,0,1,Personal Auto,Personal L3,3,Agent,$235.02,Four-Door Car,Medsize
JN72184,Oregon,3452.08,No,Basic,College,2011-02-18,Unemployed,M,$0.00,Suburban,Divorced,$99.00,41,11,0,1,Corporate Auto,Corporate L1,1,Branch,$709.56,Four-Door Car,Medsize
NV14535,Nevada,14052.11,Yes,Basic,High School or Below,2011-02-18,Retired,M,"$27,308.00",Suburban,Divorced,$136.00,4,58,1,2,Personal Auto,Personal L2,1,Branch,$707.15,SUV,Medsize
OU53351,Arizona,3356.19,No,Basic,College,2011-02-18,Employed,M,"$49,457.00",Suburban,Married,$85.00,27,38,0,1,Corporate Auto,Corporate L2,4,Agent,$408.24,Four-Door Car,Small
LX99948,Washington,6114.23,No,Basic,Master,2011-02-18,Employed,F,"$87,931.00",Urban,Married,$151.00,38,65,0,1,Personal Auto,Personal L2,4,Branch,$714.35,SUV,Small
BY22068,Arizona,32333.01,No,Extended,High School or Below,2011-02-18,Employed,M,"$53,102.00",Suburban,Married,$271.00,0,15,0,2,Corporate Auto,Corporate L1,4,Agent,"$1,302.48",Luxury SUV,Medsize
XR84971,Oregon,31746.4,No,Extended,Doctor,2011-02-18,Employed,F,"$49,325.00",Rural,Single,$115.00,26,5,0,2,Personal Auto,Personal L1,1,Web,$223.17,Four-Door Car,Medsize
TP61305,California,8184.3,No,Extended,High School or Below,2011-02-18,Unemployed,M,$0.00,Suburban,Single,$113.00,1,127,0,5,Personal Auto,Personal L3,1,Web,$816.48,Four-Door Car,Medsize
NX31380,Arizona,9577.13,No,Extended,Bachelor,2011-02-18,Employed,F,"$31,093.00",Suburban,Married,$120.00,41,30,0,7,Corporate Auto,Corporate L1,1,Branch,$576.72,Four-Door Car,Medsize
CJ31839,California,3860.36,No,Basic,Bachelor,2011-02-18,Employed,M,"$1,34,974.00",Urban,Married,$96.00,3,30,0,1,Special Auto,Special L2,2,Web,$276.58,Four-Door Car,Small
FL67726,Washington,14052.11,Yes,Basic,High School or Below,2011-02-18,Retired,M,"$27,308.00",Suburban,Divorced,$136.00,4,58,1,2,Personal Auto,Personal L3,1,Branch,$707.15,SUV,Medsize
RW51650,Oregon,11640.83,Yes,Basic,Bachelor,2011-02-18,Employed,M,"$1,31,437.00",Suburban,Single,$99.00,8,115,0,2,Personal Auto,Personal L2,1,Agent,$473.04,Four-Door Car,Medsize
QR15592,Arizona,7641.18,No,Basic,Bachelor,2011-02-18,Employed,F,"$80,441.00",Rural,Divorced,$97.00,8,95,0,3,Personal Auto,Personal L1,2,Branch,$123.12,Four-Door Car,Medsize
RL59810,Oregon,6936.1,No,Basic,College,2011-02-18,Employed,F,"$1,05,921.00",Urban,Married,$86.00,4,126,0,4,Personal Auto,Personal L3,3,Agent,$274.82,Four-Door Car,Medsize
II37789,Arizona,13505.44,No,Extended,College,2011-02-18,Unemployed,F,$0.00,Suburban,Single,$127.00,9,5,0,2,Corporate Auto,Corporate L3,1,Branch,"$1,089.68",Four-Door Car,Large
HP46467,Oregon,6686.67,No,Extended,College,2011-02-18,Employed,F,"$28,870.00",Suburban,Divorced,$171.00,19,50,0,1,Corporate Auto,Corporate L2,3,Web,$822.96,SUV,Large
LS90887,California,7660.41,No,Basic,Bachelor,2011-02-18,Employed,F,"$35,404.00",Urban,Married,$97.00,24,34,1,7,Special Auto,Special L2,2,Web,$433.05,Four-Door Car,Medsize
IG62421,Nevada,4638.78,Yes,Extended,Doctor,2011-02-18,Employed,M,"$41,603.00",Rural,Divorced,$119.00,34,58,0,1,Personal Auto,Personal L2,2,Branch,$123.98,Four-Door Car,Medsize
LR33381,Nevada,29756.51,No,Basic,Doctor,2011-02-18,Unemployed,M,$0.00,Suburban,Married,$88.00,15,20,0,2,Personal Auto,Personal L3,3,Agent,$421.20,Four-Door Car,Small
RF14806,Arizona,4179.33,No,Extended,College,2011-02-18,Employed,F,"$45,110.00",Suburban,Divorced,$105.00,20,59,0,1,Personal Auto,Personal L3,2,Branch,$505.44,Four-Door Car,Medsize
HE15857,Washington,8351.46,No,Extended,Bachelor,2011-02-18,Employed,M,"$50,136.00",Suburban,Single,$112.00,16,1,2,9,Personal Auto,Personal L3,1,Call Center,$563.33,Two-Door Car,Medsize
WV57813,Oregon,6929.12,No,Basic,Bachelor,2011-02-18,Unemployed,F,$0.00,Suburban,Single,$99.00,28,42,0,3,Personal Auto,Personal L2,1,Branch,$709.56,Four-Door Car,Medsize
NJ15094,Washington,7217.09,No,Basic,Bachelor,2011-02-18,Unemployed,F,$0.00,Suburban,Married,$97.00,8,90,0,8,Personal Auto,Personal L3,1,Agent,$466.56,Four-Door Car,Medsize
TI19722,Washington,4638.78,Yes,Extended,Doctor,2011-02-18,Employed,M,"$41,603.00",Rural,Divorced,$119.00,34,58,0,1,Corporate Auto,Corporate L2,2,Branch,$123.98,Four-Door Car,Medsize
SM58898,California,23252.25,No,Basic,High School or Below,2011-02-18,Employed,F,"$1,15,260.00",Suburban,Married,$144.00,9,5,0,2,Corporate Auto,Corporate L1,4,Call Center,$693.36,SUV,Medsize
DK49336,Arizona,6492.44,No,Basic,College,2011-02-18,Employed,M,"$64,839.00",Suburban,Married,$82.00,9,70,0,9,Corporate Auto,Corporate L3,3,Agent,$395.28,Four-Door Car,Medsize
SA54664,Washington,3583.41,No,Basic,Master,2011-02-18,Employed,M,"$98,815.00",Rural,Married,$89.00,0,126,1,1,Personal Auto,Personal L2,2,Web,$115.84,Four-Door Car,Large
JP82211,California,45728.79,No,Basic,College,2011-02-18,Employed,F,"$80,654.00",Urban,Married,$142.00,1,107,0,2,Personal Auto,Personal L2,1,Agent,$643.26,SUV,Small
GW25077,Oregon,7146.05,No,Extended,Bachelor,2011-02-18,Employed,F,"$52,003.00",Urban,Married,$181.00,20,96,0,1,Personal Auto,Personal L2,1,Branch,$752.20,SUV,Medsize
ZI48518,Nevada,5253.64,No,Basic,High School or Below,2011-02-18,Unemployed,F,$0.00,Suburban,Married,$139.00,11,47,0,1,Personal Auto,Personal L2,1,Web,$753.68,Sports Car,Medsize
ET80689,California,11760.26,No,Basic,College,2011-02-18,Employed,M,"$1,25,018.00",Urban,Married,$147.00,35,101,0,3,Special Auto,Special L3,2,Branch,$388.04,SUV,Medsize
JI11950,California,6613.96,No,Basic,High School or Below,2011-02-18,Unemployed,F,$0.00,Suburban,Married,$85.00,28,105,0,7,Personal Auto,Personal L3,1,Agent,$408.24,Two-Door Car,Medsize
SX25962,Arizona,20324.98,No,Basic,College,2011-02-18,Employed,M,"$1,12,432.00",Rural,Single,$261.00,15,62,1,3,Personal Auto,Personal L2,3,Branch,$369.50,Luxury Car,Medsize
GT97121,California,29791.43,No,Extended,College,2011-02-18,Disabled,M,"$21,599.00",Suburban,Married,$112.00,3,58,0,2,Personal Auto,Personal L3,2,Branch,$537.84,Four-Door Car,Medsize
KL58949,California,7530.22,No,Basic,Bachelor,2011-02-18,Employed,M,"$94,757.00",Rural,Single,$96.00,27,30,0,3,Corporate Auto,Corporate L3,1,Agent,$20.48,Two-Door Car,Medsize
HC80108,California,3785.13,No,Basic,College,2011-02-18,Employed,F,"$59,096.00",Urban,Married,$95.00,4,57,0,1,Personal Auto,Personal L3,2,Call Center,$419.51,Four-Door Car,Medsize
PR59105,Oregon,11522.4,No,Basic,High School or Below,2011-02-18,Employed,F,"$71,851.00",Urban,Divorced,$97.00,12,0,0,2,Personal Auto,Personal L3,1,Agent,$404.71,Four-Door Car,Large
JE98863,Arizona,5279.44,No,Extended,Bachelor,2011-02-18,Employed,F,"$79,263.00",Suburban,Married,$132.00,11,5,0,1,Special Auto,Special L1,1,Agent,$635.04,Four-Door Car,Small
BI27443,Arizona,6610.36,No,Extended,College,2011-02-18,Employed,F,"$49,178.00",Urban,Divorced,$167.00,46,27,0,1,Personal Auto,Personal L1,2,Agent,$755.21,SUV,Medsize
HQ41200,Oregon,10766.18,No,Premium,College,2011-02-18,Employed,F,"$35,259.00",Suburban,Divorced,$136.00,41,3,0,9,Personal Auto,Personal L3,1,Agent,$654.48,Four-Door Car,Medsize
GH49378,California,6830.09,No,Basic,Bachelor,2011-02-18,Employed,F,"$90,951.00",Rural,Married,$85.00,34,19,0,3,Personal Auto,Personal L3,2,Web,$116.91,Four-Door Car,Medsize
DA74095,Arizona,8238.11,No,Premium,Bachelor,2011-02-18,Employed,F,"$57,780.00",Suburban,Married,$207.00,5,15,1,1,Personal Auto,Personal L3,1,Call Center,$991.44,Sports Car,Medsize
GS76685,California,14052.11,Yes,Basic,High School or Below,2011-02-18,Retired,M,"$27,308.00",Suburban,Divorced,$136.00,4,58,1,2,Corporate Auto,Corporate L3,1,Branch,$707.15,SUV,Medsize
AU45793,Arizona,4638.78,Yes,Extended,Doctor,2011-02-18,Employed,M,"$41,603.00",Rural,Divorced,$119.00,34,58,0,1,Corporate Auto,Corporate L3,2,Branch,$123.98,Four-Door Car,Medsize
SN58128,Oregon,14035.32,No,Extended,College,2011-02-18,Employed,F,"$47,180.00",Urban,Married,$176.00,27,20,0,7,Personal Auto,Personal L1,4,Branch,$599.11,SUV,Small
GA49547,Washington,7240.15,No,Basic,High School or Below,2011-02-18,Employed,M,"$49,082.00",Rural,Married,$92.00,38,130,0,6,Personal Auto,Personal L3,1,Branch,$23.31,Four-Door Car,Medsize
NR66922,Oregon,15286.53,No,Extended,Master,2011-02-18,Employed,M,"$1,32,643.00",Rural,Married,$127.00,31,15,3,2,Corporate Auto,Corporate L3,3,Agent,$310.11,Four-Door Car,Medsize
RI40862,Nevada,7523.69,No,Basic,College,2011-02-18,Employed,M,"$1,15,700.00",Urban,Married,$93.00,28,113,0,7,Personal Auto,Personal L3,1,Agent,$439.28,Four-Door Car,Small
XB97091,Arizona,50278.9,No,Basic,High School or Below,2011-02-18,Employed,F,"$72,363.00",Urban,Married,$155.00,20,81,0,2,Personal Auto,Personal L1,1,Web,$398.70,Sports Car,Medsize
DY22077,Arizona,11640.83,Yes,Basic,Bachelor,2011-02-18,Employed,M,"$1,31,437.00",Suburban,Single,$99.00,8,115,0,2,Corporate Auto,Corporate L2,1,Agent,$473.04,Four-Door Car,Medsize
YG98004,Oregon,17095.86,No,Premium,Master,2011-02-18,Employed,F,"$37,448.00",Rural,Married,$140.00,22,30,0,2,Corporate Auto,Corporate L3,1,Agent,$4.32,Four-Door Car,Medsize
WY41435,Nevada,16146.64,No,Extended,College,2011-02-18,Employed,F,"$70,789.00",Rural,Single,$103.00,4,51,0,2,Personal Auto,Personal L3,4,Web,$147.79,Four-Door Car,Medsize
XO75323,California,5354.27,No,Basic,College,2011-02-18,Employed,M,"$97,793.00",Suburban,Married,$135.00,7,30,1,1,Personal Auto,Personal L2,2,Web,$648.00,SUV,Medsize
KG40352,Oregon,7353.72,No,Basic,College,2011-02-18,Employed,F,"$92,900.00",Rural,Married,$92.00,39,50,0,3,Personal Auto,Personal L2,4,Branch,$154.90,Four-Door Car,Small
OW83209,Nevada,11261.61,No,Basic,Bachelor,2011-02-18,Employed,M,"$40,964.00",Urban,Divorced,$144.00,39,107,0,9,Personal Auto,Personal L3,1,Branch,$462.82,SUV,Medsize
CW80905,Nevada,12437.03,No,Basic,High School or Below,2011-02-18,Employed,M,"$95,793.00",Rural,Married,$155.00,1,77,0,7,Personal Auto,Personal L2,1,Agent,$155.79,Sports Car,Medsize
JO90877,Washington,3874.5,No,Basic,Bachelor,2011-02-18,Employed,F,"$95,815.00",Suburban,Married,$96.00,20,0,0,1,Personal Auto,Personal L3,1,Agent,$460.08,Four-Door Car,Large
MJ45965,Oregon,10880.86,No,Basic,High School or Below,2011-02-18,Employed,M,"$97,617.00",Urban,Single,$92.00,4,69,0,2,Personal Auto,Personal L3,4,Branch,$330.38,Four-Door Car,Medsize
TM13014,California,3286.02,No,Basic,Bachelor,2011-02-18,Unemployed,M,$0.00,Urban,Married,$92.00,38,88,0,1,Personal Auto,Personal L2,3,Branch,$366.51,Four-Door Car,Medsize
SA45648,California,14347.89,No,Extended,Bachelor,2011-02-18,Employed,M,"$1,22,680.00",Urban,Married,$185.00,24,38,4,3,Personal Auto,Personal L3,1,Call Center,$620.71,SUV,Medsize
WZ83320,Arizona,12232.43,No,Premium,Master,2011-02-18,Employed,F,"$99,733.00",Urban,Married,$151.00,26,96,0,8,Personal Auto,Personal L1,3,Web,$566.06,Four-Door Car,Medsize
HS66275,California,4534.19,No,Extended,High School or Below,2011-02-18,Employed,F,"$1,04,367.00",Suburban,Married,$112.00,30,8,0,1,Personal Auto,Personal L2,4,Agent,$805.03,Two-Door Car,Small
EM29019,Arizona,11404.65,No,Basic,Bachelor,2011-02-18,Employed,F,"$82,805.00",Rural,Married,$142.00,47,62,0,9,Personal Auto,Personal L2,1,Call Center,$3.43,SUV,Medsize
GE43335,Nevada,5426.17,No,Basic,College,2011-02-18,Unemployed,M,$0.00,Suburban,Divorced,$159.00,3,65,0,1,Personal Auto,Personal L1,1,Branch,$764.64,SUV,Large
ED13353,Oregon,7120.17,No,Basic,High School or Below,2011-02-18,Medical Leave,M,"$14,349.00",Suburban,Single,$100.00,23,20,0,8,Personal Auto,Personal L3,4,Web,$719.28,Four-Door Car,Small
PU21485,Arizona,15063.47,No,Premium,Bachelor,2011-02-18,Unemployed,F,$0.00,Suburban,Single,$217.00,26,96,0,9,Corporate Auto,Corporate L3,1,Call Center,"$1,564.92",SUV,Small
LK70293,Nevada,24021.37,No,Premium,High School or Below,2011-02-18,Unemployed,F,$0.00,Suburban,Married,$159.00,35,58,0,2,Personal Auto,Personal L3,1,Web,"$1,510.64",Four-Door Car,Large
XH20787,California,3441.26,No,Basic,College,2011-02-18,Employed,M,"$71,523.00",Urban,Married,$86.00,45,126,0,1,Personal Auto,Personal L2,1,Branch,$259.13,Four-Door Car,Large
QF17193,Arizona,3225.57,No,Basic,College,2011-02-18,Employed,F,"$27,653.00",Urban,Married,$82.00,4,120,0,1,Personal Auto,Personal L3,2,Agent,$244.64,Four-Door Car,Medsize
BR69566,Oregon,18926.77,No,Basic,College,2011-02-18,Employed,M,"$42,848.00",Suburban,Divorced,$96.00,14,39,0,2,Personal Auto,Personal L3,4,Call Center,$634.34,Two-Door Car,Small
BE31382,Oregon,5091.68,No,Basic,College,2011-02-18,Unemployed,F,$0.00,Suburban,Married,$139.00,34,22,1,1,Personal Auto,Personal L3,1,Branch,$925.06,SUV,Medsize
PU73501,Arizona,11640.83,Yes,Basic,Bachelor,2011-02-18,Employed,M,"$1,31,437.00",Suburban,Single,$99.00,8,115,0,2,Personal Auto,Personal L1,1,Agent,$473.04,Four-Door Car,Medsize
WK65741,California,3906.64,No,Basic,High School or Below,2011-02-18,Employed,F,"$83,442.00",Urban,Married,$97.00,12,28,0,1,Personal Auto,Personal L2,3,Agent,$442.81,Two-Door Car,Medsize
TN29644,California,10179.07,No,Extended,College,2011-02-18,Employed,F,"$90,474.00",Rural,Married,$127.00,15,23,0,4,Personal Auto,Personal L1,2,Agent,$140.98,Four-Door Car,Medsize
WC83676,Nevada,3782.11,No,Basic,College,2011-02-18,Employed,M,"$44,883.00",Urban,Married,$97.00,35,63,0,1,Special Auto,Special L3,2,Web,$384.69,Four-Door Car,Medsize
WK24299,California,6443.47,Yes,Extended,High School or Below,2011-02-18,Retired,M,"$28,341.00",Suburban,Divorced,$180.00,47,122,0,1,Personal Auto,Personal L3,2,Agent,$861.84,SUV,Medsize
KW31376,Oregon,18742.49,No,Basic,High School or Below,2011-02-18,Unemployed,F,$0.00,Suburban,Single,$266.00,4,115,0,9,Corporate Auto,Corporate L3,2,Agent,"$1,914.84",Luxury Car,Large
GT14584,Oregon,5565.47,No,Basic,College,2011-02-18,Employed,F,"$1,01,617.00",Rural,Married,$139.00,30,14,0,1,Personal Auto,Personal L2,4,Call Center,$96.72,SUV,Medsize
NN66592,California,7996.75,No,Basic,Bachelor,2011-02-18,Employed,M,"$99,573.00",Urban,Married,$100.00,32,117,0,7,Personal Auto,Personal L2,3,Branch,$407.11,Four-Door Car,Medsize
AY43037,Oregon,19857.14,No,Basic,High School or Below,2011-02-18,Employed,M,"$49,505.00",Suburban,Single,$255.00,41,59,0,3,Corporate Auto,Corporate L3,1,Branch,"$1,224.72",Luxury Car,Medsize
TK38732,Oregon,6579.02,No,Extended,High School or Below,2011-02-18,Employed,M,"$64,562.00",Urban,Married,$174.00,11,76,3,1,Personal Auto,Personal L2,4,Agent,$737.16,SUV,Medsize
MX97096,Nevada,3586.31,No,Extended,College,2011-02-18,Unemployed,F,$0.00,Suburban,Single,$105.00,31,126,1,1,Personal Auto,Personal L2,1,Branch,$505.44,Four-Door Car,Medsize
JD19036,Arizona,21952.58,No,Extended,Master,2011-02-18,Employed,F,"$56,256.00",Urban,Single,$184.00,20,41,0,2,Personal Auto,Personal L1,1,Agent,$770.02,SUV,Medsize
VA65117,Oregon,10307.82,No,Basic,High School or Below,2011-02-18,Unemployed,M,$0.00,Suburban,Single,$149.00,0,89,0,7,Personal Auto,Personal L1,1,Branch,"$1,537.23",SUV,Medsize
FL55134,Nevada,14052.11,Yes,Basic,High School or Below,2011-02-18,Retired,M,"$27,308.00",Suburban,Divorced,$136.00,4,58,1,2,Personal Auto,Personal L3,1,Branch,$707.15,SUV,Medsize
RX25695,Arizona,30673.68,No,Extended,Bachelor,2011-02-18,Employed,M,"$36,315.00",Suburban,Married,$131.00,9,28,1,2,Personal Auto,Personal L3,4,Call Center,$628.56,Four-Door Car,Medsize
RA91280,Arizona,4638.78,Yes,Extended,Doctor,2011-02-18,Employed,M,"$41,603.00",Rural,Divorced,$119.00,34,58,0,1,Personal Auto,Personal L1,2,Branch,$123.98,Four-Door Car,Medsize
WY58284,California,11640.83,Yes,Basic,Bachelor,2011-02-18,Employed,M,"$1,31,437.00",Suburban,Single,$99.00,8,115,0,2,Personal Auto,Personal L2,1,Agent,$473.04,Four-Door Car,Medsize
XB27698,Oregon,11640.83,Yes,Basic,Bachelor,2011-02-18,Employed,M,"$1,31,437.00",Suburban,Single,$99.00,8,115,0,2,Personal Auto,Personal L1,1,Agent,$473.04,Four-Door Car,Medsize
EG36536,Arizona,11469.69,No,Basic,Bachelor,2011-02-18,Employed,M,"$32,442.00",Suburban,Divorced,$147.00,0,97,0,7,Personal Auto,Personal L2,1,Web,$706.32,Sports Car,Small
LK73001,California,12088.49,No,Premium,College,2011-02-18,Employed,M,"$46,729.00",Suburban,Married,$154.00,8,12,0,3,Personal Auto,Personal L3,3,Branch,$738.72,Four-Door Car,Small
AM79057,Oregon,3088.69,No,Basic,Bachelor,2011-02-18,Employed,F,"$93,182.00",Urban,Married,$82.00,36,43,5,1,Personal Auto,Personal L2,2,Web,$322.02,Four-Door Car,Medsize
EV66951,Nevada,18944,No,Basic,Master,2011-02-18,Unemployed,M,$0.00,Suburban,Married,$258.00,19,127,1,8,Corporate Auto,Corporate L3,2,Web,"$1,237.68",Luxury Car,Medsize
TO37423,Oregon,23718.37,No,Basic,College,2011-02-18,Employed,M,"$55,975.00",Suburban,Married,$100.00,3,105,0,2,Special Auto,Special L3,2,Web,$479.52,Four-Door Car,Medsize
YI95574,Arizona,4842.94,No,Extended,High School or Below,2011-02-18,Disabled,M,"$21,666.00",Suburban,Married,$126.00,4,11,0,1,Personal Auto,Personal L2,2,Call Center,$602.64,Four-Door Car,Large
QA71190,California,10913.29,No,Premium,Bachelor,2011-02-18,Employed,F,"$42,533.00",Suburban,Married,$138.00,31,68,0,8,Personal Auto,Personal L1,1,Web,$811.45,Four-Door Car,Small
WQ25142,California,29063.57,No,Extended,Bachelor,2011-02-18,Disabled,M,"$15,576.00",Suburban,Married,$111.00,47,30,0,2,Corporate Auto,Corporate L3,3,Call Center,$531.36,Four-Door Car,Medsize
NT19879,Arizona,6435.37,No,Basic,Bachelor,2011-02-18,Medical Leave,F,"$39,389.00",Suburban,Married,$86.00,7,27,2,5,Personal Auto,Personal L3,1,Call Center,$414.72,Four-Door Car,Large
HZ47488,California,3862.01,No,Basic,Doctor,2011-02-18,Employed,M,"$37,674.00",Suburban,Divorced,$100.00,4,51,1,1,Personal Auto,Personal L2,3,Call Center,$548.69,Four-Door Car,Medsize
CT74097,Nevada,19965.98,No,Extended,College,2011-02-18,Employed,M,"$69,953.00",Suburban,Divorced,$174.00,27,105,4,2,Personal Auto,Personal L1,1,Branch,$962.32,SUV,Small
WK18603,California,7117.9,No,Basic,Doctor,2011-02-18,Employed,M,"$1,15,569.00",Rural,Single,$89.00,35,1,0,3,Personal Auto,Personal L2,2,Agent,$91.32,Four-Door Car,Medsize
JP87331,Arizona,30125.33,No,Basic,High School or Below,2011-02-18,Unemployed,M,$0.00,Suburban,Single,$90.00,45,73,0,2,Personal Auto,Personal L3,1,Branch,$651.24,Four-Door Car,Medsize
ZJ27465,California,19085.26,No,Basic,College,2011-02-18,Employed,F,"$42,922.00",Suburban,Divorced,$161.00,16,22,0,2,Personal Auto,Personal L3,1,Agent,$771.12,SUV,Medsize
FG42635,Oregon,13525.19,No,Extended,College,2011-02-18,Employed,M,"$41,472.00",Suburban,Married,$188.00,23,32,4,5,Personal Auto,Personal L2,3,Agent,"$1,050.93",SUV,Small
CY49953,Oregon,3817.21,No,Extended,College,2011-02-18,Unemployed,F,$0.00,Suburban,Single,$107.00,41,34,0,1,Special Auto,Special L2,3,Branch,$767.88,Four-Door Car,Medsize
HZ39407,Washington,3626.82,No,Basic,Master,2011-02-18,Disabled,M,"$36,063.00",Rural,Divorced,$96.00,30,93,0,1,Personal Auto,Personal L1,1,Agent,$192.64,Four-Door Car,Medsize
MU63232,Arizona,7225,No,Extended,Master,2011-02-18,Employed,M,"$74,003.00",Rural,Single,$185.00,32,38,0,1,Personal Auto,Personal L2,2,Agent,$282.83,SUV,Medsize
DE21910,Oregon,9860.93,No,Extended,College,2011-02-18,Employed,F,"$55,384.00",Rural,Married,$124.00,30,124,0,6,Personal Auto,Personal L3,1,Agent,$27.51,Four-Door Car,Large
FX39582,Washington,7021.83,No,Extended,Bachelor,2011-02-18,Employed,M,"$90,451.00",Urban,Single,$177.00,9,49,0,1,Personal Auto,Personal L3,3,Web,$625.62,SUV,Medsize
FI22970,Oregon,3202.59,No,Basic,High School or Below,2011-02-18,Medical Leave,F,"$34,493.00",Suburban,Married,$82.00,38,18,0,1,Personal Auto,Personal L3,4,Agent,$592.92,Four-Door Car,Small
PI71828,Arizona,3234.56,No,Basic,College,2011-02-18,Employed,M,"$51,921.00",Urban,Divorced,$82.00,15,132,0,1,Personal Auto,Personal L3,1,Branch,$258.34,Four-Door Car,Medsize
GY65868,California,27810.32,No,Extended,Bachelor,2011-02-18,Employed,M,"$87,130.00",Urban,Married,$116.00,22,58,0,2,Personal Auto,Personal L3,3,Agent,$345.98,Four-Door Car,Small
BM31989,Arizona,11818.12,No,Premium,College,2011-02-18,Employed,M,"$32,416.00",Rural,Married,$151.00,41,123,1,3,Personal Auto,Personal L3,2,Agent,$110.99,Four-Door Car,Medsize
BO46265,Oregon,9323.37,No,Extended,College,2011-02-18,Medical Leave,M,"$18,133.00",Suburban,Married,$124.00,7,111,0,8,Personal Auto,Personal L3,1,Branch,$824.27,Four-Door Car,Small
AX86552,California,8368.37,No,Extended,College,2011-02-18,Medical Leave,M,"$32,472.00",Suburban,Divorced,$117.00,45,72,1,7,Personal Auto,Personal L2,2,Web,$843.12,Four-Door Car,Medsize
MB20764,Oregon,23789.88,No,Premium,High School or Below,2011-02-18,Unemployed,M,$0.00,Suburban,Single,$340.00,42,14,0,3,Corporate Auto,Corporate L2,4,Branch,"$2,449.44",Luxury SUV,Medsize
PW91494,California,12614.98,No,Basic,High School or Below,2011-02-18,Unemployed,F,$0.00,Suburban,Married,$86.00,34,130,1,2,Personal Auto,Personal L2,2,Branch,$414.72,Two-Door Car,Medsize
TB53616,California,14052.11,Yes,Basic,High School or Below,2011-02-18,Retired,M,"$27,308.00",Suburban,Divorced,$136.00,4,58,1,2,Personal Auto,Personal L3,1,Branch,$707.15,SUV,Medsize
SC23927,California,6443.47,Yes,Extended,High School or Below,2011-02-18,Retired,M,"$28,341.00",Suburban,Divorced,$180.00,47,122,0,1,Personal Auto,Personal L2,2,Agent,$861.84,SUV,Medsize
RA47157,California,4659.19,No,Extended,High School or Below,2011-02-18,Employed,M,"$61,572.00",Urban,Married,$117.00,5,41,0,1,Corporate Auto,Corporate L2,4,Agent,$332.80,Two-Door Car,Medsize
IS55638,California,20930.03,No,Basic,College,2011-02-18,Employed,F,"$40,408.00",Suburban,Married,$86.00,46,7,0,2,Personal Auto,Personal L2,1,Branch,$431.61,Two-Door Car,Medsize
XX88364,California,11640.83,Yes,Basic,Bachelor,2011-02-18,Employed,M,"$1,31,437.00",Suburban,Single,$99.00,8,115,0,2,Corporate Auto,Corporate L3,1,Agent,$473.04,Four-Door Car,Medsize
FP20500,California,8457.26,No,Extended,Bachelor,2011-02-18,Unemployed,M,$0.00,Suburban,Single,$120.00,7,22,0,3,Corporate Auto,Corporate L1,1,Agent,"$1,147.74",Two-Door Car,Medsize
AB69140,California,33876.32,No,Basic,Master,2011-02-18,Employed,M,"$48,609.00",Suburban,Married,$95.00,19,115,0,2,Personal Auto,Personal L2,1,Branch,$453.60,Four-Door Car,Small
UI77960,California,8985.87,No,Extended,High School or Below,2011-02-18,Employed,F,"$53,776.00",Suburban,Married,$112.00,35,88,0,3,Personal Auto,Personal L2,4,Web,$537.84,Four-Door Car,Medsize
AI49188,Nevada,17398.03,No,Premium,Bachelor,2011-02-19,Employed,F,"$65,835.00",Suburban,Married,$146.00,24,51,0,2,Personal Auto,Personal L3,1,Agent,$764.74,Two-Door Car,Medsize
ZK25313,Oregon,3877.27,No,Basic,High School or Below,2011-02-19,Employed,M,"$77,961.00",Suburban,Single,$100.00,42,28,0,1,Personal Auto,Personal L2,1,Branch,$479.52,Two-Door Car,Medsize
OI48267,California,8163.48,Yes,Extended,College,2011-02-19,Employed,M,"$27,535.00",Suburban,Married,$103.00,20,81,1,4,Personal Auto,Personal L3,1,Branch,$492.48,Four-Door Car,Medsize
MW70227,California,8163.48,Yes,Extended,College,2011-02-19,Employed,M,"$27,535.00",Suburban,Married,$103.00,20,81,1,4,Personal Auto,Personal L1,1,Branch,$492.48,Four-Door Car,Medsize
IT78748,Oregon,8779.59,Yes,Extended,High School or Below,2011-02-19,Disabled,F,"$29,809.00",Suburban,Married,$113.00,1,12,0,6,Special Auto,Special L3,1,Agent,$609.75,Two-Door Car,Small
WU14435,California,6697.3,No,Basic,Bachelor,2011-02-19,Disabled,M,"$24,535.00",Suburban,Married,$89.00,11,22,0,9,Corporate Auto,Corporate L1,1,Agent,$534.51,Four-Door Car,Small
IL28481,Oregon,8252.22,No,Extended,Bachelor,2011-02-19,Employed,M,"$85,378.00",Urban,Married,$104.00,28,99,0,3,Personal Auto,Personal L3,4,Call Center,$491.72,Four-Door Car,Large
PX90263,Oregon,6914.11,No,Basic,High School or Below,2011-02-19,Unemployed,M,$0.00,Suburban,Single,$97.00,3,30,0,5,Personal Auto,Personal L3,1,Branch,$699.84,Four-Door Car,Medsize
ES39217,Oregon,10509.76,No,Extended,Bachelor,2011-02-19,Employed,F,"$60,611.00",Suburban,Married,$134.00,30,62,1,7,Personal Auto,Personal L1,4,Web,$783.98,Four-Door Car,Small
XK61304,California,7151.15,No,Basic,College,2011-02-19,Medical Leave,F,"$32,276.00",Suburban,Married,$95.00,24,77,0,4,Personal Auto,Personal L3,1,Agent,$453.60,Four-Door Car,Medsize
EG62398,California,10797.49,No,Basic,High School or Below,2011-02-19,Employed,F,"$39,239.00",Suburban,Married,$135.00,18,69,0,3,Personal Auto,Personal L3,2,Branch,"$1,139.71",SUV,Medsize
AM92343,Oregon,15659.33,No,Extended,High School or Below,2011-02-19,Employed,F,"$91,282.00",Urban,Married,$130.00,34,23,0,2,Personal Auto,Personal L3,3,Agent,$459.41,Four-Door Car,Medsize
MK34957,Oregon,17951.91,No,Basic,College,2011-02-19,Employed,F,"$68,352.00",Suburban,Married,$151.00,26,16,4,2,Special Auto,Special L1,2,Agent,"$1,059.29",SUV,Medsize
ZX86243,Arizona,4426.02,No,Extended,Doctor,2011-02-19,Employed,M,"$94,833.00",Rural,Single,$112.00,18,26,1,1,Personal Auto,Personal L2,4,Call Center,$191.43,Four-Door Car,Medsize
XN41715,California,9984.98,No,Extended,Master,2011-02-19,Employed,F,"$96,032.00",Urban,Married,$124.00,15,86,1,3,Personal Auto,Personal L3,1,Branch,$365.26,Four-Door Car,Medsize
ST96866,Washington,4216.16,Yes,Basic,Bachelor,2011-02-19,Unemployed,M,$0.00,Suburban,Married,$136.00,1,112,4,1,Special Auto,Special L3,1,Agent,"$1,296.16",SUV,Large
FI20423,Arizona,18932.88,Yes,Premium,High School or Below,2011-02-19,Employed,F,"$1,10,527.00",Rural,Married,$155.00,14,74,0,2,Special Auto,Special L1,2,Web,$346.19,Four-Door Car,Medsize
DW96592,California,10860.58,Yes,Basic,Bachelor,2011-02-19,Employed,M,"$96,378.00",Urban,Married,$90.00,39,53,0,2,Personal Auto,Personal L3,2,Agent,$383.40,Four-Door Car,Medsize
TC44716,California,29118.61,No,Basic,Bachelor,2011-02-19,Retired,M,"$32,277.00",Suburban,Single,$161.00,28,116,0,2,Personal Auto,Personal L1,1,Agent,$771.12,SUV,Medsize
DS45802,California,7309.73,No,Basic,High School or Below,2011-02-19,Employed,F,"$36,306.00",Rural,Married,$92.00,1,42,0,5,Personal Auto,Personal L3,4,Agent,$92.11,Four-Door Car,Medsize
PO98961,Washington,9047.39,No,Extended,College,2011-02-19,Medical Leave,M,"$24,840.00",Suburban,Married,$120.00,35,70,0,8,Corporate Auto,Corporate L3,2,Agent,$865.08,Two-Door Car,Small
HJ79774,Oregon,3732.48,No,Basic,College,2011-02-19,Employed,F,"$42,648.00",Urban,Married,$97.00,23,88,4,1,Corporate Auto,Corporate L1,3,Branch,$324.33,Four-Door Car,Medsize
JH30384,California,8779.59,Yes,Extended,High School or Below,2011-02-19,Disabled,F,"$29,809.00",Suburban,Married,$113.00,1,12,0,6,Personal Auto,Personal L2,1,Agent,$609.75,Two-Door Car,Small
WJ74851,Nevada,7696.03,No,Basic,Bachelor,2011-02-19,Employed,F,"$36,195.00",Suburban,Married,$97.00,30,111,0,3,Personal Auto,Personal L3,4,Agent,$628.78,Two-Door Car,Medsize
YJ69332,Oregon,8779.59,Yes,Extended,High School or Below,2011-02-19,Disabled,F,"$29,809.00",Suburban,Married,$113.00,1,12,0,6,Personal Auto,Personal L1,1,Agent,$609.75,Two-Door Car,Small
OA89218,Nevada,15741.77,No,Premium,College,2011-02-19,Employed,F,"$29,033.00",Suburban,Divorced,$204.00,15,57,0,4,Personal Auto,Personal L3,2,Agent,"$1,115.99",Sports Car,Medsize
NN65845,Washington,3491.01,No,Basic,Bachelor,2011-02-19,Disabled,F,"$29,164.00",Suburban,Married,$92.00,15,62,2,1,Personal Auto,Personal L3,4,Branch,$440.64,Four-Door Car,Large
OF24813,Washington,44497.56,No,Basic,High School or Below,2011-02-19,Employed,F,"$89,119.00",Urban,Married,$138.00,46,15,0,2,Personal Auto,Personal L3,2,Branch,$620.95,SUV,Medsize
ZH35315,California,6615.74,No,Basic,College,2011-02-19,Disabled,M,"$31,018.00",Suburban,Married,$89.00,26,45,0,4,Personal Auto,Personal L2,2,Branch,$467.03,Four-Door Car,Large
KN87338,Oregon,3680.63,No,Basic,High School or Below,2011-02-19,Employed,F,"$64,853.00",Rural,Married,$92.00,5,50,0,1,Personal Auto,Personal L2,4,Branch,$15.46,Four-Door Car,Medsize
HS28694,Washington,3820.32,No,Basic,High School or Below,2011-02-19,Employed,F,"$34,178.00",Rural,Married,$96.00,20,131,0,1,Personal Auto,Personal L2,4,Branch,$68.07,Two-Door Car,Medsize
UV53712,California,7509.32,No,Basic,College,2011-02-19,Employed,F,"$80,526.00",Rural,Married,$93.00,45,96,1,8,Personal Auto,Personal L3,2,Web,$226.45,Four-Door Car,Medsize
KQ43374,Oregon,5572.92,No,Basic,College,2011-02-19,Employed,F,"$43,354.00",Urban,Married,$140.00,30,68,0,1,Corporate Auto,Corporate L3,1,Agent,$601.14,SUV,Medsize
JR38787,Nevada,19484.21,No,Extended,High School or Below,2011-02-19,Disabled,M,"$33,157.00",Suburban,Married,$170.00,1,42,0,2,Personal Auto,Personal L1,2,Branch,"$1,152.19",SUV,Small
TE82896,Oregon,3707.21,No,Basic,High School or Below,2011-02-19,Unemployed,F,$0.00,Suburban,Married,$100.00,7,101,0,1,Personal Auto,Personal L2,2,Branch,$479.52,Four-Door Car,Medsize
NL32558,Arizona,8779.59,Yes,Extended,High School or Below,2011-02-19,Disabled,F,"$29,809.00",Suburban,Married,$113.00,1,12,0,6,Personal Auto,Personal L1,1,Agent,$609.75,Two-Door Car,Small
DQ31994,Nevada,11695.72,No,Extended,College,2011-02-19,Unemployed,F,$0.00,Suburban,Single,$112.00,24,122,1,2,Corporate Auto,Corporate L2,2,Agent,$537.84,Four-Door Car,Medsize
HX17929,California,13612.71,Yes,Extended,High School or Below,2011-02-19,Retired,F,"$15,968.00",Suburban,Divorced,$122.00,24,113,0,2,Personal Auto,Personal L2,1,Agent,$771.50,Four-Door Car,Large
LU12532,California,8779.59,Yes,Extended,High School or Below,2011-02-19,Disabled,F,"$29,809.00",Suburban,Married,$113.00,1,12,0,6,Personal Auto,Personal L3,1,Agent,$609.75,Two-Door Car,Small
PO27978,Oregon,19882.13,No,Basic,Doctor,2011-02-19,Employed,F,"$1,32,010.00",Urban,Single,$99.00,47,49,0,2,Personal Auto,Personal L1,1,Call Center,$319.43,Two-Door Car,Medsize
YF87007,Oregon,13612.71,Yes,Extended,High School or Below,2011-02-19,Retired,F,"$15,968.00",Suburban,Divorced,$122.00,24,113,0,2,Corporate Auto,Corporate L1,1,Agent,$771.50,Four-Door Car,Large
JP69867,Nevada,11491.38,No,Premium,College,2011-02-19,Employed,M,"$83,329.00",Suburban,Divorced,$143.00,9,95,0,6,Personal Auto,Personal L3,2,Call Center,$686.88,Four-Door Car,Large
XW60886,California,8471.46,No,Extended,High School or Below,2011-02-19,Unemployed,M,$0.00,Suburban,Single,$122.00,20,74,0,3,Personal Auto,Personal L3,4,Branch,"$1,215.33",Four-Door Car,Small
JN51592,Arizona,22930.42,No,Extended,Bachelor,2011-02-19,Employed,F,"$30,371.00",Suburban,Married,$286.00,20,96,0,7,Special Auto,Special L1,1,Branch,"$1,373.76",Luxury Car,Medsize
AM26717,California,4216.16,Yes,Basic,Bachelor,2011-02-19,Unemployed,M,$0.00,Suburban,Married,$136.00,1,112,4,1,Personal Auto,Personal L1,1,Agent,"$1,296.16",SUV,Large
FP23103,Oregon,7830.26,No,Extended,Bachelor,2011-02-19,Unemployed,M,$0.00,Suburban,Married,$105.00,43,50,0,5,Special Auto,Special L2,2,Agent,$505.44,Two-Door Car,Medsize
LA60344,Arizona,25231.96,No,Basic,College,2011-02-19,Unemployed,M,$0.00,Suburban,Single,$92.00,8,127,0,2,Personal Auto,Personal L2,1,Agent,$440.64,Four-Door Car,Small
WZ13788,Nevada,13631.88,No,Extended,High School or Below,2011-02-19,Employed,F,"$66,149.00",Suburban,Married,$116.00,8,88,3,2,Corporate Auto,Corporate L3,1,Web,$557.28,Four-Door Car,Medsize
IO25161,Arizona,3078.52,No,Basic,College,2011-02-19,Unemployed,F,$0.00,Urban,Married,$82.00,22,39,0,1,Personal Auto,Personal L2,2,Agent,$383.24,Four-Door Car,Medsize
SJ16410,Arizona,10168.55,No,Extended,Bachelor,2011-02-19,Employed,M,"$55,968.00",Rural,Single,$132.00,8,90,0,3,Personal Auto,Personal L3,3,Agent,$257.99,Four-Door Car,Medsize
NB30963,California,8092.21,No,Extended,High School or Below,2011-02-19,Employed,M,"$56,510.00",Rural,Married,$103.00,24,78,0,5,Personal Auto,Personal L3,1,Agent,$224.28,Two-Door Car,Large
XP96549,Oregon,5979.41,No,Basic,High School or Below,2011-02-19,Employed,F,"$28,172.00",Suburban,Married,$151.00,19,15,0,1,Personal Auto,Personal L3,2,Branch,$725.76,SUV,Large
QK88438,Arizona,7186.41,No,Basic,College,2011-02-19,Employed,F,"$74,640.00",Rural,Single,$90.00,14,96,0,3,Personal Auto,Personal L3,2,Agent,$181.07,Four-Door Car,Medsize
HD99234,Oregon,13829.73,No,Extended,College,2011-02-19,Unemployed,F,$0.00,Suburban,Single,$127.00,31,46,0,2,Personal Auto,Personal L1,3,Agent,$609.12,Four-Door Car,Medsize
HW56522,Arizona,25899.85,No,Extended,Bachelor,2011-02-19,Employed,M,"$47,685.00",Rural,Married,$329.00,5,45,0,5,Personal Auto,Personal L3,1,Agent,$103.72,Luxury Car,Small
PP39078,California,7591.88,No,Basic,College,2011-02-19,Employed,F,"$42,530.00",Suburban,Married,$96.00,11,36,0,3,Special Auto,Special L1,4,Branch,$460.08,Four-Door Car,Small
WI75766,Arizona,13612.71,Yes,Extended,High School or Below,2011-02-19,Retired,F,"$15,968.00",Suburban,Divorced,$122.00,24,113,0,2,Personal Auto,Personal L2,1,Agent,$771.50,Four-Door Car,Large
IR62720,Nevada,9237.48,No,Extended,Bachelor,2011-02-19,Disabled,M,"$34,100.00",Suburban,Married,$117.00,24,11,0,9,Personal Auto,Personal L1,3,Agent,$563.76,Four-Door Car,Medsize
IB59831,Oregon,20941.96,No,Extended,College,2011-02-19,Employed,M,"$53,722.00",Suburban,Single,$180.00,0,9,0,2,Corporate Auto,Corporate L2,1,Agent,$861.84,SUV,Small
WA24038,Oregon,6203.87,No,Basic,Bachelor,2011-02-19,Employed,M,"$1,03,082.00",Rural,Married,$158.00,24,130,1,1,Personal Auto,Personal L3,1,Call Center,$5.50,SUV,Medsize
MF15503,Nevada,9525.55,No,Premium,Bachelor,2011-02-19,Unemployed,M,$0.00,Suburban,Single,$146.00,34,111,1,4,Special Auto,Special L2,2,Branch,"$1,049.76",Two-Door Car,Medsize
VY96711,California,25962.89,No,Premium,Master,2011-02-19,Employed,F,"$1,34,692.00",Rural,Married,$213.00,14,51,0,2,Corporate Auto,Corporate L2,2,Branch,$70.07,SUV,Medsize
CV35709,Oregon,18932.88,Yes,Premium,High School or Below,2011-02-19,Employed,F,"$1,10,527.00",Rural,Married,$155.00,14,74,0,2,Corporate Auto,Corporate L2,2,Web,$346.19,Four-Door Car,Medsize
VH66357,California,3739.13,No,Basic,College,2011-02-19,Employed,M,"$53,522.00",Urban,Married,$95.00,12,47,0,1,Personal Auto,Personal L3,4,Agent,$377.62,Four-Door Car,Small
XG35514,California,6078.6,No,Basic,High School or Below,2011-02-19,Unemployed,M,$0.00,Suburban,Single,$93.00,38,39,2,3,Personal Auto,Personal L3,3,Branch,$670.68,Four-Door Car,Medsize
MZ43298,California,7020.1,No,Extended,Bachelor,2011-02-19,Employed,F,"$1,21,725.00",Urban,Single,$177.00,42,57,0,1,Corporate Auto,Corporate L2,1,Web,$707.04,SUV,Medsize
FY31714,Oregon,22047.44,No,Extended,Bachelor,2011-02-19,Employed,M,"$1,05,805.00",Urban,Single,$111.00,23,113,0,2,Personal Auto,Personal L3,2,Call Center,$279.38,Four-Door Car,Large
LR97507,Arizona,3459.84,No,Basic,High School or Below,2011-02-19,Unemployed,M,$0.00,Suburban,Single,$100.00,23,80,0,1,Corporate Auto,Corporate L2,1,Agent,$895.62,Four-Door Car,Large
UJ71101,California,23292.53,No,Extended,High School or Below,2011-02-19,Unemployed,M,$0.00,Suburban,Single,$167.00,3,115,0,2,Personal Auto,Personal L1,3,Web,"$1,253.90",Sports Car,Medsize
DB16336,Nevada,3590.6,Yes,Extended,College,2011-02-19,Unemployed,F,$0.00,Suburban,Divorced,$117.00,5,5,3,1,Corporate Auto,Corporate L3,2,Agent,$567.06,Four-Door Car,Medsize
JB20891,Arizona,13612.71,Yes,Extended,High School or Below,2011-02-19,Retired,F,"$15,968.00",Suburban,Divorced,$122.00,24,113,0,2,Personal Auto,Personal L1,1,Agent,$771.50,Four-Door Car,Large
FG23952,Oregon,17933.22,No,Extended,College,2011-02-19,Unemployed,M,$0.00,Suburban,Single,$178.00,27,30,0,2,Personal Auto,Personal L1,1,Agent,"$1,283.04",SUV,Medsize
QF74806,California,8163.48,Yes,Extended,College,2011-02-19,Employed,M,"$27,535.00",Suburban,Married,$103.00,20,81,1,4,Personal Auto,Personal L3,1,Branch,$492.48,Four-Door Car,Medsize
AP34711,Arizona,14016.21,No,Extended,Master,2011-02-19,Employed,F,"$44,308.00",Rural,Married,$174.00,47,54,0,4,Personal Auto,Personal L3,1,Branch,$34.96,SUV,Large
QF66202,Nevada,3417.85,No,Basic,College,2011-02-19,Employed,M,"$43,191.00",Rural,Divorced,$89.00,19,5,1,1,Personal Auto,Personal L3,1,Branch,$53.50,Four-Door Car,Medsize
JW24212,Oregon,4216.16,Yes,Basic,Bachelor,2011-02-19,Unemployed,M,$0.00,Suburban,Married,$136.00,1,112,4,1,Personal Auto,Personal L3,1,Agent,"$1,296.16",SUV,Large
RE52529,California,18932.88,Yes,Premium,High School or Below,2011-02-19,Employed,F,"$1,10,527.00",Rural,Married,$155.00,14,74,0,2,Corporate Auto,Corporate L1,2,Web,$346.19,Four-Door Car,Medsize
EQ68292,Arizona,7201.96,No,Basic,Bachelor,2011-02-19,Employed,M,"$1,00,718.00",Rural,Divorced,$92.00,3,46,0,5,Corporate Auto,Corporate L3,4,Agent,$147.30,Two-Door Car,Small
KU92052,California,5937.36,No,Basic,High School or Below,2011-02-19,Unemployed,F,$0.00,Suburban,Single,$84.00,8,84,0,3,Personal Auto,Personal L2,1,Agent,$515.79,Four-Door Car,Medsize
BQ99053,Oregon,10384.82,No,Premium,College,2011-02-19,Unemployed,M,$0.00,Suburban,Married,$142.00,1,50,0,4,Personal Auto,Personal L1,4,Web,$680.40,Four-Door Car,Medsize
NT76210,Nevada,4216.16,Yes,Basic,Bachelor,2011-02-19,Unemployed,M,$0.00,Suburban,Married,$136.00,1,112,4,1,Personal Auto,Personal L3,1,Agent,"$1,296.16",SUV,Large
GY99465,Oregon,9273.4,No,Basic,College,2011-02-19,Unemployed,F,$0.00,Suburban,Single,$93.00,24,96,2,2,Corporate Auto,Corporate L2,2,Branch,$447.12,Four-Door Car,Medsize
YA52900,Oregon,11211.33,No,Extended,College,2011-02-19,Unemployed,M,$0.00,Suburban,Married,$165.00,30,19,2,9,Corporate Auto,Corporate L3,2,Agent,$919.79,SUV,Small
XP35430,Oregon,8615.76,No,Extended,College,2011-02-19,Employed,F,"$1,19,695.00",Suburban,Married,$107.00,27,116,0,7,Special Auto,Special L3,1,Agent,$511.92,Four-Door Car,Medsize
MY80820,California,3354.41,No,Basic,Bachelor,2011-02-19,Employed,M,"$56,716.00",Rural,Married,$85.00,18,113,0,1,Corporate Auto,Corporate L3,1,Agent,$55.02,Four-Door Car,Medsize
YF30946,California,3247.59,No,Basic,College,2011-02-19,Employed,M,"$85,093.00",Suburban,Married,$82.00,7,107,0,1,Personal Auto,Personal L3,2,Agent,$546.14,Four-Door Car,Medsize
UG48681,Nevada,10860.58,Yes,Basic,Bachelor,2011-02-19,Employed,M,"$96,378.00",Urban,Married,$90.00,39,53,0,2,Personal Auto,Personal L3,2,Agent,$383.40,Four-Door Car,Medsize
VK98184,Arizona,6795.49,No,Extended,College,2011-02-19,Employed,F,"$1,03,992.00",Suburban,Married,$169.00,23,23,0,1,Personal Auto,Personal L3,2,Call Center,$810.00,SUV,Medsize
LQ31287,Oregon,9269.23,No,Basic,College,2011-02-19,Unemployed,F,$0.00,Rural,Divorced,$86.00,24,80,0,2,Personal Auto,Personal L3,1,Agent,$54.60,Two-Door Car,Medsize
ZU25563,California,3590.6,Yes,Extended,College,2011-02-19,Unemployed,F,$0.00,Suburban,Divorced,$117.00,5,5,3,1,Personal Auto,Personal L1,2,Agent,$567.06,Four-Door Car,Medsize
VU47281,Oregon,7756.31,No,Premium,Bachelor,2011-02-19,Unemployed,F,$0.00,Suburban,Single,$223.00,36,51,0,1,Personal Auto,Personal L3,1,Agent,"$2,501.82",Sports Car,Medsize
TN36916,California,5440.13,No,Basic,Bachelor,2011-02-19,Employed,F,"$1,26,388.00",Rural,Married,$135.00,22,27,0,1,Personal Auto,Personal L2,3,Branch,$80.81,SUV,Large
CQ81839,Oregon,28914.78,No,Extended,College,2011-02-19,Employed,F,"$29,561.00",Suburban,Single,$188.00,26,90,0,2,Personal Auto,Personal L2,2,Web,$900.72,SUV,Medsize
UC10048,Oregon,9401.47,No,Extended,College,2011-02-19,Unemployed,F,$0.00,Suburban,Married,$128.00,26,55,1,9,Corporate Auto,Corporate L2,1,Web,$850.02,Four-Door Car,Medsize
WF98532,California,4216.16,Yes,Basic,Bachelor,2011-02-19,Unemployed,M,$0.00,Suburban,Married,$136.00,1,112,4,1,Personal Auto,Personal L2,1,Agent,"$1,296.16",SUV,Large
VN27419,Oregon,13612.71,Yes,Extended,High School or Below,2011-02-19,Retired,F,"$15,968.00",Suburban,Divorced,$122.00,24,113,0,2,Personal Auto,Personal L2,1,Agent,$771.50,Four-Door Car,Large
VM66678,Oregon,18932.88,Yes,Premium,High School or Below,2011-02-19,Employed,F,"$1,10,527.00",Rural,Married,$155.00,14,74,0,2,Personal Auto,Personal L2,2,Web,$346.19,Four-Door Car,Medsize
AG47947,Washington,18932.88,Yes,Premium,High School or Below,2011-02-19,Employed,F,"$1,10,527.00",Rural,Married,$155.00,14,74,0,2,Personal Auto,Personal L3,2,Web,$346.19,Four-Door Car,Medsize
NC98544,Nevada,33791.01,No,Extended,High School or Below,2011-02-19,Employed,M,"$35,494.00",Suburban,Married,$108.00,1,109,2,2,Personal Auto,Personal L3,3,Agent,$518.40,Two-Door Car,Medsize
BC53546,Oregon,7425.78,No,Basic,Bachelor,2011-02-19,Employed,M,"$47,785.00",Suburban,Divorced,$95.00,43,16,0,3,Personal Auto,Personal L3,4,Call Center,$453.60,Two-Door Car,Medsize
AN32867,California,4218.66,No,Extended,Bachelor,2011-02-19,Employed,M,"$1,09,735.00",Suburban,Single,$109.00,24,3,2,1,Personal Auto,Personal L3,1,Branch,$596.38,Four-Door Car,Medsize
QO70290,California,13351.78,No,Extended,Bachelor,2011-02-19,Employed,M,"$70,751.00",Rural,Married,$169.00,18,16,0,9,Personal Auto,Personal L1,1,Agent,$241.82,Sports Car,Medsize
OU24549,Nevada,11497.61,No,Basic,Bachelor,2011-02-19,Employed,M,"$50,724.00",Suburban,Married,$151.00,4,28,3,3,Corporate Auto,Corporate L2,1,Call Center,$725.76,SUV,Medsize
WA16954,Arizona,7565.85,No,Basic,Master,2011-02-19,Employed,M,"$27,340.00",Urban,Married,$96.00,0,86,0,3,Personal Auto,Personal L3,2,Call Center,$267.61,Four-Door Car,Medsize
FI90697,Oregon,14185.13,No,Extended,Bachelor,2011-02-19,Employed,M,"$1,03,341.00",Urban,Married,$178.00,4,7,0,3,Personal Auto,Personal L3,2,Agent,$832.07,SUV,Medsize
FY84962,California,4129.9,No,Extended,High School or Below,2011-02-19,Unemployed,M,$0.00,Suburban,Single,$119.00,7,115,0,1,Personal Auto,Personal L2,1,Branch,"$1,335.42",Four-Door Car,Medsize
XI16714,Arizona,3447.94,No,Basic,High School or Below,2011-02-19,Unemployed,F,$0.00,Suburban,Single,$97.00,43,19,0,1,Corporate Auto,Corporate L1,4,Web,$547.84,Four-Door Car,Medsize
AR40217,Oregon,25756.78,No,Basic,High School or Below,2011-02-19,Employed,F,"$57,718.00",Urban,Divorced,$88.00,7,76,4,2,Personal Auto,Personal L3,3,Agent,$377.62,Two-Door Car,Medsize
IQ24777,Nevada,10860.58,Yes,Basic,Bachelor,2011-02-19,Employed,M,"$96,378.00",Urban,Married,$90.00,39,53,0,2,Personal Auto,Personal L2,2,Agent,$383.40,Four-Door Car,Medsize
TV75816,Oregon,3221.37,No,Basic,High School or Below,2011-02-19,Employed,M,"$95,730.00",Suburban,Single,$85.00,27,18,3,1,Corporate Auto,Corporate L2,2,Agent,$408.24,Two-Door Car,Medsize
RP33869,Washington,3479.64,No,Basic,Bachelor,2011-02-19,Employed,F,"$66,780.00",Suburban,Divorced,$88.00,1,130,0,1,Personal Auto,Personal L3,1,Call Center,$558.49,Two-Door Car,Small
NE58217,Oregon,36537.03,No,Premium,Bachelor,2011-02-19,Employed,F,"$1,12,806.00",Rural,Married,$153.00,7,103,1,2,Corporate Auto,Corporate L2,1,Agent,$372.67,Four-Door Car,Large
UI57491,California,6973.52,No,Basic,Bachelor,2011-02-19,Unemployed,M,$0.00,Suburban,Married,$97.00,8,89,0,5,Personal Auto,Personal L3,1,Agent,$699.84,Two-Door Car,Small
BK76107,Oregon,18932.88,Yes,Premium,High School or Below,2011-02-19,Employed,F,"$1,10,527.00",Rural,Married,$155.00,14,74,0,2,Personal Auto,Personal L1,2,Web,$346.19,Four-Door Car,Medsize
GU92938,Nevada,9373.8,No,Basic,Bachelor,2011-02-19,Disabled,F,"$34,576.00",Suburban,Married,$82.00,16,70,0,2,Personal Auto,Personal L1,4,Call Center,$395.28,Two-Door Car,Small
EX80215,California,3810.69,No,Extended,College,2011-02-19,Unemployed,F,$0.00,Rural,Married,$104.00,45,116,0,1,Personal Auto,Personal L1,1,Web,$187.58,Four-Door Car,Large
OH80943,California,3590.6,Yes,Extended,College,2011-02-19,Unemployed,F,$0.00,Suburban,Divorced,$117.00,5,5,3,1,Special Auto,Special L3,2,Agent,$567.06,Four-Door Car,Medsize
KD63933,California,9515.32,No,Basic,College,2011-02-19,Medical Leave,M,"$32,441.00",Suburban,Single,$262.00,19,0,0,1,Personal Auto,Personal L1,1,Agent,"$1,310.43",Luxury SUV,Medsize
NT82538,Oregon,6070.92,No,Basic,Bachelor,2011-02-19,Unemployed,F,$0.00,Suburban,Single,$85.00,19,61,0,3,Personal Auto,Personal L3,2,Branch,$566.47,Two-Door Car,Medsize
GS50147,Oregon,7066.95,No,Basic,High School or Below,2011-02-19,Unemployed,M,$0.00,Suburban,Single,$99.00,9,81,0,3,Personal Auto,Personal L3,1,Agent,"$1,073.08",Two-Door Car,Small
WF75492,Oregon,11286.2,No,Basic,High School or Below,2011-02-19,Employed,M,"$65,503.00",Rural,Married,$142.00,12,120,0,7,Personal Auto,Personal L3,2,Branch,$356.16,Sports Car,Medsize
YO14199,Oregon,3523.34,No,Basic,High School or Below,2011-02-19,Employed,M,"$41,614.00",Suburban,Single,$92.00,20,28,0,1,Personal Auto,Personal L1,3,Web,$440.64,Four-Door Car,Small
OY96856,Oregon,10860.58,Yes,Basic,Bachelor,2011-02-19,Employed,M,"$96,378.00",Urban,Married,$90.00,39,53,0,2,Personal Auto,Personal L3,2,Agent,$383.40,Four-Door Car,Medsize
XH72278,Arizona,9065.65,No,Extended,High School or Below,2011-02-19,Unemployed,M,$0.00,Suburban,Married,$124.00,5,86,0,9,Personal Auto,Personal L3,2,Web,$596.16,Two-Door Car,Medsize
OU40102,Oregon,8779.59,Yes,Extended,High School or Below,2011-02-19,Disabled,F,"$29,809.00",Suburban,Married,$113.00,1,12,0,6,Special Auto,Special L1,1,Agent,$609.75,Two-Door Car,Small
LW64678,California,68871.69,No,Premium,Master,2011-02-19,Employed,F,"$33,975.00",Urban,Married,$189.00,4,103,0,2,Personal Auto,Personal L3,2,Agent,$570.37,SUV,Small
MG66142,Oregon,12848.06,No,Extended,Bachelor,2011-02-19,Unemployed,F,$0.00,Suburban,Married,$117.00,18,103,0,2,Personal Auto,Personal L3,3,Agent,$563.76,Four-Door Car,Small
JG16015,Washington,6778.55,No,Extended,College,2011-02-19,Employed,F,"$83,682.00",Suburban,Married,$169.00,32,5,0,1,Personal Auto,Personal L3,2,Branch,$976.46,SUV,Medsize
RO16377,Oregon,31244.58,No,Basic,High School or Below,2011-02-19,Employed,M,"$80,758.00",Suburban,Married,$261.00,16,8,0,2,Personal Auto,Personal L1,3,Branch,"$1,875.96",Luxury SUV,Medsize
UO59377,Arizona,13612.71,Yes,Extended,High School or Below,2011-02-19,Retired,F,"$15,968.00",Suburban,Divorced,$122.00,24,113,0,2,Personal Auto,Personal L3,1,Agent,$771.50,Four-Door Car,Large
OD89873,Arizona,10860.58,Yes,Basic,Bachelor,2011-02-19,Employed,M,"$96,378.00",Urban,Married,$90.00,39,53,0,2,Corporate Auto,Corporate L1,2,Agent,$383.40,Four-Door Car,Medsize
ZT87452,Oregon,4455.82,No,Extended,Bachelor,2011-02-19,Employed,F,"$80,449.00",Rural,Divorced,$113.00,11,66,0,1,Personal Auto,Personal L1,2,Web,$217.66,Four-Door Car,Small
QY83498,Oregon,3590.6,Yes,Extended,College,2011-02-19,Unemployed,F,$0.00,Suburban,Divorced,$117.00,5,5,3,1,Personal Auto,Personal L3,2,Agent,$567.06,Four-Door Car,Medsize
CQ80529,Oregon,5509.11,No,Basic,College,2011-02-19,Employed,F,"$77,332.00",Urban,Single,$143.00,12,115,1,1,Personal Auto,Personal L3,3,Web,$456.24,SUV,Medsize
UI24036,Washington,20755.15,No,Extended,Bachelor,2011-02-19,Employed,F,"$57,470.00",Urban,Married,$173.00,7,70,0,2,Personal Auto,Personal L2,2,Agent,$793.00,SUV,Large
TB88830,California,11629.83,No,Basic,Master,2011-02-19,Employed,F,"$86,697.00",Rural,Married,$144.00,4,116,0,7,Personal Auto,Personal L2,1,Branch,$65.86,SUV,Medsize
XD72019,Oregon,11434.56,No,Extended,Bachelor,2011-02-19,Unemployed,F,$0.00,Suburban,Single,$111.00,1,18,0,2,Personal Auto,Personal L2,2,Web,$647.07,Four-Door Car,Large
ZG18090,California,9652.65,No,Extended,Master,2011-02-19,Employed,M,"$32,567.00",Suburban,Married,$123.00,32,70,0,3,Corporate Auto,Corporate L1,3,Agent,$589.68,Four-Door Car,Medsize
YW47108,California,15228.98,No,Extended,College,2011-02-19,Employed,M,"$61,753.00",Suburban,Married,$130.00,20,109,0,2,Personal Auto,Personal L3,1,Agent,$909.60,Four-Door Car,Medsize
HM94328,Arizona,8163.48,Yes,Extended,College,2011-02-19,Employed,M,"$27,535.00",Suburban,Married,$103.00,20,81,1,4,Corporate Auto,Corporate L2,1,Branch,$492.48,Four-Door Car,Medsize
DK20428,Oregon,3536.82,No,Basic,Bachelor,2011-02-19,Employed,M,"$35,227.00",Rural,Married,$90.00,22,113,0,1,Personal Auto,Personal L1,4,Branch,$2.74,Two-Door Car,Medsize
EM78211,Oregon,3590.6,Yes,Extended,College,2011-02-19,Unemployed,F,$0.00,Suburban,Divorced,$117.00,5,5,3,1,Special Auto,Special L3,2,Agent,$567.06,Four-Door Car,Medsize
RJ57593,Arizona,10860.58,Yes,Basic,Bachelor,2011-02-19,Employed,M,"$96,378.00",Urban,Married,$90.00,39,53,0,2,Personal Auto,Personal L3,2,Agent,$383.40,Four-Door Car,Medsize
TC29250,California,9922.75,No,Basic,Bachelor,2011-02-19,Unemployed,M,$0.00,Suburban,Single,$146.00,9,73,0,4,Personal Auto,Personal L3,2,Branch,"$1,049.76",Sports Car,Medsize
WP51328,Oregon,6405.71,No,Basic,Doctor,2011-02-19,Employed,M,"$27,942.00",Urban,Single,$92.00,28,97,5,5,Personal Auto,Personal L3,4,Branch,$335.37,Two-Door Car,Medsize
BQ28323,Oregon,8013.35,No,Basic,High School or Below,2011-02-19,Employed,F,"$86,175.00",Urban,Married,$99.00,23,93,0,3,Personal Auto,Personal L3,1,Agent,$269.27,Four-Door Car,Large
TG67664,California,3590.6,Yes,Extended,College,2011-02-19,Unemployed,F,$0.00,Suburban,Divorced,$117.00,5,5,3,1,Personal Auto,Personal L3,2,Agent,$567.06,Four-Door Car,Medsize
OG31942,California,19748.47,No,Basic,College,2011-02-19,Employed,M,"$86,314.00",Urban,Single,$255.00,5,39,0,5,Personal Auto,Personal L3,1,Agent,"$1,032.77",Luxury Car,Medsize
YY63521,Arizona,8163.48,Yes,Extended,College,2011-02-19,Employed,M,"$27,535.00",Suburban,Married,$103.00,20,81,1,4,Personal Auto,Personal L2,1,Branch,$492.48,Four-Door Car,Medsize
JI37927,Oregon,10444.22,No,Basic,College,2011-02-19,Unemployed,F,$0.00,Rural,Married,$151.00,8,50,3,7,Corporate Auto,Corporate L3,2,Agent,$106.62,SUV,Medsize
FC48492,California,3883.65,No,Extended,Bachelor,2011-02-19,Unemployed,M,$0.00,Suburban,Single,$113.00,5,39,0,1,Personal Auto,Personal L1,3,Branch,"$1,146.17",Four-Door Car,Medsize
EM77767,Oregon,14758.49,No,Basic,College,2011-02-19,Employed,F,"$97,824.00",Urban,Married,$92.00,11,95,0,2,Personal Auto,Personal L3,2,Call Center,$368.20,Two-Door Car,Medsize
TQ82322,California,3292.23,No,Basic,Bachelor,2011-02-19,Employed,F,"$1,09,251.00",Urban,Single,$84.00,34,11,0,1,Personal Auto,Personal L2,2,Branch,$285.74,Two-Door Car,Medsize
EQ90867,Oregon,7332.14,No,Basic,College,2011-02-19,Employed,M,"$77,119.00",Suburban,Divorced,$92.00,18,134,0,3,Corporate Auto,Corporate L1,1,Agent,$440.64,Four-Door Car,Small
YV85096,Oregon,7117.21,No,Basic,Bachelor,2011-02-19,Employed,F,"$1,32,449.00",Urban,Married,$88.00,4,104,0,8,Corporate Auto,Corporate L2,1,Branch,$237.99,Four-Door Car,Medsize
AI14767,California,54929.52,No,Basic,High School or Below,2011-02-19,Employed,F,"$50,564.00",Suburban,Married,$154.00,18,77,0,2,Personal Auto,Personal L3,4,Call Center,$738.72,SUV,Small
IS63817,California,8163.48,Yes,Extended,College,2011-02-19,Employed,M,"$27,535.00",Suburban,Married,$103.00,20,81,1,4,Corporate Auto,Corporate L2,1,Branch,$492.48,Four-Door Car,Medsize
QR26617,California,6568.9,No,Basic,Bachelor,2011-02-19,Employed,M,"$29,022.00",Suburban,Married,$85.00,31,97,0,9,Corporate Auto,Corporate L1,2,Agent,$408.24,Four-Door Car,Medsize
YS74016,California,4216.16,Yes,Basic,Bachelor,2011-02-19,Unemployed,M,$0.00,Suburban,Married,$136.00,1,112,4,1,Personal Auto,Personal L2,1,Agent,"$1,296.16",SUV,Large
EF41225,California,19747.7,No,Extended,College,2011-02-19,Employed,F,"$54,960.00",Suburban,Married,$163.00,16,51,0,2,Personal Auto,Personal L3,3,Web,$784.08,SUV,Medsize
KS36311,California,3646.4,No,Basic,College,2011-02-19,Employed,F,"$52,840.00",Suburban,Married,$92.00,30,9,0,1,Personal Auto,Personal L1,2,Branch,$543.32,Four-Door Car,Small
MT39460,California,3337.51,No,Basic,Master,2011-02-19,Employed,M,"$1,03,195.00",Urban,Single,$84.00,30,82,0,1,Personal Auto,Personal L2,2,Branch,$397.25,Four-Door Car,Medsize
US34108,California,6444.44,No,Basic,Bachelor,2011-02-19,Employed,F,"$37,429.00",Suburban,Married,$85.00,1,126,4,4,Personal Auto,Personal L1,1,Branch,$408.24,Four-Door Car,Medsize
WZ96432,California,12352.69,No,Basic,Master,2011-02-19,Employed,F,"$43,700.00",Suburban,Married,$155.00,3,104,0,4,Corporate Auto,Corporate L3,1,Branch,$745.20,SUV,Medsize
PV48046,California,7111.48,No,Extended,Master,2011-02-19,Employed,M,"$53,625.00",Suburban,Divorced,$180.00,12,84,0,1,Personal Auto,Personal L3,1,Call Center,$861.84,SUV,Large
MA60552,California,5420.79,No,Basic,Bachelor,2011-02-19,Employed,M,"$37,919.00",Suburban,Married,$138.00,11,82,0,1,Personal Auto,Personal L2,1,Agent,$660.96,SUV,Small
AX38728,California,4005.37,No,Extended,College,2011-02-19,Unemployed,M,$0.00,Suburban,Married,$109.00,19,101,0,1,Personal Auto,Personal L2,1,Branch,$524.88,Two-Door Car,Medsize
RN61682,California,2854.9,No,Basic,Bachelor,2011-02-19,Unemployed,F,$0.00,Suburban,Single,$97.00,41,93,5,1,Personal Auto,Personal L2,3,Web,$699.84,Four-Door Car,Medsize
KN20603,Oregon,10413.22,No,Basic,Bachelor,2011-02-20,Employed,M,"$61,433.00",Suburban,Single,$89.00,22,43,2,2,Personal Auto,Personal L3,1,Agent,$427.68,Four-Door Car,Medsize
YV22553,Arizona,11702.63,No,Basic,High School or Below,2011-02-20,Employed,M,"$28,990.00",Urban,Married,$154.00,18,97,2,9,Corporate Auto,Corporate L3,1,Agent,$504.13,SUV,Small
EW38459,Nevada,3465.65,No,Basic,Bachelor,2011-02-20,Employed,F,"$55,166.00",Rural,Married,$88.00,3,101,0,1,Corporate Auto,Corporate L1,2,Web,$12.85,Four-Door Car,Medsize
UV54502,Washington,3425.96,No,Basic,High School or Below,2011-02-20,Unemployed,F,$0.00,Suburban,Married,$93.00,12,120,0,1,Personal Auto,Personal L3,4,Branch,$447.12,Four-Door Car,Large
JK55587,California,6852.14,No,Basic,High School or Below,2011-02-20,Medical Leave,M,"$31,161.00",Suburban,Married,$88.00,24,122,0,7,Special Auto,Special L3,1,Branch,$421.20,Four-Door Car,Large
MZ82036,Nevada,6600.49,No,Basic,College,2011-02-20,Employed,M,"$57,424.00",Suburban,Divorced,$85.00,41,77,0,6,Personal Auto,Personal L1,2,Branch,$506.70,Four-Door Car,Medsize
XW96958,Nevada,10224.02,No,Premium,High School or Below,2011-02-20,Unemployed,M,$0.00,Suburban,Single,$149.00,8,50,0,6,Corporate Auto,Corporate L3,1,Agent,"$1,610.60",Four-Door Car,Large
IJ50779,Washington,16603.23,Yes,Basic,High School or Below,2011-02-20,Medical Leave,M,"$23,086.00",Suburban,Single,$153.00,1,119,0,2,Personal Auto,Personal L3,1,Call Center,$732.24,SUV,Medsize
YC11951,Oregon,10150.83,Yes,Extended,High School or Below,2011-02-20,Employed,M,"$1,30,013.00",Rural,Divorced,$128.00,16,23,1,6,Corporate Auto,Corporate L2,1,Agent,$250.23,Four-Door Car,Medsize
YG20683,Washington,3861.15,No,Basic,College,2011-02-20,Employed,M,"$69,065.00",Rural,Married,$97.00,5,82,0,1,Personal Auto,Personal L2,2,Branch,$5.72,Four-Door Car,Medsize
OX36896,California,14223.71,No,Extended,High School or Below,2011-02-20,Employed,M,"$1,25,527.00",Rural,Married,$117.00,12,104,1,2,Corporate Auto,Corporate L3,1,Agent,$206.83,Four-Door Car,Medsize
ZS88847,Oregon,3223.27,No,Basic,Bachelor,2011-02-20,Disabled,F,"$37,249.00",Suburban,Married,$84.00,8,39,0,1,Personal Auto,Personal L3,1,Branch,$401.76,Four-Door Car,Large
TP51897,California,3539.44,No,Basic,College,2011-02-20,Employed,F,"$49,738.00",Suburban,Married,$92.00,16,15,3,1,Corporate Auto,Corporate L1,4,Agent,$482.82,Four-Door Car,Medsize
OY95739,Nevada,16603.23,Yes,Basic,High School or Below,2011-02-20,Medical Leave,M,"$23,086.00",Suburban,Single,$153.00,1,119,0,2,Corporate Auto,Corporate L3,1,Call Center,$732.24,SUV,Medsize
XW98867,Oregon,16603.23,Yes,Basic,High School or Below,2011-02-20,Medical Leave,M,"$23,086.00",Suburban,Single,$153.00,1,119,0,2,Personal Auto,Personal L2,1,Call Center,$732.24,SUV,Medsize
LE43061,California,5033.92,No,Premium,High School or Below,2011-02-20,Unemployed,M,$0.00,Suburban,Single,$142.00,18,30,0,1,Personal Auto,Personal L3,1,Web,"$1,020.60",Four-Door Car,Medsize
UP29839,Nevada,25867.34,Yes,Extended,Master,2011-02-20,Employed,F,"$30,652.00",Suburban,Divorced,$323.00,26,80,0,7,Personal Auto,Personal L1,2,Agent,"$1,747.85",Luxury SUV,Medsize
GF94951,Arizona,9553.48,No,Basic,Bachelor,2011-02-20,Unemployed,M,$0.00,Suburban,Single,$92.00,11,12,0,2,Corporate Auto,Corporate L2,1,Branch,$660.96,Two-Door Car,Large
JE71423,Washington,4497.45,No,Extended,College,2011-02-20,Employed,M,"$99,488.00",Suburban,Married,$113.00,38,113,0,1,Personal Auto,Personal L3,3,Call Center,$544.32,Four-Door Car,Medsize
LE65901,Oregon,5987.17,No,Basic,Bachelor,2011-02-20,Employed,F,"$78,411.00",Rural,Married,$151.00,42,89,1,1,Personal Auto,Personal L3,1,Call Center,$139.08,SUV,Medsize
GD55093,California,25867.34,Yes,Extended,Master,2011-02-20,Employed,F,"$30,652.00",Suburban,Divorced,$323.00,26,80,0,7,Personal Auto,Personal L1,2,Agent,"$1,747.85",Luxury SUV,Medsize
NN68193,Washington,7277.96,No,Extended,College,2011-02-20,Employed,M,"$28,944.00",Suburban,Married,$182.00,9,26,0,1,Personal Auto,Personal L3,3,Agent,"$1,312.20",SUV,Medsize
ZR77995,California,5174.41,No,Extended,College,2011-02-20,Employed,M,"$1,31,934.00",Rural,Married,$128.00,24,28,0,1,Personal Auto,Personal L3,2,Web,$131.19,Four-Door Car,Medsize
XE66367,Oregon,10150.83,Yes,Extended,High School or Below,2011-02-20,Employed,M,"$1,30,013.00",Rural,Divorced,$128.00,16,23,1,6,Special Auto,Special L2,1,Agent,$250.23,Four-Door Car,Medsize
YX90754,Nevada,11528.77,No,Basic,High School or Below,2011-02-20,Employed,F,"$74,895.00",Urban,Married,$96.00,9,1,0,2,Personal Auto,Personal L2,2,Branch,$458.19,Two-Door Car,Medsize
WB58031,California,7130.48,No,Basic,High School or Below,2011-02-20,Employed,M,"$53,538.00",Suburban,Married,$89.00,43,72,0,7,Corporate Auto,Corporate L3,1,Branch,$427.68,Four-Door Car,Medsize
LM34525,Washington,11801.78,No,Basic,College,2011-02-20,Employed,F,"$96,649.00",Rural,Divorced,$97.00,20,24,0,2,Personal Auto,Personal L3,3,Branch,$191.33,Four-Door Car,Medsize
RB28630,Oregon,7958.12,No,Basic,High School or Below,2011-02-20,Employed,F,"$53,164.00",Suburban,Married,$100.00,8,74,1,7,Personal Auto,Personal L3,2,Branch,$479.52,Four-Door Car,Small
AZ34845,California,6477.63,No,Basic,Bachelor,2011-02-20,Employed,F,"$1,05,092.00",Urban,Married,$161.00,11,61,0,1,Personal Auto,Personal L3,1,Agent,$462.34,Sports Car,Medsize
LU42720,Nevada,65281.9,No,Extended,College,2011-02-20,Employed,M,"$70,874.00",Suburban,Divorced,$186.00,0,82,0,2,Personal Auto,Personal L2,3,Call Center,"$1,581.58",SUV,Medsize
KX23516,California,6015.39,No,Extended,High School or Below,2011-02-20,Unemployed,F,$0.00,Suburban,Married,$163.00,22,86,0,1,Personal Auto,Personal L3,4,Agent,$944.48,SUV,Medsize
DF62718,California,9847.44,No,Extended,High School or Below,2011-02-20,Employed,F,"$1,12,709.00",Suburban,Married,$122.00,19,27,0,3,Personal Auto,Personal L2,4,Agent,$584.26,Four-Door Car,Large
FN98595,Nevada,10147.72,No,Extended,High School or Below,2011-02-20,Employed,F,"$42,494.00",Rural,Married,$127.00,30,104,0,3,Special Auto,Special L2,2,Branch,$198.38,Four-Door Car,Medsize
IG80173,California,3865.47,No,Basic,Master,2011-02-20,Employed,F,"$49,553.00",Suburban,Married,$96.00,5,61,0,1,Personal Auto,Personal L2,4,Agent,$588.07,Four-Door Car,Small
YU86361,Washington,25867.34,Yes,Extended,Master,2011-02-20,Employed,F,"$30,652.00",Suburban,Divorced,$323.00,26,80,0,7,Personal Auto,Personal L1,2,Agent,"$1,747.85",Luxury SUV,Medsize
MC11907,California,6522.42,No,Basic,High School or Below,2011-02-20,Medical Leave,F,"$31,358.00",Suburban,Married,$86.00,5,0,1,6,Corporate Auto,Corporate L3,1,Agent,$414.72,Four-Door Car,Medsize
HQ70429,Washington,21660.9,No,Basic,College,2011-02-20,Unemployed,F,$0.00,Rural,Single,$88.00,14,14,0,2,Personal Auto,Personal L3,2,Agent,$220.11,Two-Door Car,Medsize
QF55724,California,3522.87,No,Basic,Bachelor,2011-02-20,Employed,M,"$82,077.00",Suburban,Married,$89.00,28,77,0,1,Personal Auto,Personal L3,2,Call Center,$427.68,Four-Door Car,Medsize
SI48717,Oregon,19488.15,No,Extended,College,2011-02-20,Employed,M,"$95,310.00",Suburban,Divorced,$165.00,35,7,1,2,Personal Auto,Personal L3,2,Call Center,$859.93,SUV,Medsize
EU59853,California,5570.93,No,Premium,College,2011-02-20,Employed,M,"$46,008.00",Rural,Married,$144.00,15,65,1,1,Personal Auto,Personal L3,4,Branch,$297.87,Four-Door Car,Medsize
YY74036,California,3326.72,No,Basic,College,2011-02-20,Employed,M,"$98,326.00",Rural,Divorced,$88.00,16,109,3,1,Corporate Auto,Corporate L3,1,Call Center,$124.12,Four-Door Car,Medsize
SB24397,California,10150.83,Yes,Extended,High School or Below,2011-02-20,Employed,M,"$1,30,013.00",Rural,Divorced,$128.00,16,23,1,6,Personal Auto,Personal L3,1,Agent,$250.23,Four-Door Car,Medsize
UA50747,Washington,35096.96,No,Basic,High School or Below,2011-02-20,Employed,F,"$84,054.00",Urban,Married,$97.00,23,3,0,2,Corporate Auto,Corporate L3,4,Branch,$261.23,Four-Door Car,Small
WW37525,California,10340.32,No,Extended,High School or Below,2011-02-20,Employed,M,"$1,29,196.00",Rural,Divorced,$132.00,32,11,3,3,Personal Auto,Personal L3,1,Branch,$134.59,Four-Door Car,Small
VW84197,Oregon,29621.51,No,Basic,Bachelor,2011-02-20,Employed,F,"$35,610.00",Rural,Married,$95.00,30,107,1,2,Personal Auto,Personal L3,2,Branch,$199.52,Four-Door Car,Medsize
SK69036,California,18603.66,No,Premium,Bachelor,2011-02-20,Employed,M,"$34,706.00",Suburban,Divorced,$159.00,28,59,0,2,Personal Auto,Personal L1,1,Branch,$764.64,Four-Door Car,Small
JU66696,California,13244.05,No,Extended,Master,2011-02-20,Unemployed,F,$0.00,Suburban,Married,$177.00,20,122,0,8,Corporate Auto,Corporate L2,3,Branch,$848.88,Sports Car,Large
KX82226,Arizona,4299.98,No,Extended,High School or Below,2011-02-20,Medical Leave,M,"$18,241.00",Suburban,Single,$124.00,19,32,0,1,Personal Auto,Personal L3,4,Call Center,$596.16,Two-Door Car,Medsize
HK93338,Washington,10707.82,No,Basic,High School or Below,2011-02-20,Disabled,F,"$32,088.00",Suburban,Divorced,$93.00,24,19,0,2,Personal Auto,Personal L2,1,Branch,$634.63,Four-Door Car,Medsize
SQ35375,Oregon,6823.35,No,Basic,Doctor,2011-02-20,Employed,F,"$30,025.00",Suburban,Married,$85.00,1,1,0,6,Personal Auto,Personal L3,2,Web,$463.26,Four-Door Car,Medsize
ME87834,Oregon,5695.68,No,Basic,Bachelor,2011-02-20,Employed,M,"$84,235.00",Suburban,Married,$144.00,32,70,0,1,Personal Auto,Personal L3,3,Web,$936.11,SUV,Medsize
WM72573,California,19859.08,No,Extended,College,2011-02-20,Disabled,M,"$30,877.00",Suburban,Married,$177.00,19,24,2,2,Personal Auto,Personal L2,3,Web,"$1,019.04",SUV,Small
KF80172,Nevada,3574.15,Yes,Basic,College,2011-02-20,Employed,M,"$51,133.00",Urban,Single,$93.00,18,20,0,1,Personal Auto,Personal L3,2,Agent,$405.08,Four-Door Car,Medsize
ZI51939,Oregon,7459.88,No,Basic,College,2011-02-20,Employed,M,"$99,137.00",Suburban,Married,$93.00,12,34,0,4,Corporate Auto,Corporate L2,1,Branch,$447.12,Two-Door Car,Small
WD88264,Washington,16603.23,Yes,Basic,High School or Below,2011-02-20,Medical Leave,M,"$23,086.00",Suburban,Single,$153.00,1,119,0,2,Corporate Auto,Corporate L2,1,Call Center,$732.24,SUV,Medsize
DY87071,Arizona,10150.83,Yes,Extended,High School or Below,2011-02-20,Employed,M,"$1,30,013.00",Rural,Divorced,$128.00,16,23,1,6,Personal Auto,Personal L3,1,Agent,$250.23,Four-Door Car,Medsize
MK92016,Oregon,10835.17,No,Basic,Bachelor,2011-02-20,Unemployed,M,$0.00,Suburban,Married,$147.00,14,27,0,6,Corporate Auto,Corporate L3,1,Branch,"$1,212.88",SUV,Medsize
DQ34772,Arizona,8588.49,No,Extended,High School or Below,2011-02-20,Unemployed,M,$0.00,Rural,Married,$119.00,38,31,0,4,Personal Auto,Personal L3,4,Branch,$149.21,Four-Door Car,Medsize
SR96970,Oregon,4710.52,No,Extended,Bachelor,2011-02-20,Unemployed,M,$0.00,Suburban,Married,$132.00,39,50,0,1,Personal Auto,Personal L3,2,Call Center,$952.56,Four-Door Car,Small
NA39347,California,7862.7,No,Basic,College,2011-02-20,Employed,M,"$99,868.00",Urban,Divorced,$99.00,36,113,0,3,Personal Auto,Personal L2,2,Web,$457.01,Four-Door Car,Medsize
CE75354,California,7996.33,No,Basic,Bachelor,2011-02-20,Employed,F,"$49,525.00",Suburban,Married,$100.00,20,34,0,5,Corporate Auto,Corporate L1,1,Branch,$479.52,Four-Door Car,Medsize
GG29821,Oregon,11061.3,No,Basic,Bachelor,2011-02-20,Employed,M,"$74,183.00",Urban,Married,$139.00,34,101,0,7,Corporate Auto,Corporate L1,4,Web,$648.78,SUV,Medsize
RN98239,California,10150.83,Yes,Extended,High School or Below,2011-02-20,Employed,M,"$1,30,013.00",Rural,Divorced,$128.00,16,23,1,6,Personal Auto,Personal L1,1,Agent,$250.23,Four-Door Car,Medsize
ZJ22033,Washington,3574.15,Yes,Basic,College,2011-02-20,Employed,M,"$51,133.00",Urban,Single,$93.00,18,20,0,1,Corporate Auto,Corporate L1,2,Agent,$405.08,Four-Door Car,Medsize
DL61016,Oregon,6669.69,No,Basic,College,2011-02-20,Employed,M,"$89,080.00",Rural,Single,$96.00,4,63,5,4,Special Auto,Special L1,2,Agent,$57.28,Four-Door Car,Medsize
CF50291,California,5768.29,No,Premium,College,2011-02-20,Unemployed,F,$0.00,Suburban,Single,$154.00,0,101,0,1,Personal Auto,Personal L2,1,Call Center,"$1,813.89",Four-Door Car,Small
ZW93288,California,25867.34,Yes,Extended,Master,2011-02-20,Employed,F,"$30,652.00",Suburban,Divorced,$323.00,26,80,0,7,Personal Auto,Personal L1,2,Agent,"$1,747.85",Luxury SUV,Medsize
FM47139,Oregon,3329.61,No,Basic,College,2011-02-20,Employed,F,"$60,554.00",Rural,Married,$85.00,4,96,1,1,Personal Auto,Personal L3,2,Branch,$139.87,Four-Door Car,Medsize
BL13393,Oregon,7962.28,No,Basic,High School or Below,2011-02-20,Employed,F,"$1,05,077.00",Rural,Divorced,$100.00,3,41,1,4,Personal Auto,Personal L3,3,Web,$58.89,Four-Door Car,Medsize
HH15953,California,4068.14,No,Extended,Bachelor,2011-02-20,Disabled,M,"$28,827.00",Suburban,Divorced,$108.00,38,28,0,1,Personal Auto,Personal L3,3,Agent,$777.60,Four-Door Car,Medsize
BS29584,Oregon,3496.09,No,Basic,College,2011-02-20,Unemployed,F,$0.00,Suburban,Single,$99.00,8,15,0,1,Personal Auto,Personal L3,1,Web,$473.04,Four-Door Car,Medsize
SY46862,Arizona,7637.88,No,Extended,High School or Below,2011-02-20,Employed,M,"$1,33,538.00",Rural,Married,$188.00,24,28,0,1,Corporate Auto,Corporate L1,1,Agent,$454.43,Sports Car,Medsize
WP62115,Washington,18718.87,No,Basic,College,2011-02-20,Employed,F,"$72,203.00",Urban,Divorced,$95.00,16,16,0,2,Corporate Auto,Corporate L3,1,Branch,$449.62,Two-Door Car,Medsize
RX93631,Arizona,8692.61,No,Extended,Bachelor,2011-02-20,Employed,F,"$1,21,547.00",Rural,Married,$108.00,38,51,0,3,Personal Auto,Personal L3,2,Call Center,$191.20,Four-Door Car,Medsize
BQ15946,Oregon,9024.84,No,Extended,Doctor,2011-02-20,Employed,M,"$75,965.00",Suburban,Married,$112.00,31,3,0,4,Personal Auto,Personal L2,2,Branch,$537.84,Four-Door Car,Medsize
LN11802,California,35869.96,No,Basic,Master,2011-02-20,Unemployed,M,$0.00,Suburban,Married,$135.00,22,49,0,2,Personal Auto,Personal L3,1,Agent,$648.00,Sports Car,Large
DD27635,Oregon,10864,No,Basic,Doctor,2011-02-20,Disabled,M,"$40,241.00",Rural,Married,$142.00,24,51,1,3,Personal Auto,Personal L1,1,Call Center,$70.82,SUV,Medsize
US43945,California,3404.27,No,Basic,Bachelor,2011-02-20,Employed,F,"$55,683.00",Suburban,Divorced,$86.00,23,8,0,1,Personal Auto,Personal L3,4,Web,$414.72,Two-Door Car,Large
BL42392,Arizona,6516.22,No,Basic,Doctor,2011-02-20,Medical Leave,M,"$25,352.00",Urban,Married,$85.00,14,88,0,4,Personal Auto,Personal L3,3,Agent,$290.60,Four-Door Car,Large
AK72422,California,39217.11,No,Premium,College,2011-02-20,Disabled,M,"$28,445.00",Suburban,Divorced,$263.00,8,63,0,2,Corporate Auto,Corporate L3,1,Call Center,"$1,895.40",Sports Car,Small
YF26585,Nevada,6423.93,No,Basic,High School or Below,2011-02-20,Employed,M,"$1,24,637.00",Suburban,Married,$161.00,7,62,2,1,Corporate Auto,Corporate L3,1,Agent,$814.20,Sports Car,Large
FX72157,Oregon,11551.38,No,Premium,High School or Below,2011-02-20,Employed,F,"$70,794.00",Urban,Single,$147.00,36,78,0,3,Corporate Auto,Corporate L3,2,Agent,$501.13,Four-Door Car,Medsize
RV52244,Arizona,3372.77,No,Basic,Bachelor,2011-02-20,Employed,F,"$42,332.00",Rural,Married,$85.00,3,119,0,1,Personal Auto,Personal L3,2,Branch,$2.72,Four-Door Car,Medsize
EF99768,California,5973.18,No,Basic,High School or Below,2011-02-20,Employed,F,"$51,030.00",Suburban,Divorced,$151.00,0,104,0,1,Corporate Auto,Corporate L1,2,Call Center,$894.67,SUV,Large
ZT63368,Arizona,3535.39,No,Basic,College,2011-02-20,Unemployed,M,$0.00,Suburban,Single,$100.00,3,69,0,1,Personal Auto,Personal L3,1,Agent,$635.79,Four-Door Car,Medsize
DB50188,California,6005.67,No,Basic,College,2011-02-20,Employed,M,"$31,058.00",Suburban,Married,$153.00,23,81,0,1,Personal Auto,Personal L3,1,Branch,"$1,069.34",SUV,Medsize
MQ64736,Washington,4995.57,No,Extended,Bachelor,2011-02-20,Medical Leave,F,"$16,587.00",Suburban,Single,$134.00,15,66,0,1,Personal Auto,Personal L3,2,Call Center,$962.28,Four-Door Car,Small
LK90215,Oregon,3574.15,Yes,Basic,College,2011-02-20,Employed,M,"$51,133.00",Urban,Single,$93.00,18,20,0,1,Personal Auto,Personal L3,2,Agent,$405.08,Four-Door Car,Medsize
NK34682,Oregon,3694.32,No,Basic,Bachelor,2011-02-20,Employed,M,"$53,314.00",Suburban,Married,$92.00,16,12,0,1,Corporate Auto,Corporate L3,1,Agent,$440.64,Four-Door Car,Medsize
DA34555,California,4540.06,No,Extended,College,2011-02-20,Employed,F,"$1,08,186.00",Urban,Married,$112.00,4,45,0,1,Personal Auto,Personal L3,4,Branch,$282.73,Four-Door Car,Medsize
KU56071,Oregon,6738.57,No,Basic,College,2011-02-20,Employed,F,"$1,26,112.00",Urban,Married,$84.00,7,22,0,6,Personal Auto,Personal L1,2,Call Center,$332.44,Two-Door Car,Medsize
VX79712,Washington,9147.5,No,Extended,Doctor,2011-02-20,Employed,M,"$36,928.00",Suburban,Married,$116.00,3,18,1,7,Personal Auto,Personal L3,4,Branch,$557.28,Two-Door Car,Medsize
VE75717,Nevada,6572.89,No,Extended,High School or Below,2011-02-20,Employed,F,"$42,453.00",Suburban,Married,$163.00,16,22,0,1,Personal Auto,Personal L3,1,Web,$784.08,SUV,Large
YK26558,California,7107.27,No,Basic,College,2011-02-20,Unemployed,F,$0.00,Rural,Divorced,$97.00,41,35,0,8,Special Auto,Special L3,1,Branch,$183.45,Four-Door Car,Medsize
TD90177,Oregon,3574.15,Yes,Basic,College,2011-02-20,Employed,M,"$51,133.00",Urban,Single,$93.00,18,20,0,1,Personal Auto,Personal L2,2,Agent,$405.08,Four-Door Car,Medsize
LZ98529,Arizona,14016.38,No,Basic,High School or Below,2011-02-20,Retired,M,"$15,823.00",Suburban,Divorced,$138.00,3,76,2,2,Personal Auto,Personal L2,2,Agent,$757.24,SUV,Medsize
AQ52711,Oregon,9311.63,No,Premium,Bachelor,2011-02-20,Employed,F,"$88,205.00",Suburban,Married,$234.00,12,30,1,1,Personal Auto,Personal L3,1,Agent,"$1,121.04",SUV,Large
AZ43057,California,7757.18,No,Basic,Master,2011-02-20,Employed,M,"$68,577.00",Rural,Married,$97.00,28,80,0,7,Personal Auto,Personal L3,2,Call Center,$87.72,Four-Door Car,Medsize
IV54766,Oregon,25867.34,Yes,Extended,Master,2011-02-20,Employed,F,"$30,652.00",Suburban,Divorced,$323.00,26,80,0,7,Personal Auto,Personal L1,2,Agent,"$1,747.85",Luxury SUV,Medsize
EY97047,Oregon,3574.15,Yes,Basic,College,2011-02-20,Employed,M,"$51,133.00",Urban,Single,$93.00,18,20,0,1,Corporate Auto,Corporate L2,2,Agent,$405.08,Four-Door Car,Medsize
LM79795,Oregon,10109.86,No,Basic,High School or Below,2011-02-20,Employed,M,"$53,463.00",Suburban,Divorced,$86.00,20,80,0,2,Personal Auto,Personal L1,3,Agent,$414.72,Two-Door Car,Small
YA87855,Arizona,9691.95,No,Extended,Master,2011-02-20,Employed,M,"$31,292.00",Suburban,Divorced,$123.00,15,107,0,9,Corporate Auto,Corporate L3,2,Agent,$589.68,Two-Door Car,Medsize
JC37131,Arizona,16603.23,Yes,Basic,High School or Below,2011-02-20,Medical Leave,M,"$23,086.00",Suburban,Single,$153.00,1,119,0,2,Special Auto,Special L3,1,Call Center,$732.24,SUV,Medsize
BS26376,California,10150.83,Yes,Extended,High School or Below,2011-02-20,Employed,M,"$1,30,013.00",Rural,Divorced,$128.00,16,23,1,6,Corporate Auto,Corporate L1,1,Agent,$250.23,Four-Door Car,Medsize
ZM42260,Arizona,10808.05,No,Basic,College,2011-02-20,Employed,M,"$85,532.00",Suburban,Married,$136.00,35,57,0,5,Personal Auto,Personal L2,2,Agent,$763.44,SUV,Medsize
ME37051,California,9909.67,No,Basic,Bachelor,2011-02-20,Employed,M,"$67,723.00",Rural,Divorced,$84.00,20,85,0,2,Personal Auto,Personal L3,1,Agent,$175.50,Two-Door Car,Medsize
XB89264,Nevada,7102.24,No,Basic,High School or Below,2011-02-20,Employed,F,"$81,136.00",Rural,Married,$89.00,46,100,0,3,Corporate Auto,Corporate L2,2,Agent,$1.80,Two-Door Car,Medsize
HY16703,Oregon,9664.02,No,Extended,College,2011-02-20,Employed,M,"$49,225.00",Suburban,Single,$124.00,11,34,0,3,Personal Auto,Personal L3,1,Agent,$596.16,Four-Door Car,Medsize
ZG23976,California,11654.26,No,Premium,Bachelor,2011-02-20,Employed,F,"$1,29,870.00",Suburban,Married,$144.00,12,61,0,3,Personal Auto,Personal L2,2,Web,$693.36,Two-Door Car,Small
YF73402,Oregon,3464.64,No,Basic,High School or Below,2011-02-20,Employed,M,"$91,500.00",Urban,Married,$86.00,23,23,1,1,Personal Auto,Personal L3,2,Agent,$231.24,Four-Door Car,Large
DH51686,Arizona,5465.78,No,Premium,Bachelor,2011-02-20,Unemployed,F,$0.00,Suburban,Single,$159.00,12,35,0,1,Personal Auto,Personal L2,1,Web,$764.64,Four-Door Car,Small
MP85571,Arizona,7503.72,No,Premium,Bachelor,2011-02-20,Unemployed,F,$0.00,Suburban,Single,$254.00,7,82,4,1,Personal Auto,Personal L2,3,Agent,"$2,910.61",SUV,Medsize
OX87524,California,3525.02,No,Basic,Master,2011-02-20,Employed,F,"$1,21,971.00",Suburban,Divorced,$86.00,42,104,0,1,Personal Auto,Personal L3,4,Branch,$588.22,Four-Door Car,Medsize
PC72443,Oregon,6114.25,No,Premium,College,2011-02-20,Employed,F,"$1,27,922.00",Rural,Married,$151.00,0,34,0,1,Personal Auto,Personal L3,3,Agent,$7.36,Four-Door Car,Medsize
WR73970,Arizona,3996.77,No,Basic,Bachelor,2011-02-20,Employed,M,"$1,24,295.00",Suburban,Married,$100.00,22,1,0,1,Corporate Auto,Corporate L2,3,Branch,$497.70,Four-Door Car,Medsize
CG15505,California,25867.34,Yes,Extended,Master,2011-02-20,Employed,F,"$30,652.00",Suburban,Divorced,$323.00,26,80,0,7,Personal Auto,Personal L3,2,Agent,"$1,747.85",Luxury SUV,Medsize
BM46418,Nevada,3743.33,No,Basic,College,2011-02-20,Employed,M,"$41,318.00",Urban,Married,$96.00,15,9,0,1,Personal Auto,Personal L3,2,Branch,$341.61,Two-Door Car,Medsize
VD78722,Oregon,3574.15,Yes,Basic,College,2011-02-20,Employed,M,"$51,133.00",Urban,Single,$93.00,18,20,0,1,Personal Auto,Personal L2,2,Agent,$405.08,Four-Door Car,Medsize
PY57181,Oregon,12712.24,No,Extended,College,2011-02-20,Unemployed,M,$0.00,Suburban,Married,$116.00,12,112,1,2,Personal Auto,Personal L3,2,Call Center,$557.28,Four-Door Car,Medsize
BZ92811,California,8031.14,No,Premium,High School or Below,2011-02-20,Employed,F,"$1,18,965.00",Suburban,Married,$200.00,20,14,0,1,Corporate Auto,Corporate L2,2,Call Center,"$1,134.31",SUV,Medsize
OT42923,California,3714.19,No,Basic,High School or Below,2011-02-20,Employed,M,"$1,17,164.00",Suburban,Single,$95.00,43,92,0,1,Personal Auto,Personal L3,2,Agent,$453.60,Four-Door Car,Medsize
WX16610,California,7863.44,No,Basic,Bachelor,2011-02-20,Employed,F,"$51,964.00",Urban,Married,$97.00,36,46,0,3,Personal Auto,Personal L3,2,Branch,$280.67,Four-Door Car,Medsize
ZT60177,California,5134.04,No,Basic,High School or Below,2011-02-20,Unemployed,F,$0.00,Suburban,Single,$146.00,5,39,0,1,Personal Auto,Personal L3,1,Web,"$1,259.08",Sports Car,Medsize
TS53731,California,11692.13,No,Basic,College,2011-02-20,Employed,F,"$1,07,560.00",Rural,Married,$144.00,39,68,0,3,Personal Auto,Personal L2,3,Call Center,$12.52,SUV,Medsize
CE71123,California,17214.22,No,Basic,Bachelor,2011-02-20,Employed,F,"$44,867.00",Rural,Single,$149.00,24,107,0,2,Personal Auto,Personal L2,1,Call Center,$153.64,SUV,Small
HH49378,California,41660.14,No,Basic,Master,2011-02-20,Employed,M,"$94,327.00",Rural,Married,$150.00,47,14,2,2,Corporate Auto,Corporate L3,2,Web,$294.83,Sports Car,Medsize
NG68910,California,12016.43,No,Basic,High School or Below,2011-02-20,Employed,M,"$63,199.00",Suburban,Married,$153.00,9,26,0,3,Corporate Auto,Corporate L1,4,Agent,$732.24,SUV,Medsize
PH47195,California,7414.72,No,Extended,Bachelor,2011-02-20,Employed,M,"$1,00,266.00",Rural,Divorced,$184.00,1,107,0,1,Personal Auto,Personal L2,1,Call Center,$235.34,Sports Car,Medsize
HS97983,California,41374.3,No,Premium,High School or Below,2011-02-20,Unemployed,F,$0.00,Suburban,Single,$142.00,11,39,0,2,Personal Auto,Personal L2,1,Agent,"$1,636.27",Four-Door Car,Small
CJ35075,California,6298.08,No,Basic,High School or Below,2011-02-20,Unemployed,F,$0.00,Suburban,Single,$92.00,22,47,1,3,Personal Auto,Personal L1,3,Agent,$440.64,Four-Door Car,Medsize
OW68478,California,16603.23,Yes,Basic,High School or Below,2011-02-20,Medical Leave,M,"$23,086.00",Suburban,Single,$153.00,1,119,0,2,Corporate Auto,Corporate L1,1,Call Center,$732.24,SUV,Medsize
AC73173,California,4987.77,No,Basic,Bachelor,2011-02-20,Unemployed,M,$0.00,Suburban,Married,$138.00,18,113,0,1,Personal Auto,Personal L2,3,Call Center,$824.33,SUV,Large
SX51350,California,6397.64,No,Basic,College,2011-02-21,Unemployed,M,$0.00,Suburban,Single,$90.00,31,7,0,3,Personal Auto,Personal L3,1,Agent,$651.24,Four-Door Car,Small
RB69909,Nevada,10777.63,No,Basic,High School or Below,2011-02-21,Employed,F,"$48,619.00",Rural,Married,$93.00,5,54,3,2,Special Auto,Special L1,4,Branch,$234.84,Four-Door Car,Medsize
YL74911,California,11765.14,Yes,Basic,College,2011-02-21,Unemployed,F,$0.00,Suburban,Divorced,$159.00,19,86,0,4,Personal Auto,Personal L3,1,Agent,$764.64,SUV,Medsize
RI78966,Oregon,10491.06,No,Basic,Master,2011-02-21,Medical Leave,M,"$29,533.00",Suburban,Married,$92.00,16,38,0,2,Personal Auto,Personal L3,1,Agent,$628.31,Four-Door Car,Small
VC22097,Washington,11765.14,Yes,Basic,College,2011-02-21,Unemployed,F,$0.00,Suburban,Divorced,$159.00,19,86,0,4,Corporate Auto,Corporate L3,1,Agent,$764.64,SUV,Medsize
SC66359,Arizona,5985.86,No,Basic,College,2011-02-21,Employed,F,"$68,382.00",Rural,Married,$149.00,39,57,0,1,Corporate Auto,Corporate L3,4,Agent,$354.87,SUV,Small
UK41984,Arizona,5183.47,No,Basic,Doctor,2011-02-21,Unemployed,F,$0.00,Suburban,Divorced,$151.00,4,69,2,1,Personal Auto,Personal L2,1,Agent,$725.76,SUV,Medsize
CV31235,Arizona,4298.88,No,Extended,Bachelor,2011-02-21,Employed,M,"$68,835.00",Urban,Married,$108.00,4,15,0,1,Corporate Auto,Corporate L3,2,Agent,$345.60,Four-Door Car,Medsize
CT83377,Washington,5080.91,No,Extended,High School or Below,2011-02-21,Employed,M,"$1,26,353.00",Rural,Married,$131.00,20,41,4,1,Special Auto,Special L2,4,Agent,$67.23,Four-Door Car,Medsize
WS82822,Oregon,7279.16,No,Basic,College,2011-02-21,Employed,F,"$56,244.00",Urban,Divorced,$93.00,36,99,0,6,Corporate Auto,Corporate L3,1,Agent,$294.26,Four-Door Car,Medsize
LN34660,California,12775.2,No,Basic,College,2011-02-21,Employed,F,"$94,033.00",Suburban,Married,$159.00,14,68,0,7,Corporate Auto,Corporate L3,1,Branch,$849.87,SUV,Small
GC15104,Nevada,10779.94,No,Basic,Bachelor,2011-02-21,Employed,F,"$70,658.00",Suburban,Divorced,$95.00,9,74,3,2,Corporate Auto,Corporate L3,3,Web,$453.60,Four-Door Car,Medsize
ON39271,California,3696.3,No,Basic,Master,2011-02-21,Unemployed,M,$0.00,Urban,Married,$100.00,36,123,0,1,Personal Auto,Personal L2,1,Branch,$355.54,Two-Door Car,Medsize
MT23134,Oregon,7189.73,Yes,Basic,High School or Below,2011-02-21,Unemployed,M,$0.00,Suburban,Married,$99.00,23,59,0,7,Personal Auto,Personal L3,2,Call Center,$670.24,Two-Door Car,Medsize
VM92311,Arizona,3414.25,No,Basic,High School or Below,2011-02-21,Employed,F,"$1,20,324.00",Suburban,Single,$86.00,32,126,0,1,Personal Auto,Personal L3,2,Branch,$443.98,Four-Door Car,Medsize
CZ96653,Oregon,11521.97,No,Basic,Bachelor,2011-02-21,Employed,F,"$63,889.00",Rural,Married,$144.00,0,124,0,6,Personal Auto,Personal L2,1,Web,$87.21,SUV,Small
KP72427,Washington,29213.78,No,Basic,High School or Below,2011-02-21,Employed,M,"$87,014.00",Rural,Married,$146.00,7,58,0,2,Personal Auto,Personal L3,2,Agent,$180.54,SUV,Medsize
SW57539,California,11765.14,Yes,Basic,College,2011-02-21,Unemployed,F,$0.00,Suburban,Divorced,$159.00,19,86,0,4,Corporate Auto,Corporate L3,1,Agent,$764.64,SUV,Medsize
KF50730,California,7068.02,No,Extended,Bachelor,2011-02-21,Employed,F,"$96,922.00",Urban,Married,$177.00,26,65,0,1,Personal Auto,Personal L3,2,Web,$617.59,SUV,Medsize
KD47243,California,15927.29,No,Basic,Bachelor,2011-02-21,Employed,F,"$1,23,483.00",Urban,Single,$135.00,15,120,2,2,Personal Auto,Personal L1,1,Agent,$565.47,SUV,Small
SX65826,Arizona,15877.18,No,Extended,Bachelor,2011-02-21,Employed,M,"$49,182.00",Suburban,Married,$134.00,36,80,0,2,Personal Auto,Personal L1,1,Agent,$692.89,Two-Door Car,Small
ZB62469,California,2918.28,No,Basic,High School or Below,2011-02-21,Unemployed,M,$0.00,Suburban,Single,$90.00,45,101,2,1,Corporate Auto,Corporate L3,2,Call Center,$651.24,Two-Door Car,Medsize
GT65065,Oregon,11937.58,No,Basic,Master,2011-02-21,Employed,F,"$56,892.00",Urban,Single,$151.00,1,11,0,3,Personal Auto,Personal L3,4,Branch,$534.84,Sports Car,Medsize
VH43367,California,3383.13,No,Basic,High School or Below,2011-02-21,Employed,F,"$82,893.00",Suburban,Married,$85.00,19,76,2,1,Special Auto,Special L1,1,Agent,$408.24,Four-Door Car,Medsize
CP32818,Oregon,6115.45,No,Basic,Bachelor,2011-02-21,Employed,M,"$86,765.00",Rural,Single,$158.00,16,78,0,1,Personal Auto,Personal L3,2,Agent,$62.24,Sports Car,Small
BP83941,Arizona,11335.04,No,Basic,Master,2011-02-21,Unemployed,F,$0.00,Suburban,Married,$155.00,24,108,1,3,Personal Auto,Personal L2,3,Web,$745.20,SUV,Medsize
SH51981,Washington,7082.18,No,Basic,College,2011-02-21,Employed,M,"$94,906.00",Suburban,Divorced,$90.00,9,58,0,7,Personal Auto,Personal L2,3,Agent,$444.07,Four-Door Car,Small
GZ79662,Arizona,7404.19,No,Basic,High School or Below,2011-02-21,Employed,M,"$64,275.00",Suburban,Married,$93.00,23,88,0,4,Corporate Auto,Corporate L3,2,Call Center,$801.43,Four-Door Car,Small
EF84269,California,7517.69,No,Extended,College,2011-02-21,Employed,F,"$69,510.00",Rural,Married,$188.00,19,14,0,1,Personal Auto,Personal L2,1,Web,$319.60,SUV,Medsize
OM63414,Arizona,6846.73,No,Basic,Bachelor,2011-02-21,Employed,F,"$84,048.00",Rural,Single,$88.00,19,23,0,5,Personal Auto,Personal L3,1,Agent,$158.56,Two-Door Car,Large
NS38229,Nevada,6920.15,No,Basic,College,2011-02-21,Employed,F,"$85,248.00",Rural,Married,$86.00,1,123,0,4,Personal Auto,Personal L2,1,Agent,$118.21,Four-Door Car,Medsize
XT10744,Arizona,11603.45,No,Basic,College,2011-02-21,Employed,M,"$38,395.00",Suburban,Married,$99.00,14,132,0,2,Special Auto,Special L2,2,Call Center,$926.13,Two-Door Car,Small
BN83547,Nevada,3858.91,No,Basic,High School or Below,2011-02-21,Employed,F,"$54,953.00",Rural,Married,$96.00,41,130,0,1,Personal Auto,Personal L1,3,Agent,$224.27,Four-Door Car,Medsize
SI20178,California,5974.97,No,Basic,High School or Below,2011-02-21,Employed,M,"$1,09,204.00",Suburban,Married,$149.00,20,103,0,1,Personal Auto,Personal L3,3,Branch,$712.80,SUV,Medsize
SD77009,California,11251.39,No,Extended,College,2011-02-21,Unemployed,M,$0.00,Suburban,Single,$184.00,9,82,2,3,Personal Auto,Personal L3,3,Web,"$1,321.92",SUV,Medsize
EY74093,Nevada,6755.58,No,Basic,High School or Below,2011-02-21,Employed,M,"$1,17,226.00",Rural,Single,$86.00,3,126,0,8,Corporate Auto,Corporate L1,4,Agent,$0.13,Four-Door Car,Medsize
WO83615,Nevada,7283.84,No,Extended,Bachelor,2011-02-21,Employed,M,"$59,463.00",Suburban,Married,$185.00,16,51,0,1,Corporate Auto,Corporate L3,2,Branch,"$1,308.46",Sports Car,Medsize
XF15789,Arizona,11973.99,No,Basic,College,2011-02-21,Employed,F,"$1,09,823.00",Rural,Married,$149.00,1,38,0,9,Personal Auto,Personal L3,3,Branch,$308.05,SUV,Large
NL85206,California,3472.81,No,Basic,College,2011-02-21,Employed,F,"$98,125.00",Rural,Married,$92.00,27,131,5,1,Personal Auto,Personal L3,4,Branch,$19.53,Four-Door Car,Medsize
IA11644,California,27815.42,No,Basic,High School or Below,2011-02-21,Unemployed,M,$0.00,Suburban,Single,$97.00,11,82,1,2,Special Auto,Special L3,3,Branch,$976.06,Two-Door Car,Medsize
FY73682,California,26468.59,No,Basic,Bachelor,2011-02-21,Unemployed,M,$0.00,Suburban,Single,$262.00,0,30,0,2,Personal Auto,Personal L2,1,Agent,"$1,257.12",Luxury SUV,Medsize
KM18818,Arizona,3497.38,No,Basic,College,2011-02-21,Employed,F,"$35,074.00",Rural,Married,$88.00,45,51,0,1,Personal Auto,Personal L3,1,Agent,$104.69,Two-Door Car,Large
GA46608,Oregon,3376.13,No,Basic,Bachelor,2011-02-21,Employed,M,"$34,964.00",Suburban,Married,$85.00,27,49,0,1,Personal Auto,Personal L1,3,Agent,$408.24,Four-Door Car,Medsize
BN74259,Arizona,3825.63,No,Basic,High School or Below,2011-02-21,Employed,M,"$61,236.00",Suburban,Divorced,$99.00,22,96,0,1,Corporate Auto,Corporate L1,2,Branch,$473.04,Four-Door Car,Medsize
GI82721,Arizona,22866.7,No,Basic,College,2011-02-21,Unemployed,F,$0.00,Suburban,Single,$93.00,32,134,0,2,Corporate Auto,Corporate L1,1,Branch,$460.05,Four-Door Car,Medsize
NS74173,Nevada,4006.9,No,Basic,College,2011-02-21,Employed,M,"$1,23,722.00",Rural,Married,$100.00,16,14,0,1,Corporate Auto,Corporate L1,2,Branch,$77.87,Two-Door Car,Medsize
KO95143,California,11504.35,No,Premium,High School or Below,2011-02-21,Employed,M,"$51,179.00",Suburban,Married,$146.00,9,12,0,7,Personal Auto,Personal L3,1,Agent,$699.84,Four-Door Car,Medsize
LR27773,California,7194.25,No,Basic,Bachelor,2011-02-21,Employed,F,"$58,956.00",Urban,Married,$90.00,8,90,0,3,Corporate Auto,Corporate L2,3,Agent,$257.38,Four-Door Car,Medsize
XN32623,Oregon,7611.5,No,Basic,Bachelor,2011-02-21,Employed,M,"$1,15,960.00",Rural,Married,$95.00,38,36,0,3,Personal Auto,Personal L3,2,Call Center,$65.65,Four-Door Car,Medsize
JJ66819,Oregon,4036.45,No,Basic,Bachelor,2011-02-21,Employed,F,"$1,07,820.00",Rural,Divorced,$100.00,34,103,1,1,Personal Auto,Personal L2,1,Branch,$105.53,Four-Door Car,Small
UL90124,Oregon,6802.62,No,Extended,High School or Below,2011-02-21,Employed,F,"$98,441.00",Suburban,Married,$176.00,27,30,5,1,Personal Auto,Personal L3,4,Agent,"$1,263.60",SUV,Small
RV22056,Oregon,6711.33,No,Extended,Bachelor,2011-02-21,Employed,F,"$1,33,358.00",Rural,Married,$167.00,9,49,1,1,Personal Auto,Personal L3,2,Web,$209.81,Sports Car,Medsize
TN51356,Oregon,3308.69,No,Basic,Bachelor,2011-02-21,Employed,M,"$1,11,638.00",Urban,Divorced,$84.00,14,53,0,1,Personal Auto,Personal L2,3,Web,$294.23,Four-Door Car,Medsize
GD17919,Arizona,19515.41,No,Extended,College,2011-02-21,Unemployed,F,$0.00,Suburban,Single,$105.00,3,85,0,2,Special Auto,Special L2,1,Call Center,$758.16,Four-Door Car,Medsize
XA27536,Washington,4875.1,No,Extended,College,2011-02-21,Employed,M,"$85,494.00",Suburban,Divorced,$124.00,45,117,0,1,Personal Auto,Personal L3,1,Web,$596.16,Four-Door Car,Medsize
YV93784,Arizona,12113.7,No,Basic,Master,2011-02-21,Employed,F,"$94,144.00",Urban,Married,$150.00,15,9,0,3,Personal Auto,Personal L3,1,Branch,$572.97,SUV,Medsize
DY18947,Arizona,12355.86,No,Premium,High School or Below,2011-02-21,Employed,F,"$81,571.00",Rural,Married,$154.00,31,59,0,9,Personal Auto,Personal L3,1,Call Center,$185.78,Four-Door Car,Medsize
FM38725,Oregon,3283.43,No,Basic,High School or Below,2011-02-21,Unemployed,F,$0.00,Suburban,Single,$93.00,3,68,0,1,Personal Auto,Personal L3,4,Web,"$1,031.67",Four-Door Car,Medsize
SF15712,Oregon,5270.13,No,Extended,High School or Below,2011-02-21,Employed,M,"$69,975.00",Rural,Divorced,$134.00,1,24,0,1,Personal Auto,Personal L3,3,Agent,$257.19,Four-Door Car,Medsize
MW80236,Washington,10691.77,No,Basic,Master,2011-02-21,Unemployed,M,$0.00,Suburban,Married,$95.00,18,24,0,2,Personal Auto,Personal L1,1,Agent,$453.60,Four-Door Car,Medsize
FG31425,Arizona,3416.59,No,Basic,College,2011-02-21,Employed,F,"$51,045.00",Suburban,Married,$85.00,34,19,0,1,Special Auto,Special L2,4,Agent,$492.75,Four-Door Car,Medsize
KL65897,California,8547.31,No,Extended,Bachelor,2011-02-21,Unemployed,F,$0.00,Rural,Married,$117.00,4,111,0,3,Personal Auto,Personal L2,1,Branch,$127.86,Two-Door Car,Medsize
VJ24328,Oregon,3508.71,No,Basic,High School or Below,2011-02-21,Employed,M,"$71,578.00",Suburban,Married,$92.00,38,96,4,1,Personal Auto,Personal L2,1,Agent,$440.64,Four-Door Car,Medsize
RL28918,California,22281.7,No,Basic,High School or Below,2011-02-21,Employed,M,"$56,900.00",Urban,Married,$140.00,5,39,0,2,Personal Auto,Personal L1,3,Branch,$495.42,SUV,Small
YD45065,Oregon,11765.14,Yes,Basic,College,2011-02-21,Unemployed,F,$0.00,Suburban,Divorced,$159.00,19,86,0,4,Personal Auto,Personal L3,1,Agent,$764.64,SUV,Medsize
QJ22615,Arizona,6589.75,No,Basic,Master,2011-02-21,Employed,F,"$51,297.00",Suburban,Married,$82.00,35,36,0,7,Special Auto,Special L3,2,Call Center,$395.28,Four-Door Car,Medsize
RY32848,Oregon,21382.77,No,Extended,Doctor,2011-02-21,Employed,M,"$60,656.00",Rural,Married,$178.00,26,57,0,2,Personal Auto,Personal L3,2,Call Center,$149.92,SUV,Medsize
PT70350,Oregon,38489.89,No,Premium,High School or Below,2011-02-21,Employed,M,"$37,269.00",Suburban,Married,$140.00,20,76,0,2,Corporate Auto,Corporate L1,4,Agent,$864.79,Four-Door Car,Medsize
EZ71780,Arizona,11890.11,No,Extended,High School or Below,2011-02-21,Disabled,F,"$36,266.00",Suburban,Divorced,$105.00,24,16,0,2,Special Auto,Special L1,3,Agent,$505.44,Four-Door Car,Medsize
TN64240,California,10602.85,No,Extended,Bachelor,2011-02-21,Employed,F,"$57,486.00",Suburban,Divorced,$134.00,1,77,0,5,Corporate Auto,Corporate L3,4,Call Center,$849.62,Four-Door Car,Small
TE31876,California,15949.62,No,Basic,High School or Below,2011-02-21,Employed,F,"$55,355.00",Suburban,Married,$138.00,20,35,3,2,Personal Auto,Personal L3,1,Call Center,$660.96,Sports Car,Large
SB41594,California,3433.06,No,Basic,College,2011-02-21,Employed,M,"$36,033.00",Suburban,Married,$88.00,9,69,0,1,Personal Auto,Personal L3,3,Agent,$421.20,Four-Door Car,Large
JB11283,California,17203.52,No,Basic,Bachelor,2011-02-21,Employed,M,"$1,34,437.00",Rural,Divorced,$86.00,47,115,0,2,Personal Auto,Personal L2,3,Branch,$134.56,Four-Door Car,Large
JD94356,Oregon,6434.6,No,Basic,Bachelor,2011-02-21,Unemployed,F,$0.00,Suburban,Single,$92.00,4,49,0,9,Personal Auto,Personal L2,1,Agent,$886.90,Four-Door Car,Medsize
KE36052,Arizona,7189.73,Yes,Basic,High School or Below,2011-02-21,Unemployed,M,$0.00,Suburban,Married,$99.00,23,59,0,7,Corporate Auto,Corporate L1,2,Call Center,$670.24,Two-Door Car,Medsize
VG83453,California,4802.45,No,Extended,Doctor,2011-02-21,Disabled,M,"$23,317.00",Suburban,Married,$126.00,41,78,0,1,Personal Auto,Personal L2,4,Call Center,$602.64,Two-Door Car,Medsize
MQ73697,Nevada,5098.5,No,Extended,College,2011-02-21,Employed,F,"$92,781.00",Urban,Married,$127.00,26,103,0,1,Corporate Auto,Corporate L3,4,Call Center,$521.80,Two-Door Car,Large
SG62327,Nevada,10950.73,No,Basic,High School or Below,2011-02-21,Employed,M,"$41,340.00",Suburban,Married,$92.00,30,116,0,2,Corporate Auto,Corporate L3,1,Agent,$440.64,Four-Door Car,Small
EU48798,Nevada,11016.79,No,Basic,College,2011-02-21,Disabled,F,"$33,723.00",Suburban,Divorced,$96.00,46,19,0,2,Personal Auto,Personal L3,2,Web,$690.12,Two-Door Car,Medsize
IQ63581,California,6840.22,No,Basic,Master,2011-02-21,Employed,F,"$54,290.00",Rural,Divorced,$86.00,15,30,0,3,Personal Auto,Personal L2,3,Branch,$132.95,Four-Door Car,Medsize
WC26700,California,10119.16,No,Premium,Bachelor,2011-02-21,Unemployed,F,$0.00,Suburban,Single,$143.00,31,61,0,5,Corporate Auto,Corporate L2,1,Branch,"$1,030.32",Four-Door Car,Medsize
TH72397,California,8477.75,No,Extended,Bachelor,2011-02-21,Employed,M,"$68,259.00",Suburban,Married,$107.00,26,46,0,9,Personal Auto,Personal L2,2,Call Center,$735.77,Four-Door Car,Medsize
GU42671,Arizona,8244.37,No,Extended,Bachelor,2011-02-21,Medical Leave,F,"$22,483.00",Suburban,Married,$107.00,31,42,0,7,Personal Auto,Personal L3,1,Branch,$511.92,Four-Door Car,Medsize
XV53746,California,22253.42,No,Basic,High School or Below,2011-02-21,Employed,F,"$1,23,328.00",Suburban,Married,$92.00,41,35,0,2,Special Auto,Special L2,2,Agent,$488.22,Two-Door Car,Medsize
MS20849,California,9106.95,No,Extended,College,2011-02-21,Employed,M,"$71,628.00",Rural,Married,$123.00,22,59,4,3,Personal Auto,Personal L2,1,Agent,$282.78,Four-Door Car,Medsize
GS26763,California,15705.33,No,Extended,Bachelor,2011-02-21,Employed,F,"$53,553.00",Suburban,Married,$132.00,18,85,0,2,Personal Auto,Personal L3,2,Agent,$665.46,Two-Door Car,Small
IY38767,Oregon,7189.73,Yes,Basic,High School or Below,2011-02-21,Unemployed,M,$0.00,Suburban,Married,$99.00,23,59,0,7,Personal Auto,Personal L3,2,Call Center,$670.24,Two-Door Car,Medsize
AN97123,Nevada,30112.19,No,Premium,College,2011-02-21,Unemployed,F,$0.00,Urban,Married,$138.00,18,120,0,2,Personal Auto,Personal L2,4,Agent,$542.06,Two-Door Car,Medsize
NE57101,Oregon,5730.03,No,Basic,College,2011-02-21,Employed,M,"$46,197.00",Suburban,Married,$147.00,31,96,1,1,Corporate Auto,Corporate L3,2,Branch,$706.32,SUV,Medsize
AC67315,Nevada,18713.84,No,Basic,Bachelor,2011-02-21,Employed,F,"$1,30,883.00",Suburban,Married,$155.00,27,100,0,2,Personal Auto,Personal L2,4,Agent,$854.73,Sports Car,Large
QD98396,California,6764.74,No,Extended,College,2011-02-21,Employed,M,"$61,920.00",Suburban,Married,$170.00,42,16,0,1,Personal Auto,Personal L2,1,Agent,$816.48,Sports Car,Medsize
CJ78727,California,3018.72,No,Basic,Bachelor,2011-02-21,Unemployed,F,$0.00,Suburban,Married,$86.00,16,76,3,1,Corporate Auto,Corporate L1,4,Call Center,$414.72,Two-Door Car,Medsize
QD97878,Nevada,5965.81,No,Premium,Master,2011-02-21,Medical Leave,M,"$32,462.00",Suburban,Married,$157.00,36,63,0,1,Personal Auto,Personal L2,4,Agent,$751.68,Two-Door Car,Small
OT53330,Arizona,14472.56,No,Extended,Bachelor,2011-02-21,Employed,F,"$47,030.00",Suburban,Single,$188.00,5,3,1,4,Personal Auto,Personal L3,1,Branch,$900.72,SUV,Medsize
AZ50087,California,9189.82,No,Extended,Bachelor,2011-02-21,Employed,M,"$44,262.00",Suburban,Married,$116.00,4,116,0,7,Personal Auto,Personal L2,2,Branch,$767.59,Two-Door Car,Large
PR31509,Nevada,7197.96,No,Basic,Bachelor,2011-02-21,Unemployed,M,$0.00,Suburban,Married,$96.00,42,95,0,3,Personal Auto,Personal L3,1,Branch,$460.08,Four-Door Car,Medsize
XC43591,Oregon,17389.01,No,Premium,College,2011-02-21,Employed,M,"$33,171.00",Suburban,Married,$147.00,28,30,0,2,Personal Auto,Personal L3,1,Agent,$706.32,Four-Door Car,Medsize
MU53420,Oregon,7189.73,Yes,Basic,High School or Below,2011-02-21,Unemployed,M,$0.00,Suburban,Married,$99.00,23,59,0,7,Personal Auto,Personal L3,2,Call Center,$670.24,Two-Door Car,Medsize
GG24674,California,3371.68,No,Basic,High School or Below,2011-02-21,Retired,F,"$20,952.00",Suburban,Married,$89.00,28,22,0,1,Personal Auto,Personal L1,3,Web,$427.68,Two-Door Car,Medsize
XK99408,California,12390.24,No,Basic,High School or Below,2011-02-21,Employed,F,"$39,282.00",Suburban,Married,$155.00,28,26,0,4,Personal Auto,Personal L1,3,Web,$922.80,SUV,Medsize
NT97069,Washington,3420.55,No,Basic,Bachelor,2011-02-21,Employed,M,"$72,884.00",Urban,Married,$86.00,14,23,0,1,Personal Auto,Personal L1,4,Agent,$279.21,Two-Door Car,Medsize
JQ66292,Oregon,3500.4,No,Basic,Master,2011-02-21,Employed,F,"$48,202.00",Suburban,Single,$88.00,26,61,0,1,Personal Auto,Personal L2,2,Agent,$421.20,Two-Door Car,Small
UZ80048,Oregon,8351.06,No,Extended,College,2011-02-21,Retired,M,"$37,801.00",Suburban,Married,$112.00,20,57,0,5,Personal Auto,Personal L3,3,Agent,$592.35,Two-Door Car,Large
JF38079,California,12258.82,No,Basic,High School or Below,2011-02-21,Employed,M,"$94,302.00",Rural,Married,$154.00,20,57,2,3,Personal Auto,Personal L1,1,Call Center,$329.78,SUV,Medsize
CZ25193,Arizona,5505.69,No,Premium,Bachelor,2011-02-21,Employed,M,"$76,992.00",Rural,Married,$140.00,22,14,1,1,Personal Auto,Personal L1,1,Agent,$18.64,Four-Door Car,Medsize
XX32359,California,7189.73,Yes,Basic,High School or Below,2011-02-21,Unemployed,M,$0.00,Suburban,Married,$99.00,23,59,0,7,Personal Auto,Personal L1,2,Call Center,$670.24,Two-Door Car,Medsize
MM83308,Arizona,3212.76,No,Basic,High School or Below,2011-02-21,Employed,M,"$93,423.00",Suburban,Single,$82.00,45,16,0,1,Personal Auto,Personal L2,2,Web,$395.28,Two-Door Car,Small
SO98684,California,4664.48,No,Extended,High School or Below,2011-02-21,Unemployed,F,$0.00,Suburban,Single,$123.00,22,85,0,1,Personal Auto,Personal L2,1,Call Center,$919.40,Four-Door Car,Small
SJ15498,Oregon,9250.69,No,Extended,Bachelor,2011-02-21,Employed,F,"$35,523.00",Suburban,Single,$117.00,8,104,0,7,Corporate Auto,Corporate L2,1,Agent,$563.76,Two-Door Car,Medsize
ZB87718,Arizona,11765.14,Yes,Basic,College,2011-02-21,Unemployed,F,$0.00,Suburban,Divorced,$159.00,19,86,0,4,Personal Auto,Personal L1,1,Agent,$764.64,SUV,Medsize
PD79570,Oregon,5851.18,No,Premium,Bachelor,2011-02-21,Unemployed,F,$0.00,Suburban,Single,$157.00,8,117,0,1,Personal Auto,Personal L3,2,Agent,"$1,438.58",Four-Door Car,Small
WW68250,Oregon,3671,No,Basic,Bachelor,2011-02-21,Employed,M,"$1,10,429.00",Suburban,Married,$92.00,31,131,0,1,Personal Auto,Personal L3,2,Agent,$440.64,Four-Door Car,Small
JA44693,Oregon,9750.85,No,Basic,College,2011-02-21,Unemployed,F,$0.00,Suburban,Divorced,$92.00,7,49,0,2,Personal Auto,Personal L3,3,Branch,$472.78,Four-Door Car,Small
DW72437,Oregon,3687.39,No,Basic,Master,2011-02-21,Employed,F,"$58,571.00",Urban,Married,$92.00,18,107,0,1,Personal Auto,Personal L2,3,Call Center,$425.73,Two-Door Car,Medsize
WM46083,Arizona,3231.65,No,Basic,Master,2011-02-21,Employed,M,"$78,620.00",Urban,Divorced,$85.00,46,30,3,1,Personal Auto,Personal L2,4,Branch,$369.48,Two-Door Car,Medsize
UO40726,Oregon,4247.15,No,Extended,Bachelor,2011-02-21,Employed,F,"$37,920.00",Suburban,Single,$111.00,15,97,1,1,Personal Auto,Personal L2,4,Agent,$556.01,Two-Door Car,Medsize
RQ41621,Arizona,3864.68,No,Basic,Doctor,2011-02-21,Employed,F,"$87,264.00",Urban,Divorced,$99.00,7,127,2,1,Personal Auto,Personal L3,3,Agent,$442.68,Four-Door Car,Medsize
UR67446,California,10642.03,No,Extended,High School or Below,2011-02-21,Employed,F,"$31,367.00",Suburban,Married,$134.00,38,96,0,4,Personal Auto,Personal L3,2,Call Center,$793.34,Four-Door Car,Medsize
AM72411,Oregon,3077.59,No,Basic,High School or Below,2011-02-21,Medical Leave,M,"$31,392.00",Suburban,Divorced,$82.00,27,66,0,1,Personal Auto,Personal L1,2,Branch,$395.28,Two-Door Car,Medsize
NE55975,Nevada,6727.2,No,Extended,High School or Below,2011-02-21,Unemployed,F,$0.00,Suburban,Divorced,$180.00,12,115,0,1,Personal Auto,Personal L3,1,Branch,"$1,292.76",Sports Car,Large
QY37300,Nevada,18228.55,No,Basic,Master,2011-02-21,Employed,M,"$77,250.00",Urban,Married,$151.00,4,119,1,2,Personal Auto,Personal L2,2,Branch,$401.20,Sports Car,Medsize
NI27358,Arizona,9794.44,No,Basic,College,2011-02-21,Employed,F,"$90,925.00",Urban,Married,$244.00,9,108,1,1,Personal Auto,Personal L3,3,Branch,$757.28,Luxury Car,Small
QY41527,Arizona,5637.53,No,Basic,Bachelor,2011-02-21,Employed,M,"$31,131.00",Suburban,Married,$147.00,18,34,3,1,Corporate Auto,Corporate L3,4,Agent,$987.32,SUV,Medsize
OZ58610,Arizona,10227.12,No,Basic,High School or Below,2011-02-21,Unemployed,M,$0.00,Suburban,Single,$147.00,41,117,0,4,Personal Auto,Personal L3,2,Branch,"$1,059.48",SUV,Medsize
XI68015,Washington,6678.4,No,Basic,College,2011-02-21,Employed,F,"$62,423.00",Rural,Single,$90.00,23,1,3,4,Personal Auto,Personal L3,3,Web,$8.63,Four-Door Car,Medsize
UO48558,California,4040.71,No,Extended,High School or Below,2011-02-21,Employed,M,"$31,424.00",Suburban,Married,$104.00,19,92,2,1,Corporate Auto,Corporate L1,1,Branch,$498.96,Four-Door Car,Medsize
QP76867,Oregon,21806.42,No,Basic,College,2011-02-21,Unemployed,M,$0.00,Suburban,Divorced,$147.00,16,89,0,2,Personal Auto,Personal L3,1,Agent,"$1,150.82",Sports Car,Large
VA82895,Oregon,5552.34,No,Basic,High School or Below,2011-02-21,Disabled,F,"$33,791.00",Suburban,Married,$153.00,22,131,4,1,Personal Auto,Personal L3,2,Branch,$732.24,Sports Car,Medsize
UW10841,California,13467.93,No,Basic,Bachelor,2011-02-21,Employed,M,"$1,00,055.00",Urban,Married,$85.00,32,32,0,2,Personal Auto,Personal L2,2,Branch,$371.72,Four-Door Car,Medsize
BE92692,Oregon,3358.5,No,Basic,Bachelor,2011-02-21,Employed,M,"$93,469.00",Rural,Married,$85.00,42,112,1,1,Personal Auto,Personal L2,3,Branch,$149.67,Four-Door Car,Medsize
HB17438,Washington,14270.56,No,Extended,Bachelor,2011-02-21,Employed,M,"$1,24,259.00",Urban,Married,$178.00,9,104,0,3,Personal Auto,Personal L1,4,Web,$833.34,SUV,Medsize
CE92675,California,9437.43,No,Basic,College,2011-02-21,Unemployed,F,$0.00,Suburban,Single,$92.00,32,3,0,2,Personal Auto,Personal L1,2,Web,$440.64,Four-Door Car,Large
IL23615,Oregon,4522.83,No,Extended,College,2011-02-21,Employed,M,"$1,00,940.00",Suburban,Single,$116.00,31,14,0,1,Personal Auto,Personal L2,2,Branch,$557.28,Four-Door Car,Large
BO87401,Nevada,11765.14,Yes,Basic,College,2011-02-21,Unemployed,F,$0.00,Suburban,Divorced,$159.00,19,86,0,4,Personal Auto,Personal L1,1,Agent,$764.64,SUV,Medsize
LM84078,Oregon,16437.61,No,Basic,College,2011-02-21,Unemployed,M,$0.00,Suburban,Single,$158.00,7,4,0,2,Personal Auto,Personal L2,3,Web,"$1,853.90",SUV,Medsize
II92123,Oregon,12732.36,No,Extended,High School or Below,2011-02-21,Employed,M,"$1,04,443.00",Rural,Divorced,$107.00,5,47,0,2,Personal Auto,Personal L2,2,Agent,$3.81,Two-Door Car,Medsize
DL14445,California,14325.61,No,Extended,College,2011-02-21,Unemployed,F,$0.00,Suburban,Single,$130.00,39,7,0,2,Personal Auto,Personal L2,3,Branch,"$1,282.44",Four-Door Car,Small
FZ29605,California,3148.33,No,Basic,College,2011-02-21,Unemployed,M,$0.00,Suburban,Single,$90.00,5,134,0,1,Corporate Auto,Corporate L1,3,Web,$651.24,Four-Door Car,Small
OW54561,California,4745.87,No,Basic,College,2011-02-21,Unemployed,M,$0.00,Suburban,Single,$139.00,41,18,2,1,Personal Auto,Personal L3,3,Web,"$1,001.16",Sports Car,Small
QZ34525,California,9441.06,No,Basic,Bachelor,2011-02-21,Unemployed,M,$0.00,Suburban,Single,$89.00,9,80,0,2,Personal Auto,Personal L3,1,Agent,$593.60,Four-Door Car,Medsize
CB17191,California,4374.9,No,Extended,High School or Below,2011-02-21,Employed,F,"$41,372.00",Rural,Married,$109.00,35,35,0,1,Corporate Auto,Corporate L2,1,Agent,$173.58,Four-Door Car,Medsize
JG83075,California,9078.81,No,Extended,College,2011-02-21,Unemployed,F,$0.00,Suburban,Single,$128.00,20,11,0,5,Corporate Auto,Corporate L3,1,Agent,$923.40,Four-Door Car,Medsize
IO81315,California,3321.23,No,Basic,College,2011-02-21,Employed,F,"$93,475.00",Rural,Married,$82.00,19,113,0,1,Personal Auto,Personal L2,3,Web,$64.74,Four-Door Car,Small
RE85409,California,7272.41,No,Basic,High School or Below,2011-02-21,Employed,M,"$1,26,756.00",Rural,Married,$90.00,22,95,0,8,Personal Auto,Personal L2,3,Agent,$133.19,Four-Door Car,Medsize
BD35524,California,3564.66,No,Basic,Bachelor,2011-02-21,Disabled,M,"$21,298.00",Suburban,Married,$93.00,27,80,0,1,Personal Auto,Personal L2,2,Call Center,$455.76,Two-Door Car,Medsize
FR66336,California,7189.73,Yes,Basic,High School or Below,2011-02-21,Unemployed,M,$0.00,Suburban,Married,$99.00,23,59,0,7,Personal Auto,Personal L3,2,Call Center,$670.24,Two-Door Car,Medsize
HZ39601,California,18153.95,No,Extended,College,2011-02-21,Retired,F,"$36,056.00",Suburban,Divorced,$165.00,14,32,0,2,Personal Auto,Personal L2,2,Call Center,$790.56,SUV,Medsize
JR89623,California,3643.24,No,Basic,High School or Below,2011-02-21,Employed,F,"$1,02,634.00",Rural,Married,$90.00,39,0,0,1,Corporate Auto,Corporate L3,2,Branch,$203.88,Four-Door Car,Medsize
ND87334,California,3088.26,No,Basic,High School or Below,2011-02-22,Unemployed,M,$0.00,Suburban,Married,$85.00,1,7,0,1,Corporate Auto,Corporate L3,2,Agent,$917.15,Two-Door Car,Medsize
HL53154,California,10011.87,No,Extended,Bachelor,2011-02-22,Unemployed,M,$0.00,Suburban,Single,$104.00,20,16,2,2,Personal Auto,Personal L3,1,Agent,$748.44,Four-Door Car,Medsize
JI71369,California,6893.25,No,Basic,College,2011-02-22,Employed,F,"$40,649.00",Rural,Married,$86.00,3,5,0,5,Personal Auto,Personal L1,1,Web,$189.22,Four-Door Car,Medsize
UC33108,California,8860.92,No,Extended,Bachelor,2011-02-22,Employed,M,"$43,706.00",Suburban,Married,$112.00,23,112,0,6,Personal Auto,Personal L1,1,Agent,$537.84,Four-Door Car,Small
EN61670,Arizona,7198.82,Yes,Basic,Doctor,2011-02-22,Employed,F,"$93,057.00",Urban,Married,$89.00,43,41,0,7,Personal Auto,Personal L1,2,Branch,$417.93,Four-Door Car,Medsize
SW31412,Oregon,19990.88,No,Basic,College,2011-02-22,Employed,F,"$55,944.00",Suburban,Married,$84.00,27,108,1,2,Personal Auto,Personal L3,3,Agent,$401.76,Four-Door Car,Small
JY27336,Oregon,11077.27,No,Basic,College,2011-02-22,Employed,F,"$1,15,884.00",Rural,Married,$138.00,19,107,2,4,Corporate Auto,Corporate L3,2,Agent,$187.28,SUV,Medsize
XR70252,California,6465.06,No,Basic,High School or Below,2011-02-22,Unemployed,F,$0.00,Suburban,Married,$90.00,3,66,1,3,Personal Auto,Personal L2,2,Web,$434.16,Two-Door Car,Medsize
PR53785,Arizona,10067.27,No,Basic,High School or Below,2011-02-22,Unemployed,F,$0.00,Suburban,Married,$267.00,24,74,1,1,Personal Auto,Personal L3,1,Branch,"$2,129.86",Luxury Car,Small
OB96537,Oregon,8028.01,No,Basic,Master,2011-02-22,Employed,M,"$1,09,538.00",Suburban,Divorced,$100.00,30,93,0,3,Special Auto,Special L2,1,Web,$530.06,Four-Door Car,Medsize
ME77513,Nevada,11769,No,Premium,Master,2011-02-22,Employed,F,"$1,13,004.00",Urban,Married,$146.00,3,97,0,7,Corporate Auto,Corporate L3,1,Agent,$392.03,Four-Door Car,Medsize
CA86085,Washington,7571.23,No,Basic,High School or Below,2011-02-22,Employed,M,"$90,688.00",Suburban,Single,$97.00,27,122,0,9,Personal Auto,Personal L3,2,Branch,$466.56,Four-Door Car,Large
AW18068,Arizona,12782.49,No,Extended,High School or Below,2011-02-22,Unemployed,M,$0.00,Suburban,Single,$119.00,8,63,0,2,Personal Auto,Personal L1,1,Agent,$855.36,Two-Door Car,Medsize
GH42026,Oregon,11522.4,No,Basic,Bachelor,2011-02-22,Employed,M,"$75,317.00",Rural,Single,$150.00,5,54,0,9,Personal Auto,Personal L3,3,Branch,$158.86,SUV,Medsize
ZC32510,Arizona,12608.11,No,Premium,High School or Below,2011-02-22,Employed,M,"$93,747.00",Suburban,Married,$159.00,35,8,3,3,Personal Auto,Personal L1,3,Branch,"$1,708.52",Four-Door Car,Small
EP72155,California,2705.87,Yes,Basic,College,2011-02-22,Unemployed,F,$0.00,Suburban,Divorced,$89.00,22,47,4,1,Personal Auto,Personal L3,1,Branch,$427.68,Four-Door Car,Small
LA80525,Nevada,7364.1,No,Extended,Bachelor,2011-02-22,Unemployed,M,$0.00,Suburban,Divorced,$111.00,5,104,1,3,Corporate Auto,Corporate L3,1,Branch,$531.36,Two-Door Car,Large
CH97539,Washington,11187.4,No,Basic,Bachelor,2011-02-22,Employed,F,"$54,001.00",Rural,Divorced,$95.00,35,9,0,2,Personal Auto,Personal L3,1,Branch,$192.47,Four-Door Car,Medsize
VZ79886,Oregon,16943.69,No,Premium,Bachelor,2011-02-22,Employed,F,"$30,016.00",Suburban,Divorced,$216.00,0,124,0,3,Personal Auto,Personal L3,1,Agent,"$1,036.80",SUV,Medsize
EI91403,California,3480.67,No,Basic,High School or Below,2011-02-22,Employed,M,"$47,177.00",Suburban,Married,$88.00,41,85,0,1,Personal Auto,Personal L3,2,Call Center,$567.48,Two-Door Car,Small
MD73554,California,7090.18,No,Basic,College,2011-02-22,Employed,M,"$80,375.00",Suburban,Married,$89.00,31,7,0,7,Personal Auto,Personal L1,1,Branch,$427.68,Two-Door Car,Medsize
GG68407,Washington,3134.54,No,Basic,High School or Below,2011-02-22,Unemployed,F,$0.00,Suburban,Single,$88.00,18,9,0,1,Personal Auto,Personal L3,2,Agent,$631.80,Four-Door Car,Medsize
FU99476,Washington,9139.91,No,Extended,High School or Below,2011-02-22,Employed,M,"$1,00,470.00",Rural,Divorced,$115.00,5,4,1,3,Personal Auto,Personal L1,1,Call Center,$128.71,Four-Door Car,Medsize
FX55923,Arizona,7253.43,No,Basic,Bachelor,2011-02-22,Employed,M,"$68,047.00",Rural,Divorced,$95.00,8,28,1,9,Personal Auto,Personal L2,3,Call Center,$9.54,Four-Door Car,Medsize
TH84309,California,12653.34,No,Extended,High School or Below,2011-02-22,Unemployed,M,$0.00,Suburban,Married,$170.00,26,23,0,4,Personal Auto,Personal L3,3,Branch,$816.48,SUV,Medsize
PB43222,Washington,12288.92,No,Premium,Doctor,2011-02-22,Employed,M,"$99,575.00",Suburban,Married,$154.00,3,34,3,6,Personal Auto,Personal L3,1,Agent,$738.72,Four-Door Car,Small
ZH42145,Washington,3486.86,No,Basic,High School or Below,2011-02-22,Employed,F,"$67,700.00",Suburban,Married,$88.00,0,61,0,1,Corporate Auto,Corporate L3,2,Web,$436.71,Four-Door Car,Small
JD73594,Oregon,4467.31,No,Extended,Bachelor,2011-02-22,Employed,M,"$97,389.00",Suburban,Divorced,$117.00,30,89,2,1,Personal Auto,Personal L3,3,Agent,$563.76,Four-Door Car,Large
QZ58370,Nevada,15957.15,No,Extended,Bachelor,2011-02-22,Employed,F,"$1,17,181.00",Urban,Married,$132.00,7,27,0,2,Personal Auto,Personal L3,4,Branch,$501.00,Four-Door Car,Medsize
EH37385,Arizona,11866.34,No,Basic,Master,2011-02-22,Employed,F,"$30,846.00",Suburban,Married,$147.00,7,101,0,4,Personal Auto,Personal L3,1,Call Center,$706.32,Sports Car,Medsize
XR97812,California,3165.86,No,Basic,College,2011-02-22,Unemployed,M,$0.00,Suburban,Single,$93.00,1,76,0,1,Personal Auto,Personal L3,1,Agent,$447.12,Four-Door Car,Medsize
NZ19529,Arizona,6532.79,No,Extended,High School or Below,2011-02-22,Unemployed,M,$0.00,Suburban,Single,$185.00,24,68,0,1,Personal Auto,Personal L1,2,Agent,"$1,657.07",SUV,Medsize
QH56750,Arizona,27946.17,No,Basic,High School or Below,2011-02-22,Unemployed,M,$0.00,Suburban,Single,$86.00,12,23,0,2,Personal Auto,Personal L1,2,Agent,$622.08,Four-Door Car,Medsize
ZS32263,California,5114.68,No,Extended,High School or Below,2011-02-22,Employed,F,"$65,997.00",Suburban,Divorced,$128.00,35,34,0,1,Personal Auto,Personal L1,2,Agent,$615.60,Four-Door Car,Medsize
OH99089,California,7867,No,Basic,Master,2011-02-22,Employed,F,"$40,808.00",Rural,Married,$99.00,38,59,0,5,Personal Auto,Personal L3,2,Branch,$220.52,Four-Door Car,Medsize
OZ41737,Oregon,7245.15,No,Basic,Doctor,2011-02-22,Unemployed,F,$0.00,Urban,Married,$95.00,7,39,0,4,Personal Auto,Personal L2,1,Agent,$301.28,Four-Door Car,Large
XR52852,Oregon,2705.87,Yes,Basic,College,2011-02-22,Unemployed,F,$0.00,Suburban,Divorced,$89.00,22,47,4,1,Special Auto,Special L2,1,Branch,$427.68,Four-Door Car,Small
RI85578,Washington,3561.49,No,Basic,Bachelor,2011-02-22,Employed,F,"$1,07,594.00",Suburban,Married,$88.00,32,16,0,1,Personal Auto,Personal L3,2,Call Center,$470.92,Two-Door Car,Small
MF19231,California,10036.81,No,Extended,Master,2011-02-22,Employed,M,"$38,309.00",Suburban,Married,$127.00,35,134,0,3,Personal Auto,Personal L1,2,Call Center,$609.12,Four-Door Car,Medsize
JW30054,Oregon,11182.14,No,Premium,High School or Below,2011-02-22,Employed,M,"$95,896.00",Suburban,Married,$139.00,35,20,0,3,Corporate Auto,Corporate L1,1,Branch,$667.44,Four-Door Car,Medsize
GZ31904,Oregon,9263.36,No,Extended,College,2011-02-22,Employed,M,"$41,602.00",Urban,Married,$117.00,14,58,0,4,Personal Auto,Personal L1,3,Call Center,$320.72,Two-Door Car,Medsize
GL49408,California,9128.81,No,Extended,Doctor,2011-02-22,Employed,M,"$54,502.00",Rural,Married,$115.00,20,23,0,4,Corporate Auto,Corporate L2,3,Branch,$103.92,Four-Door Car,Medsize
UE19977,California,5912.69,No,Premium,College,2011-02-22,Employed,F,"$64,458.00",Rural,Divorced,$150.00,42,103,0,1,Personal Auto,Personal L3,3,Web,$223.54,Two-Door Car,Medsize
BJ18904,Arizona,5352.12,No,Basic,College,2011-02-22,Medical Leave,M,"$19,732.00",Suburban,Married,$143.00,22,31,0,1,Personal Auto,Personal L3,1,Agent,$776.60,SUV,Small
QT90140,Arizona,7198.82,Yes,Basic,Doctor,2011-02-22,Employed,F,"$93,057.00",Urban,Married,$89.00,43,41,0,7,Personal Auto,Personal L2,2,Branch,$417.93,Four-Door Car,Medsize
BQ51616,Oregon,9805.86,No,Basic,High School or Below,2011-02-22,Employed,F,"$1,17,088.00",Rural,Married,$243.00,0,128,0,1,Personal Auto,Personal L1,1,Call Center,$275.90,Luxury SUV,Medsize
WX37953,Oregon,3753.98,No,Basic,College,2011-02-22,Employed,F,"$1,28,173.00",Suburban,Married,$93.00,4,30,0,1,Personal Auto,Personal L2,2,Web,$523.19,Four-Door Car,Medsize
PZ31902,Arizona,7826.77,No,Basic,Bachelor,2011-02-22,Employed,F,"$93,523.00",Urban,Married,$100.00,19,30,2,8,Personal Auto,Personal L3,4,Web,$271.79,Two-Door Car,Medsize
AK90865,Oregon,11080.61,No,Basic,High School or Below,2011-02-22,Unemployed,F,$0.00,Suburban,Single,$149.00,22,23,0,5,Special Auto,Special L2,2,Agent,$927.33,Sports Car,Medsize
WQ23548,California,14854.78,No,Basic,Master,2011-02-22,Unemployed,F,$0.00,Suburban,Single,$138.00,27,9,1,2,Personal Auto,Personal L2,4,Web,$660.96,SUV,Medsize
HL40930,Oregon,9652.8,No,Extended,Bachelor,2011-02-22,Employed,M,"$85,929.00",Rural,Single,$124.00,26,14,0,3,Personal Auto,Personal L3,2,Branch,$303.36,Four-Door Car,Large
PM63319,Washington,6115.47,No,Basic,College,2011-02-22,Unemployed,F,$0.00,Suburban,Single,$88.00,9,90,0,7,Personal Auto,Personal L1,1,Agent,$591.80,Four-Door Car,Medsize
HX72126,Nevada,28501.92,No,Extended,Bachelor,2011-02-22,Unemployed,F,$0.00,Rural,Married,$109.00,16,80,0,2,Personal Auto,Personal L3,3,Branch,$184.75,Four-Door Car,Medsize
QJ22057,Nevada,6013.04,No,Basic,College,2011-02-22,Unemployed,F,$0.00,Suburban,Single,$92.00,7,97,1,3,Personal Auto,Personal L3,1,Branch,$440.64,Four-Door Car,Large
BV16459,Oregon,9014.51,No,Extended,College,2011-02-22,Unemployed,M,$0.00,Urban,Married,$131.00,14,104,1,9,Personal Auto,Personal L3,3,Call Center,$339.71,Two-Door Car,Medsize
MB60322,Arizona,7198.82,Yes,Basic,Doctor,2011-02-22,Employed,F,"$93,057.00",Urban,Married,$89.00,43,41,0,7,Special Auto,Special L2,2,Branch,$417.93,Four-Door Car,Medsize
FS97588,Oregon,7391.71,No,Basic,Bachelor,2011-02-22,Employed,F,"$1,19,139.00",Urban,Married,$92.00,4,3,0,3,Personal Auto,Personal L3,4,Branch,$360.74,Four-Door Car,Medsize
XX37955,Nevada,18903.21,No,Basic,College,2011-02-22,Employed,M,"$91,296.00",Suburban,Married,$158.00,7,58,0,2,Corporate Auto,Corporate L2,4,Call Center,$758.16,SUV,Medsize
LU30834,Oregon,19210.94,No,Basic,Bachelor,2011-02-22,Employed,F,"$1,05,362.00",Suburban,Divorced,$161.00,30,123,2,2,Personal Auto,Personal L3,1,Call Center,"$1,024.81",SUV,Small
NB57112,Oregon,10941.08,No,Basic,Bachelor,2011-02-22,Unemployed,F,$0.00,Suburban,Single,$158.00,32,11,1,6,Personal Auto,Personal L2,2,Agent,"$1,137.24",Sports Car,Medsize
FV92759,Oregon,2705.87,Yes,Basic,College,2011-02-22,Unemployed,F,$0.00,Suburban,Divorced,$89.00,22,47,4,1,Personal Auto,Personal L3,1,Branch,$427.68,Four-Door Car,Small
SA40041,Washington,7762.34,No,Basic,Bachelor,2011-02-22,Employed,F,"$30,799.00",Suburban,Divorced,$99.00,22,80,0,9,Personal Auto,Personal L3,2,Agent,$487.04,Four-Door Car,Small
VL97142,Oregon,35371.13,No,Basic,College,2011-02-22,Employed,M,"$92,484.00",Rural,Married,$149.00,7,39,0,2,Personal Auto,Personal L2,3,Agent,$189.27,SUV,Medsize
LU63980,Nevada,2996.99,No,Basic,College,2011-02-22,Unemployed,M,$0.00,Suburban,Married,$84.00,0,112,0,1,Personal Auto,Personal L1,1,Web,$401.76,Two-Door Car,Large
XR17548,Oregon,6836.57,No,Basic,High School or Below,2011-02-22,Employed,M,"$1,06,292.00",Urban,Married,$85.00,43,72,1,6,Personal Auto,Personal L1,2,Branch,$304.50,Four-Door Car,Medsize
KL84615,Arizona,6243.24,No,Basic,High School or Below,2011-02-22,Unemployed,M,$0.00,Suburban,Married,$92.00,0,22,2,3,Personal Auto,Personal L2,3,Call Center,$633.53,Four-Door Car,Large
UU70820,Arizona,7920.62,No,Basic,College,2011-02-22,Employed,F,"$37,638.00",Urban,Married,$100.00,5,12,0,5,Personal Auto,Personal L3,2,Call Center,$269.25,Four-Door Car,Large
ER66372,California,20134.62,No,Basic,Bachelor,2011-02-22,Employed,F,"$62,050.00",Suburban,Married,$85.00,4,99,2,2,Personal Auto,Personal L2,1,Agent,$408.24,Four-Door Car,Medsize
BL29046,Oregon,7198.82,Yes,Basic,Doctor,2011-02-22,Employed,F,"$93,057.00",Urban,Married,$89.00,43,41,0,7,Corporate Auto,Corporate L2,2,Branch,$417.93,Four-Door Car,Medsize
FD55376,California,27311.81,No,Basic,High School or Below,2011-02-22,Employed,M,"$65,405.00",Suburban,Married,$100.00,32,15,1,2,Corporate Auto,Corporate L3,3,Agent,$479.52,Four-Door Car,Medsize
RE12758,California,9156.45,No,Extended,High School or Below,2011-02-22,Employed,M,"$35,257.00",Suburban,Married,$115.00,8,78,0,3,Personal Auto,Personal L3,4,Agent,$826.20,Four-Door Car,Medsize
XS74336,Washington,3431.06,No,Basic,High School or Below,2011-02-22,Unemployed,F,$0.00,Suburban,Single,$96.00,16,50,0,1,Personal Auto,Personal L3,4,Web,$690.12,Four-Door Car,Small
AR59416,Oregon,39200.59,No,Basic,High School or Below,2011-02-22,Unemployed,M,$0.00,Suburban,Married,$153.00,0,22,0,2,Personal Auto,Personal L3,4,Web,$732.24,SUV,Medsize
SH44158,Oregon,3111.83,No,Basic,Bachelor,2011-02-22,Unemployed,M,$0.00,Suburban,Married,$85.00,45,46,0,1,Special Auto,Special L3,4,Call Center,$442.38,Four-Door Car,Large
LO99872,Oregon,7421.84,No,Basic,College,2011-02-22,Employed,M,"$37,973.00",Suburban,Married,$95.00,8,70,0,4,Personal Auto,Personal L3,3,Agent,$453.60,Two-Door Car,Medsize
FQ22639,California,4006.36,No,Extended,College,2011-02-22,Employed,M,"$47,527.00",Rural,Married,$103.00,9,15,0,1,Personal Auto,Personal L3,2,Agent,$241.43,Four-Door Car,Large
YL78930,Oregon,5123.2,No,Premium,College,2011-02-22,Retired,M,"$26,722.00",Suburban,Married,$142.00,1,105,0,1,Personal Auto,Personal L1,4,Call Center,$680.40,Four-Door Car,Medsize
JQ93340,Nevada,7369.94,No,Basic,High School or Below,2011-02-22,Employed,M,"$1,12,331.00",Urban,Married,$92.00,14,126,0,4,Special Auto,Special L2,2,Call Center,$439.92,Four-Door Car,Small
WG50184,Arizona,7198.82,Yes,Basic,Doctor,2011-02-22,Employed,F,"$93,057.00",Urban,Married,$89.00,43,41,0,7,Corporate Auto,Corporate L3,2,Branch,$417.93,Four-Door Car,Medsize
YM74115,Nevada,3417.64,No,Basic,Bachelor,2011-02-22,Disabled,M,"$39,012.00",Rural,Married,$90.00,20,115,0,1,Corporate Auto,Corporate L1,1,Branch,$111.80,Four-Door Car,Medsize
JX50334,California,2705.87,Yes,Basic,College,2011-02-22,Unemployed,F,$0.00,Suburban,Divorced,$89.00,22,47,4,1,Corporate Auto,Corporate L3,1,Branch,$427.68,Four-Door Car,Small
IT92328,Nevada,12623.68,No,Premium,High School or Below,2011-02-22,Unemployed,M,$0.00,Suburban,Single,$371.00,4,86,1,1,Corporate Auto,Corporate L3,1,Agent,"$2,673.00",Luxury SUV,Medsize
CU69816,California,3674.36,No,Basic,Bachelor,2011-02-22,Medical Leave,M,"$30,895.00",Suburban,Married,$99.00,27,62,0,1,Corporate Auto,Corporate L2,2,Web,$521.43,Four-Door Car,Medsize
KU25309,Oregon,30274.1,No,Basic,College,2011-02-22,Employed,M,"$30,425.00",Suburban,Married,$86.00,32,117,1,2,Corporate Auto,Corporate L3,4,Branch,$414.72,Four-Door Car,Medsize
BW65176,Arizona,4240.69,No,Extended,College,2011-02-22,Employed,M,"$58,724.00",Suburban,Married,$108.00,11,59,0,1,Personal Auto,Personal L2,4,Call Center,$714.81,Four-Door Car,Medsize
WL61717,Arizona,6644.92,No,Basic,Bachelor,2011-02-22,Unemployed,F,$0.00,Suburban,Single,$93.00,3,103,0,3,Personal Auto,Personal L1,1,Agent,$447.12,Four-Door Car,Medsize
TD19026,California,3863.32,No,Basic,High School or Below,2011-02-22,Employed,F,"$1,21,612.00",Urban,Married,$96.00,31,63,0,1,Personal Auto,Personal L3,4,Agent,$245.28,Two-Door Car,Medsize
VJ73478,Oregon,5479.2,No,Basic,Bachelor,2011-02-22,Unemployed,M,$0.00,Suburban,Single,$158.00,18,93,0,1,Personal Auto,Personal L1,3,Web,"$1,137.24",Sports Car,Medsize
LH90819,California,5683.63,No,Basic,Master,2011-02-22,Employed,M,"$29,545.00",Rural,Single,$146.00,9,39,0,1,Corporate Auto,Corporate L2,3,Agent,$70.66,SUV,Large
CJ29883,Arizona,7198.82,Yes,Basic,Doctor,2011-02-22,Employed,F,"$93,057.00",Urban,Married,$89.00,43,41,0,7,Personal Auto,Personal L1,2,Branch,$417.93,Four-Door Car,Medsize
SK66747,Washington,89134.77,No,Basic,Bachelor,2011-02-22,Employed,M,"$45,199.00",Suburban,Single,$254.00,38,62,0,2,Personal Auto,Personal L3,1,Agent,"$1,613.10",Luxury SUV,Medsize
WX92260,Washington,2705.87,Yes,Basic,College,2011-02-22,Unemployed,F,$0.00,Suburban,Divorced,$89.00,22,47,4,1,Corporate Auto,Corporate L3,1,Branch,$427.68,Four-Door Car,Small
ZF84966,Nevada,60555.75,No,Extended,Doctor,2011-02-22,Employed,F,"$83,261.00",Urban,Married,$166.00,47,73,0,2,Corporate Auto,Corporate L1,1,Call Center,$651.44,SUV,Medsize
BG19572,Washington,8258,No,Extended,Bachelor,2011-02-22,Unemployed,F,$0.00,Suburban,Single,$117.00,22,112,0,8,Corporate Auto,Corporate L3,3,Agent,"$1,394.02",Four-Door Car,Medsize
WL46620,Nevada,10428.32,No,Basic,Bachelor,2011-02-22,Employed,M,"$39,226.00",Suburban,Married,$89.00,26,3,0,2,Personal Auto,Personal L3,2,Branch,$479.97,Two-Door Car,Medsize
HC37968,Oregon,11533.49,No,Basic,Bachelor,2011-02-22,Unemployed,F,$0.00,Suburban,Married,$158.00,0,8,0,4,Personal Auto,Personal L3,1,Call Center,$758.16,Sports Car,Medsize
BG95711,California,22244.6,No,Extended,College,2011-02-22,Employed,F,"$77,306.00",Rural,Divorced,$113.00,0,41,1,2,Personal Auto,Personal L3,1,Branch,$174.49,Four-Door Car,Medsize
XS74432,California,11696.29,No,Basic,High School or Below,2011-02-22,Employed,F,"$39,444.00",Suburban,Married,$97.00,45,54,0,2,Personal Auto,Personal L1,3,Agent,$678.20,Four-Door Car,Medsize
IS53899,Nevada,9439.92,No,Extended,College,2011-02-22,Employed,F,"$1,27,780.00",Suburban,Married,$116.00,24,119,0,3,Personal Auto,Personal L3,1,Branch,$557.28,Four-Door Car,Medsize
KC69320,Arizona,17600,No,Basic,Bachelor,2011-02-22,Employed,F,"$38,586.00",Suburban,Single,$151.00,36,32,0,2,Personal Auto,Personal L2,2,Agent,$725.76,Sports Car,Small
YL86561,Oregon,6941.67,No,Basic,High School or Below,2011-02-22,Employed,M,"$81,374.00",Rural,Married,$88.00,43,26,0,7,Personal Auto,Personal L1,3,Web,$197.63,Four-Door Car,Medsize
MY51849,Oregon,6620.14,No,Basic,Bachelor,2011-02-22,Unemployed,F,$0.00,Suburban,Married,$89.00,26,39,0,8,Personal Auto,Personal L3,1,Branch,$633.97,Four-Door Car,Large
QK29271,California,19014.06,No,Extended,Bachelor,2011-02-22,Unemployed,M,$0.00,Suburban,Single,$281.00,30,124,0,3,Corporate Auto,Corporate L1,2,Agent,"$3,065.19",Luxury Car,Medsize
LN37854,Arizona,24839.77,No,Basic,College,2011-02-22,Unemployed,F,$0.00,Suburban,Single,$99.00,45,11,0,2,Personal Auto,Personal L1,2,Call Center,$709.56,Four-Door Car,Small
DQ19343,California,7537.14,No,Basic,High School or Below,2011-02-22,Employed,F,"$78,199.00",Urban,Single,$97.00,45,18,1,3,Corporate Auto,Corporate L2,1,Agent,$276.24,Two-Door Car,Medsize
UF49068,California,10468.8,No,Basic,College,2011-02-22,Unemployed,M,$0.00,Suburban,Single,$158.00,3,49,0,3,Corporate Auto,Corporate L3,3,Agent,"$1,240.18",SUV,Medsize
JX10102,Arizona,4351.34,No,Extended,High School or Below,2011-02-22,Unemployed,F,$0.00,Suburban,Single,$123.00,47,16,1,1,Personal Auto,Personal L2,3,Agent,$884.52,Four-Door Car,Small
YC87263,Oregon,28771.71,No,Premium,Master,2011-02-22,Employed,F,"$95,491.00",Suburban,Married,$236.00,5,47,0,2,Corporate Auto,Corporate L2,1,Branch,"$1,620.40",SUV,Medsize
OP73328,Arizona,7289.43,No,Basic,High School or Below,2011-02-22,Employed,F,"$96,101.00",Rural,Married,$90.00,15,19,0,6,Personal Auto,Personal L3,2,Call Center,$40.48,Two-Door Car,Medsize
UF36172,Oregon,9316.28,No,Extended,High School or Below,2011-02-22,Unemployed,F,$0.00,Urban,Married,$124.00,36,68,0,7,Personal Auto,Personal L3,2,Branch,$577.89,Two-Door Car,Medsize
AD18174,California,6531.2,No,Basic,High School or Below,2011-02-22,Unemployed,F,$0.00,Suburban,Single,$88.00,8,120,0,3,Personal Auto,Personal L3,1,Web,$631.80,Four-Door Car,Medsize
CV78865,Arizona,3642.31,No,Basic,High School or Below,2011-02-22,Employed,M,"$1,28,789.00",Rural,Married,$92.00,1,49,1,1,Personal Auto,Personal L2,4,Branch,$105.31,Two-Door Car,Medsize
JX78176,California,16261.66,No,Extended,Bachelor,2011-02-22,Employed,F,"$75,337.00",Urban,Married,$134.00,22,41,0,2,Personal Auto,Personal L3,1,Branch,$574.46,Four-Door Car,Medsize
LQ16286,Oregon,10852.58,No,Premium,College,2011-02-22,Employed,M,"$97,176.00",Suburban,Single,$139.00,39,50,0,4,Corporate Auto,Corporate L2,3,Call Center,$667.44,Four-Door Car,Small
KE66309,California,11383.9,No,Basic,College,2011-02-22,Employed,M,"$1,18,433.00",Urban,Divorced,$95.00,32,88,0,2,Personal Auto,Personal L3,2,Web,$272.15,Four-Door Car,Medsize
CI99444,Nevada,3951.3,No,Basic,College,2011-02-22,Employed,F,"$1,24,714.00",Urban,Married,$97.00,32,36,0,1,Special Auto,Special L2,2,Call Center,$316.95,Four-Door Car,Medsize
XL50897,Arizona,21248.9,No,Extended,Master,2011-02-22,Employed,F,"$64,930.00",Urban,Married,$177.00,14,4,0,2,Personal Auto,Personal L1,2,Call Center,$607.62,Sports Car,Medsize
ZH92587,Oregon,10971.13,No,Basic,College,2011-02-22,Disabled,F,"$19,732.00",Suburban,Married,$144.00,30,99,0,3,Personal Auto,Personal L3,1,Agent,$693.36,SUV,Medsize
GX33877,Arizona,47280.31,No,Extended,Bachelor,2011-02-22,Employed,F,"$34,115.00",Suburban,Married,$134.00,46,117,0,2,Personal Auto,Personal L2,2,Agent,$962.28,Two-Door Car,Small
CA58346,Oregon,6681.86,No,Basic,High School or Below,2011-02-22,Unemployed,F,$0.00,Suburban,Single,$93.00,36,76,0,7,Corporate Auto,Corporate L2,3,Call Center,$447.12,Four-Door Car,Medsize
SM42781,Arizona,18955.3,No,Basic,Bachelor,2011-02-22,Unemployed,F,$0.00,Urban,Married,$263.00,12,45,1,5,Personal Auto,Personal L2,1,Web,$903.20,Luxury SUV,Small
NP23146,Arizona,7244.01,No,Basic,College,2011-02-22,Employed,F,"$84,791.00",Urban,Married,$89.00,45,50,0,4,Special Auto,Special L2,3,Branch,$285.55,Two-Door Car,Medsize
SY48471,California,6971.18,No,Basic,High School or Below,2011-02-22,Employed,F,"$1,19,734.00",Urban,Married,$86.00,39,35,0,5,Personal Auto,Personal L2,1,Agent,$341.81,Four-Door Car,Medsize
PP62909,Oregon,16427.67,No,Basic,Master,2011-02-22,Unemployed,F,$0.00,Rural,Single,$147.00,38,130,0,2,Special Auto,Special L2,1,Agent,$41.84,Sports Car,Medsize
KV79964,Arizona,12162.45,No,Premium,Doctor,2011-02-22,Employed,M,"$43,551.00",Suburban,Married,$153.00,11,134,0,4,Personal Auto,Personal L1,1,Branch,$811.52,Four-Door Car,Medsize
SQ54906,Oregon,2705.87,Yes,Basic,College,2011-02-22,Unemployed,F,$0.00,Suburban,Divorced,$89.00,22,47,4,1,Personal Auto,Personal L3,1,Branch,$427.68,Four-Door Car,Small
WE23159,Oregon,12711.47,No,Extended,High School or Below,2011-02-22,Unemployed,M,$0.00,Suburban,Single,$180.00,5,78,0,3,Special Auto,Special L2,2,Agent,"$1,838.69",Sports Car,Small
DM22923,Oregon,3147.29,No,Basic,Bachelor,2011-02-22,Disabled,M,"$36,987.00",Suburban,Single,$92.00,5,53,1,1,Personal Auto,Personal L3,2,Branch,$440.64,Four-Door Car,Medsize
UD99395,Oregon,6040.55,No,Basic,High School or Below,2011-02-22,Employed,M,"$1,14,651.00",Suburban,Married,$151.00,36,112,0,1,Personal Auto,Personal L2,2,Call Center,$725.76,SUV,Small
DO12179,Oregon,3309.57,No,Basic,Bachelor,2011-02-22,Employed,M,"$65,868.00",Rural,Married,$84.00,36,0,3,1,Personal Auto,Personal L2,3,Call Center,$94.22,Two-Door Car,Medsize
DP23630,California,10005.95,No,Basic,High School or Below,2011-02-22,Unemployed,M,$0.00,Suburban,Single,$99.00,8,26,0,2,Personal Auto,Personal L3,1,Agent,$709.56,Four-Door Car,Large
DE78840,Nevada,9438.18,No,Basic,Bachelor,2011-02-22,Medical Leave,F,"$25,676.00",Suburban,Married,$251.00,9,62,0,1,Personal Auto,Personal L3,4,Branch,"$1,354.12",Luxury SUV,Medsize
QO12561,California,5623.29,No,Premium,High School or Below,2011-02-22,Unemployed,M,$0.00,Suburban,Divorced,$157.00,3,131,0,1,Personal Auto,Personal L1,1,Agent,$751.68,Four-Door Car,Medsize
EB93628,Oregon,14525.19,No,Extended,High School or Below,2011-02-22,Unemployed,F,$0.00,Suburban,Divorced,$131.00,16,32,0,2,Personal Auto,Personal L1,1,Web,$628.56,Two-Door Car,Small
DE23903,Oregon,7973.06,No,Basic,Bachelor,2011-02-22,Employed,F,"$80,795.00",Rural,Married,$99.00,7,132,1,3,Personal Auto,Personal L3,1,Call Center,$177.68,Two-Door Car,Medsize
FI61655,Arizona,3442.5,No,Basic,Bachelor,2011-02-22,Employed,M,"$42,138.00",Suburban,Married,$88.00,0,39,0,1,Corporate Auto,Corporate L3,2,Branch,$421.20,Four-Door Car,Medsize
UT76436,Nevada,4642.58,No,Extended,Bachelor,2011-02-22,Employed,F,"$75,479.00",Urban,Married,$116.00,5,4,0,1,Personal Auto,Personal L3,1,Call Center,$437.87,Four-Door Car,Medsize
IG80910,Oregon,4146.91,No,Extended,High School or Below,2011-02-22,Employed,F,"$64,163.00",Urban,Married,$104.00,14,99,1,1,Personal Auto,Personal L3,2,Agent,$374.74,Four-Door Car,Medsize
LW29130,Washington,7118.46,No,Basic,High School or Below,2011-02-22,Employed,F,"$32,971.00",Suburban,Divorced,$90.00,7,84,0,6,Corporate Auto,Corporate L3,1,Branch,$434.16,Two-Door Car,Medsize
WK46492,Arizona,13016.99,No,Extended,Bachelor,2011-02-22,Employed,F,"$48,746.00",Suburban,Divorced,$173.00,7,47,2,9,Personal Auto,Personal L2,3,Agent,$829.44,SUV,Large
SJ71233,California,10022.3,No,Basic,College,2011-02-22,Unemployed,F,$0.00,Suburban,Single,$144.00,36,36,0,9,Personal Auto,Personal L2,1,Branch,$693.36,SUV,Medsize
VI74176,Arizona,12128.45,No,Extended,High School or Below,2011-02-22,Unemployed,M,$0.00,Suburban,Single,$185.00,30,92,3,6,Personal Auto,Personal L1,2,Agent,"$2,068.31",SUV,Medsize
FY21364,California,9958.67,No,Basic,Bachelor,2011-02-22,Unemployed,M,$0.00,Suburban,Single,$142.00,42,115,0,5,Corporate Auto,Corporate L1,2,Agent,"$1,020.60",SUV,Medsize
JN33628,California,16627.68,No,Premium,Bachelor,2011-02-22,Unemployed,M,$0.00,Suburban,Married,$225.00,41,54,0,5,Personal Auto,Personal L3,2,Branch,"$2,681.10",SUV,Small
SW94040,Oregon,10470.84,No,Extended,College,2011-02-22,Employed,F,"$28,790.00",Suburban,Divorced,$134.00,30,12,0,3,Personal Auto,Personal L1,1,Agent,$854.23,Four-Door Car,Medsize
EK61334,California,4954.27,No,Extended,Bachelor,2011-02-22,Unemployed,F,$0.00,Urban,Married,$128.00,30,23,0,1,Personal Auto,Personal L2,3,Agent,$580.04,Four-Door Car,Medsize
QL80621,Oregon,3037.33,No,Basic,Bachelor,2011-02-22,Unemployed,F,$0.00,Suburban,Divorced,$84.00,8,3,0,1,Personal Auto,Personal L1,1,Web,$401.76,Four-Door Car,Medsize
JD86991,Oregon,6881.38,No,Basic,Bachelor,2011-02-22,Employed,M,"$90,765.00",Urban,Married,$85.00,14,35,0,3,Personal Auto,Personal L3,3,Call Center,$333.04,Two-Door Car,Medsize
YX51934,California,6613.59,No,Basic,High School or Below,2011-02-22,Employed,F,"$74,346.00",Urban,Married,$82.00,14,19,0,5,Personal Auto,Personal L2,3,Call Center,$312.55,Four-Door Car,Medsize
AT52647,California,5420.14,No,Basic,High School or Below,2011-02-22,Unemployed,F,$0.00,Suburban,Single,$153.00,47,39,0,1,Personal Auto,Personal L1,2,Call Center,"$1,762.12",SUV,Medsize
GX40957,California,25288.47,No,Basic,College,2011-02-22,Employed,F,"$94,752.00",Suburban,Married,$158.00,5,82,0,2,Personal Auto,Personal L3,3,Call Center,$853.42,Sports Car,Medsize
FZ13256,California,3605.58,No,Basic,Bachelor,2011-02-22,Unemployed,F,$0.00,Suburban,Single,$97.00,24,55,0,1,Corporate Auto,Corporate L1,1,Web,$494.47,Four-Door Car,Medsize
FS38926,California,13075.48,No,Extended,Bachelor,2011-02-22,Employed,F,"$89,130.00",Rural,Married,$323.00,23,108,0,1,Personal Auto,Personal L2,4,Web,$726.61,Luxury Car,Medsize
XO43812,California,10838.04,No,Basic,Master,2011-02-22,Employed,M,"$76,251.00",Suburban,Married,$269.00,5,101,0,1,Personal Auto,Personal L1,4,Call Center,"$1,289.52",Luxury SUV,Medsize
UE75424,California,14488.89,No,Extended,Doctor,2011-02-22,Employed,M,"$1,02,233.00",Rural,Married,$180.00,32,92,0,4,Corporate Auto,Corporate L3,1,Call Center,$59.61,SUV,Medsize
UI19516,California,22828.4,No,Extended,College,2011-02-22,Employed,M,"$88,587.00",Urban,Divorced,$288.00,22,0,0,4,Corporate Auto,Corporate L2,3,Agent,"$1,034.54",Luxury Car,Medsize
UD20999,California,3425.85,No,Basic,Master,2011-02-22,Unemployed,M,$0.00,Suburban,Married,$92.00,43,38,0,1,Corporate Auto,Corporate L3,2,Branch,$440.64,Four-Door Car,Medsize
IK96366,California,7494.39,No,Extended,College,2011-02-22,Employed,M,"$49,839.00",Suburban,Divorced,$103.00,38,104,3,3,Personal Auto,Personal L1,1,Branch,$492.48,Two-Door Car,Medsize
DH41343,Washington,3298.95,No,Basic,College,2011-02-23,Employed,M,"$1,25,326.00",Suburban,Married,$82.00,20,76,0,1,Special Auto,Special L2,2,Call Center,$395.28,Four-Door Car,Large
FS37417,Arizona,5343.3,No,Basic,High School or Below,2011-02-23,Unemployed,F,$0.00,Suburban,Married,$136.00,39,16,0,1,Personal Auto,Personal L2,1,Call Center,$654.48,SUV,Small
PT50227,Arizona,6833.37,No,Basic,High School or Below,2011-02-23,Unemployed,M,$0.00,Suburban,Married,$92.00,26,22,0,8,Personal Auto,Personal L3,3,Call Center,$440.64,Two-Door Car,Medsize
QX45933,California,24084.26,No,Basic,Bachelor,2011-02-23,Unemployed,M,$0.00,Suburban,Married,$84.00,43,80,0,2,Personal Auto,Personal L1,1,Agent,$519.91,Four-Door Car,Small
AZ74055,Oregon,5556.03,No,Premium,High School or Below,2011-02-23,Employed,M,"$70,747.00",Suburban,Married,$139.00,3,36,0,1,Personal Auto,Personal L3,4,Call Center,$667.44,Four-Door Car,Medsize
OH60605,Oregon,4930.92,No,Extended,High School or Below,2011-02-23,Employed,F,"$53,567.00",Suburban,Married,$124.00,3,115,0,1,Personal Auto,Personal L3,2,Branch,$865.87,Two-Door Car,Medsize
HH30454,Oregon,44084.03,No,Premium,Bachelor,2011-02-23,Unemployed,M,$0.00,Suburban,Single,$207.00,9,101,0,2,Personal Auto,Personal L3,3,Branch,"$1,487.16",SUV,Medsize
PD55753,Oregon,12055.69,No,Extended,High School or Below,2011-02-23,Unemployed,M,$0.00,Suburban,Married,$111.00,34,85,0,2,Personal Auto,Personal L1,4,Call Center,$748.61,Four-Door Car,Medsize
NV55438,Nevada,7135.11,No,Basic,High School or Below,2011-02-23,Retired,F,"$31,620.00",Suburban,Single,$97.00,34,103,0,3,Personal Auto,Personal L3,2,Agent,$699.84,Two-Door Car,Medsize
ZM92052,Oregon,3527.58,No,Basic,Bachelor,2011-02-23,Employed,M,"$77,084.00",Rural,Single,$90.00,27,50,0,1,Personal Auto,Personal L2,3,Agent,$91.61,Two-Door Car,Small
NN99001,Arizona,9447.07,No,Extended,College,2011-02-23,Employed,F,"$76,869.00",Suburban,Married,$117.00,15,14,0,9,Personal Auto,Personal L3,2,Web,$692.09,Four-Door Car,Small
YM79169,California,3527.22,No,Basic,Bachelor,2011-02-23,Disabled,M,"$25,654.00",Rural,Married,$96.00,39,28,0,1,Personal Auto,Personal L1,3,Agent,$46.78,Two-Door Car,Medsize
XJ96748,Arizona,37118.82,No,Extended,High School or Below,2011-02-23,Employed,F,"$51,207.00",Suburban,Married,$134.00,11,42,0,2,Personal Auto,Personal L3,2,Branch,$641.52,Four-Door Car,Small
UC88305,Arizona,3598.35,No,Basic,College,2011-02-23,Employed,F,"$70,559.00",Rural,Single,$92.00,19,132,0,1,Corporate Auto,Corporate L1,1,Call Center,$191.60,Two-Door Car,Medsize
AS97690,Arizona,3255.2,No,Basic,College,2011-02-23,Employed,M,"$73,552.00",Suburban,Married,$82.00,8,77,0,1,Personal Auto,Personal L1,3,Call Center,$395.28,Two-Door Car,Medsize
ZN34245,Arizona,3116.44,No,Basic,College,2011-02-23,Unemployed,M,$0.00,Suburban,Single,$92.00,12,46,0,1,Corporate Auto,Corporate L3,2,Web,$660.96,Four-Door Car,Medsize
UT73461,Oregon,6082.29,No,Basic,Doctor,2011-02-23,Employed,F,"$1,09,457.00",Rural,Married,$150.00,15,7,0,1,Special Auto,Special L3,2,Web,$181.20,SUV,Medsize
EJ43595,California,6459.44,No,Basic,High School or Below,2011-02-23,Unemployed,M,$0.00,Suburban,Single,$97.00,27,55,0,7,Corporate Auto,Corporate L2,3,Web,"$1,052.50",Four-Door Car,Medsize
WV69362,Arizona,9379.58,No,Extended,High School or Below,2011-02-23,Unemployed,F,$0.00,Suburban,Single,$134.00,16,104,0,4,Corporate Auto,Corporate L3,2,Call Center,$641.52,Two-Door Car,Medsize
NH19236,Arizona,3182.63,No,Basic,Master,2011-02-23,Unemployed,M,$0.00,Urban,Married,$86.00,34,108,0,1,Personal Auto,Personal L3,2,Branch,$269.72,Four-Door Car,Medsize
MY43761,California,14495.87,No,Extended,High School or Below,2011-02-23,Employed,M,"$68,319.00",Suburban,Single,$185.00,20,0,0,9,Personal Auto,Personal L2,2,Agent,$887.76,SUV,Large
FL85008,Oregon,18180.34,Yes,Basic,High School or Below,2011-02-23,Disabled,F,"$15,433.00",Suburban,Married,$161.00,15,12,0,2,Personal Auto,Personal L2,2,Agent,$771.12,SUV,Small
VM85555,California,10462.66,No,Basic,College,2011-02-23,Employed,F,"$30,602.00",Rural,Single,$90.00,7,46,1,2,Personal Auto,Personal L2,3,Branch,$45.52,Four-Door Car,Medsize
BV86143,California,28395.92,No,Basic,High School or Below,2011-02-23,Employed,F,"$36,283.00",Urban,Married,$89.00,16,72,0,2,Personal Auto,Personal L2,4,Call Center,$295.93,Four-Door Car,Medsize
OM80593,California,9783.87,No,Basic,Bachelor,2011-02-23,Unemployed,F,$0.00,Suburban,Single,$140.00,12,78,0,7,Personal Auto,Personal L3,1,Call Center,$673.92,SUV,Medsize
KH48996,Arizona,16065.74,No,Basic,Bachelor,2011-02-23,Employed,F,"$1,31,227.00",Rural,Divorced,$135.00,30,54,2,2,Personal Auto,Personal L2,3,Branch,$7.52,Sports Car,Small
TO34442,Washington,7469.37,No,Basic,College,2011-02-23,Employed,M,"$80,687.00",Suburban,Married,$96.00,8,126,1,3,Personal Auto,Personal L3,1,Branch,$460.08,Four-Door Car,Small
SW96063,Arizona,14147.86,No,Extended,Bachelor,2011-02-23,Employed,F,"$1,05,887.00",Urban,Divorced,$176.00,15,26,0,4,Personal Auto,Personal L3,1,Call Center,$747.38,SUV,Medsize
RJ99408,California,7258.97,No,Basic,High School or Below,2011-02-23,Employed,M,"$48,110.00",Suburban,Married,$92.00,18,15,0,9,Personal Auto,Personal L1,3,Branch,$440.64,Four-Door Car,Medsize
NP60037,Oregon,19329.91,No,Basic,Bachelor,2011-02-23,Employed,M,"$30,641.00",Suburban,Divorced,$251.00,47,53,1,8,Corporate Auto,Corporate L3,1,Web,"$1,205.28",Luxury SUV,Medsize
XM39121,Arizona,10739.85,No,Basic,College,2011-02-23,Unemployed,F,$0.00,Suburban,Married,$93.00,15,7,0,2,Personal Auto,Personal L1,1,Web,$447.12,Four-Door Car,Small
HU82227,Arizona,21112.08,No,Premium,College,2011-02-23,Employed,M,"$66,439.00",Urban,Married,$138.00,0,111,3,2,Corporate Auto,Corporate L2,1,Agent,$501.29,Four-Door Car,Medsize
PY51000,California,17393.14,No,Premium,Bachelor,2011-02-23,Employed,M,"$46,100.00",Urban,Married,$147.00,36,41,0,2,Personal Auto,Personal L2,1,Agent,$609.62,Four-Door Car,Medsize
JP35025,California,7714.12,No,Basic,Master,2011-02-23,Disabled,F,"$32,030.00",Suburban,Divorced,$100.00,1,112,0,9,Corporate Auto,Corporate L1,1,Call Center,$479.52,Four-Door Car,Small
ZH93283,Arizona,8107.89,Yes,Extended,College,2011-02-23,Retired,M,"$18,263.00",Suburban,Single,$116.00,28,47,0,3,Personal Auto,Personal L1,1,Agent,$557.28,Four-Door Car,Medsize
No61408,California,7310.11,No,Extended,Bachelor,2011-02-23,Employed,F,"$77,560.00",Suburban,Married,$184.00,34,14,1,1,Personal Auto,Personal L1,1,Branch,$881.28,SUV,Large
BX51438,Arizona,3754.95,No,Basic,Bachelor,2011-02-23,Employed,M,"$75,894.00",Urban,Married,$97.00,23,100,2,1,Personal Auto,Personal L1,4,Web,$408.97,Four-Door Car,Medsize
QB24570,Oregon,12192.14,Yes,Extended,Master,2011-02-23,Unemployed,F,$0.00,Suburban,Single,$165.00,20,63,0,9,Corporate Auto,Corporate L3,1,Branch,$878.20,Sports Car,Medsize
KG63751,Washington,9114.44,No,Extended,High School or Below,2011-02-23,Unemployed,M,$0.00,Suburban,Married,$128.00,19,105,0,9,Personal Auto,Personal L3,1,Agent,$615.60,Four-Door Car,Small
HS14476,Washington,12368.79,No,Extended,College,2011-02-23,Medical Leave,M,"$40,126.00",Rural,Married,$108.00,11,107,0,2,Personal Auto,Personal L2,1,Call Center,$28.33,Four-Door Car,Medsize
KR87696,California,4642.77,No,Extended,College,2011-02-23,Employed,F,"$1,32,675.00",Urban,Married,$115.00,35,81,0,1,Personal Auto,Personal L3,4,Branch,$496.23,Four-Door Car,Medsize
YM24654,Washington,24254.49,No,Basic,High School or Below,2011-02-23,Unemployed,F,$0.00,Suburban,Single,$95.00,20,59,0,2,Personal Auto,Personal L3,2,Agent,$680.40,Four-Door Car,Medsize
BZ85280,Oregon,9833.75,No,Basic,College,2011-02-23,Medical Leave,M,"$13,951.00",Urban,Married,$86.00,7,108,0,2,Personal Auto,Personal L1,3,Agent,$400.90,Four-Door Car,Medsize
LZ89104,Oregon,9643.1,No,Extended,High School or Below,2011-02-23,Employed,M,"$80,715.00",Suburban,Married,$122.00,12,109,0,3,Personal Auto,Personal L3,4,Agent,$712.18,Four-Door Car,Large
GV62858,California,5524.11,No,Premium,Bachelor,2011-02-23,Employed,F,"$52,234.00",Suburban,Married,$138.00,22,11,0,1,Personal Auto,Personal L3,1,Web,$678.30,Four-Door Car,Medsize
JT69863,Arizona,3253.64,No,Basic,Bachelor,2011-02-23,Medical Leave,M,"$21,948.00",Suburban,Married,$86.00,18,113,0,1,Personal Auto,Personal L2,3,Branch,$414.72,Two-Door Car,Medsize
SP93911,California,11919.06,No,Premium,High School or Below,2011-02-23,Employed,F,"$1,17,073.00",Urban,Divorced,$149.00,27,134,1,3,Corporate Auto,Corporate L1,1,Agent,$503.00,Two-Door Car,Medsize
FR17176,Arizona,20175.53,No,Basic,High School or Below,2011-02-23,Unemployed,F,$0.00,Suburban,Married,$92.00,15,70,0,2,Personal Auto,Personal L3,1,Agent,$440.64,Four-Door Car,Medsize
FZ19620,Oregon,13058.15,No,Extended,High School or Below,2011-02-23,Unemployed,M,$0.00,Suburban,Single,$130.00,7,36,0,2,Corporate Auto,Corporate L3,1,Agent,"$1,512.91",Four-Door Car,Medsize
DC37886,Arizona,32856.99,No,Basic,High School or Below,2011-02-23,Employed,F,"$99,484.00",Rural,Married,$90.00,1,14,0,2,Personal Auto,Personal L1,2,Branch,$33.54,Two-Door Car,Medsize
TE44937,Oregon,18180.34,Yes,Basic,High School or Below,2011-02-23,Disabled,F,"$15,433.00",Suburban,Married,$161.00,15,12,0,2,Personal Auto,Personal L2,2,Agent,$771.12,SUV,Small
LN28900,California,19827.56,No,Extended,Bachelor,2011-02-23,Unemployed,M,$0.00,Suburban,Single,$115.00,4,82,0,2,Personal Auto,Personal L1,1,Web,$826.20,Four-Door Car,Small
JF16897,Oregon,11848.09,No,Basic,High School or Below,2011-02-23,Employed,F,"$38,286.00",Suburban,Married,$99.00,11,88,0,2,Personal Auto,Personal L3,1,Branch,"$1,166.28",Four-Door Car,Medsize
LN50415,Oregon,6927.34,No,Extended,Bachelor,2011-02-23,Employed,M,"$68,842.00",Urban,Married,$173.00,22,65,0,1,Corporate Auto,Corporate L3,2,Web,$467.62,SUV,Medsize
BR13613,Oregon,8107.89,Yes,Extended,College,2011-02-23,Retired,M,"$18,263.00",Suburban,Single,$116.00,28,47,0,3,Personal Auto,Personal L3,1,Agent,$557.28,Four-Door Car,Medsize
WX92363,Washington,5738.55,No,Basic,Bachelor,2011-02-23,Employed,F,"$37,271.00",Urban,Divorced,$146.00,41,120,0,1,Personal Auto,Personal L3,1,Branch,$417.09,SUV,Medsize
LF94873,California,17611.25,No,Premium,College,2011-02-23,Unemployed,F,$0.00,Suburban,Single,$257.00,28,47,1,7,Personal Auto,Personal L3,3,Branch,"$2,233.17",SUV,Medsize
RN41087,California,3717.6,No,Basic,High School or Below,2011-02-23,Unemployed,F,$0.00,Urban,Married,$99.00,39,111,0,1,Personal Auto,Personal L3,1,Call Center,$403.21,Four-Door Car,Medsize
LX46285,Oregon,12192.14,Yes,Extended,Master,2011-02-23,Unemployed,F,$0.00,Suburban,Single,$165.00,20,63,0,9,Personal Auto,Personal L2,1,Branch,$878.20,Sports Car,Medsize
GJ77362,California,6514.63,No,Basic,Bachelor,2011-02-23,Employed,M,"$83,178.00",Rural,Married,$82.00,8,27,1,9,Special Auto,Special L3,1,Call Center,$54.76,Four-Door Car,Medsize
WJ26538,California,4324.46,No,Extended,Master,2011-02-23,Employed,M,"$92,300.00",Urban,Married,$108.00,0,61,0,1,Personal Auto,Personal L2,3,Agent,$329.61,Four-Door Car,Medsize
EI57866,Arizona,3489.51,No,Basic,Master,2011-02-23,Employed,M,"$82,272.00",Urban,Married,$86.00,15,76,0,1,Special Auto,Special L1,2,Call Center,$389.08,Two-Door Car,Large
PB39857,California,6924.97,No,Extended,Master,2011-02-23,Employed,M,"$97,785.00",Urban,Married,$170.00,46,65,0,1,Personal Auto,Personal L3,2,Agent,$463.24,SUV,Large
BN13780,California,24388.12,No,Extended,Bachelor,2011-02-23,Unemployed,F,$0.00,Suburban,Married,$316.00,15,35,0,7,Personal Auto,Personal L3,1,Agent,"$1,532.44",Luxury SUV,Medsize
XG92008,Arizona,4340.52,No,Extended,Master,2011-02-23,Employed,F,"$32,658.00",Rural,Married,$108.00,15,43,0,1,Personal Auto,Personal L2,4,Branch,$140.06,Four-Door Car,Medsize
MF49636,Arizona,7276.87,No,Basic,High School or Below,2011-02-23,Employed,M,"$95,452.00",Urban,Married,$93.00,42,82,2,6,Personal Auto,Personal L1,1,Agent,$367.23,Two-Door Car,Medsize
QA22158,Arizona,9615.07,No,Extended,College,2011-02-23,Employed,F,"$87,171.00",Suburban,Divorced,$120.00,46,123,0,6,Corporate Auto,Corporate L3,1,Call Center,$610.36,Four-Door Car,Small
NS12730,Oregon,9851.88,No,Extended,Bachelor,2011-02-23,Employed,M,"$33,307.00",Suburban,Married,$126.00,12,59,0,9,Personal Auto,Personal L2,4,Branch,$903.96,Two-Door Car,Medsize
KE41602,Arizona,10244.28,No,Extended,High School or Below,2011-02-23,Employed,M,"$1,03,297.00",Suburban,Married,$128.00,18,20,0,9,Personal Auto,Personal L1,2,Branch,$892.36,Two-Door Car,Medsize
PC27174,Oregon,5442.58,No,Premium,College,2011-02-23,Unemployed,F,$0.00,Suburban,Single,$158.00,3,55,0,1,Personal Auto,Personal L1,2,Web,"$1,137.24",Four-Door Car,Medsize
KZ80383,Arizona,8147.37,No,Extended,High School or Below,2011-02-23,Employed,F,"$39,942.00",Suburban,Married,$103.00,34,5,0,3,Personal Auto,Personal L2,2,Branch,$569.73,Four-Door Car,Medsize
XD32841,Oregon,18761.47,No,Premium,Bachelor,2011-02-23,Medical Leave,M,"$32,910.00",Suburban,Married,$254.00,24,46,0,5,Corporate Auto,Corporate L3,1,Agent,"$1,218.24",SUV,Medsize
IH23596,California,3437.59,No,Basic,Bachelor,2011-02-23,Unemployed,F,$0.00,Urban,Divorced,$92.00,18,15,0,1,Corporate Auto,Corporate L3,1,Call Center,$400.53,Four-Door Car,Medsize
VM51572,Washington,9970.23,No,Basic,Bachelor,2011-02-23,Employed,M,"$73,290.00",Suburban,Married,$84.00,43,18,0,2,Personal Auto,Personal L2,2,Call Center,$580.63,Four-Door Car,Medsize
AD12500,California,24060.46,No,Extended,High School or Below,2011-02-23,Employed,F,"$57,640.00",Suburban,Single,$308.00,23,68,0,9,Personal Auto,Personal L2,3,Call Center,"$1,719.55",Luxury Car,Small
RW46214,Oregon,7060.07,No,Basic,High School or Below,2011-02-23,Medical Leave,F,"$35,829.00",Suburban,Divorced,$93.00,18,88,1,5,Personal Auto,Personal L1,2,Call Center,$447.12,Four-Door Car,Medsize
RZ80299,California,7526.19,No,Basic,Master,2011-02-23,Employed,F,"$73,823.00",Suburban,Divorced,$96.00,38,66,2,3,Personal Auto,Personal L3,3,Agent,$657.55,Four-Door Car,Small
CK85904,California,18180.34,Yes,Basic,High School or Below,2011-02-23,Disabled,F,"$15,433.00",Suburban,Married,$161.00,15,12,0,2,Corporate Auto,Corporate L3,2,Agent,$771.12,SUV,Small
SH93005,California,8107.89,Yes,Extended,College,2011-02-23,Retired,M,"$18,263.00",Suburban,Single,$116.00,28,47,0,3,Personal Auto,Personal L3,1,Agent,$557.28,Four-Door Car,Medsize
WM24870,Nevada,7267.96,No,Basic,College,2011-02-23,Employed,F,"$1,20,274.00",Rural,Divorced,$92.00,42,41,2,3,Personal Auto,Personal L3,1,Branch,$123.96,Two-Door Car,Medsize
AY35050,Arizona,9845.43,No,Extended,College,2011-02-23,Unemployed,F,$0.00,Suburban,Married,$132.00,4,95,0,8,Personal Auto,Personal L3,1,Branch,$635.04,Two-Door Car,Medsize
EV68966,California,12716.84,No,Basic,College,2011-02-23,Employed,M,"$1,18,584.00",Rural,Married,$159.00,30,57,1,3,Personal Auto,Personal L3,1,Call Center,$218.15,SUV,Medsize
GV68933,Arizona,10367.56,No,Basic,High School or Below,2011-02-23,Disabled,M,"$17,114.00",Suburban,Married,$136.00,28,24,0,9,Personal Auto,Personal L3,1,Call Center,$675.86,SUV,Medsize
YP96182,Oregon,3681.18,No,Basic,Master,2011-02-23,Employed,M,"$42,370.00",Rural,Divorced,$93.00,42,7,0,1,Personal Auto,Personal L2,3,Agent,$92.06,Four-Door Car,Medsize
RH28799,Arizona,3281.79,No,Basic,College,2011-02-23,Unemployed,M,$0.00,Suburban,Single,$95.00,39,41,0,1,Personal Auto,Personal L3,2,Call Center,$460.80,Four-Door Car,Medsize
TV23956,Washington,2820.61,No,Basic,High School or Below,2011-02-23,Unemployed,M,$0.00,Suburban,Single,$85.00,41,8,1,1,Personal Auto,Personal L2,1,Agent,$612.36,Four-Door Car,Small
HT96569,Oregon,3586.94,No,Basic,Bachelor,2011-02-23,Employed,M,"$77,108.00",Suburban,Married,$90.00,8,39,0,1,Personal Auto,Personal L3,4,Branch,$434.16,Four-Door Car,Small
FR34560,Oregon,3383.46,No,Basic,Master,2011-02-23,Medical Leave,F,"$23,211.00",Suburban,Divorced,$89.00,5,4,0,1,Corporate Auto,Corporate L3,1,Web,$427.68,Four-Door Car,Medsize
OZ97304,Arizona,3550.51,No,Extended,High School or Below,2011-02-23,Unemployed,F,$0.00,Suburban,Single,$105.00,19,31,1,1,Corporate Auto,Corporate L3,3,Call Center,$505.44,Four-Door Car,Medsize
AK44985,California,5202.19,No,Basic,College,2011-02-23,Unemployed,F,$0.00,Suburban,Single,$149.00,18,4,0,1,Personal Auto,Personal L2,1,Agent,"$1,069.20",SUV,Large
QJ64737,California,8323.92,No,Extended,High School or Below,2011-02-23,Employed,F,"$82,193.00",Suburban,Married,$104.00,14,76,0,4,Personal Auto,Personal L3,2,Branch,$664.00,Four-Door Car,Small
IC61020,Oregon,10040.65,No,Basic,High School or Below,2011-02-23,Employed,F,"$1,19,286.00",Suburban,Divorced,$250.00,3,99,0,1,Personal Auto,Personal L2,1,Call Center,"$1,255.44",Luxury Car,Large
WI52672,California,18327.79,No,Basic,High School or Below,2011-02-23,Employed,F,"$1,27,107.00",Rural,Married,$150.00,3,7,0,2,Corporate Auto,Corporate L3,1,Web,$6.54,SUV,Medsize
RB70060,California,10036.23,No,Basic,High School or Below,2011-02-23,Employed,M,"$69,401.00",Suburban,Married,$84.00,15,124,0,2,Personal Auto,Personal L2,1,Agent,$401.76,Four-Door Car,Large
CS30372,Oregon,7317.46,No,Basic,Bachelor,2011-02-23,Employed,M,"$29,539.00",Rural,Married,$93.00,12,36,0,5,Corporate Auto,Corporate L3,3,Agent,$179.68,Four-Door Car,Medsize
LI60972,Arizona,6773.77,No,Basic,College,2011-02-23,Employed,F,"$1,23,935.00",Suburban,Married,$84.00,24,43,0,9,Special Auto,Special L3,2,Agent,$524.88,Four-Door Car,Large
YQ42614,Washington,3593.46,No,Basic,High School or Below,2011-02-23,Employed,M,"$39,413.00",Suburban,Divorced,$92.00,3,62,0,1,Personal Auto,Personal L2,2,Agent,$605.04,Two-Door Car,Small
WY21918,Washington,5221.75,No,Extended,College,2011-02-23,Employed,F,"$1,07,498.00",Suburban,Single,$132.00,8,5,0,1,Personal Auto,Personal L3,4,Branch,$635.04,Four-Door Car,Medsize
KD93234,Oregon,7428.68,No,Basic,High School or Below,2011-02-23,Unemployed,F,$0.00,Suburban,Married,$97.00,45,53,0,7,Corporate Auto,Corporate L3,4,Agent,$466.56,Four-Door Car,Small
AM17304,Arizona,9744.81,No,Extended,Master,2011-02-23,Employed,F,"$61,231.00",Suburban,Single,$122.00,42,41,0,3,Personal Auto,Personal L3,2,Call Center,$623.76,Four-Door Car,Medsize
DH93217,California,40330.91,No,Extended,Master,2011-02-23,Employed,F,"$71,079.00",Suburban,Single,$127.00,46,27,0,2,Personal Auto,Personal L3,3,Call Center,$609.12,Two-Door Car,Small
TG37039,Oregon,8424.9,No,Extended,Bachelor,2011-02-23,Unemployed,F,$0.00,Suburban,Single,$117.00,42,12,0,9,Personal Auto,Personal L3,1,Branch,$961.74,Four-Door Car,Medsize
LU86185,California,12192.14,Yes,Extended,Master,2011-02-23,Unemployed,F,$0.00,Suburban,Single,$165.00,20,63,0,9,Corporate Auto,Corporate L2,1,Branch,$878.20,Sports Car,Medsize
CW77053,Oregon,6043.7,No,Basic,High School or Below,2011-02-23,Unemployed,F,$0.00,Suburban,Divorced,$84.00,30,62,0,3,Personal Auto,Personal L2,2,Agent,$401.76,Four-Door Car,Medsize
TS76653,Nevada,12192.14,Yes,Extended,Master,2011-02-23,Unemployed,F,$0.00,Suburban,Single,$165.00,20,63,0,9,Personal Auto,Personal L2,1,Branch,$878.20,Sports Car,Medsize
TM24806,Oregon,8107.89,Yes,Extended,College,2011-02-23,Retired,M,"$18,263.00",Suburban,Single,$116.00,28,47,0,3,Personal Auto,Personal L2,1,Agent,$557.28,Four-Door Car,Medsize
QW88350,Washington,10284.9,No,Basic,College,2011-02-23,Employed,F,"$56,565.00",Urban,Married,$85.00,0,46,0,2,Corporate Auto,Corporate L3,2,Web,$230.17,Four-Door Car,Large
AY19539,California,8107.89,Yes,Extended,College,2011-02-23,Retired,M,"$18,263.00",Suburban,Single,$116.00,28,47,0,3,Personal Auto,Personal L3,1,Agent,$557.28,Four-Door Car,Medsize
LJ79533,Nevada,18180.34,Yes,Basic,High School or Below,2011-02-23,Disabled,F,"$15,433.00",Suburban,Married,$161.00,15,12,0,2,Special Auto,Special L2,2,Agent,$771.12,SUV,Small
TG95261,California,12192.14,Yes,Extended,Master,2011-02-23,Unemployed,F,$0.00,Suburban,Single,$165.00,20,63,0,9,Personal Auto,Personal L2,1,Branch,$878.20,Sports Car,Medsize
GI55977,Oregon,3155.42,No,Basic,High School or Below,2011-02-23,Medical Leave,F,"$38,888.00",Suburban,Married,$82.00,18,122,0,1,Personal Auto,Personal L1,2,Call Center,$395.28,Four-Door Car,Small
XO92596,California,8107.89,Yes,Extended,College,2011-02-23,Retired,M,"$18,263.00",Suburban,Single,$116.00,28,47,0,3,Personal Auto,Personal L3,1,Agent,$557.28,Four-Door Car,Medsize
YP71513,Oregon,6587.61,No,Basic,College,2011-02-23,Unemployed,M,$0.00,Suburban,Single,$90.00,9,113,0,5,Personal Auto,Personal L3,1,Agent,$434.16,Four-Door Car,Medsize
CJ51511,Arizona,18180.34,Yes,Basic,High School or Below,2011-02-23,Disabled,F,"$15,433.00",Suburban,Married,$161.00,15,12,0,2,Corporate Auto,Corporate L3,2,Agent,$771.12,SUV,Small
PL56477,Oregon,3952.15,No,Basic,College,2011-02-23,Employed,F,"$28,150.00",Suburban,Married,$99.00,11,8,0,1,Personal Auto,Personal L3,3,Branch,$518.12,Two-Door Car,Small
ZA37110,Nevada,6343.7,No,Extended,Bachelor,2011-02-23,Unemployed,F,$0.00,Rural,Married,$174.00,19,126,2,1,Personal Auto,Personal L3,1,Web,$393.85,SUV,Medsize
NI58226,Oregon,3716.08,No,Basic,High School or Below,2011-02-23,Employed,F,"$1,09,728.00",Urban,Married,$92.00,8,63,0,1,Personal Auto,Personal L3,3,Web,$416.27,Four-Door Car,Medsize
JZ16164,Oregon,6899.52,No,Extended,Bachelor,2011-02-23,Disabled,F,"$30,463.00",Suburban,Married,$178.00,0,27,0,1,Personal Auto,Personal L1,3,Agent,$855.36,SUV,Small
DY34638,Oregon,18180.34,Yes,Basic,High School or Below,2011-02-23,Disabled,F,"$15,433.00",Suburban,Married,$161.00,15,12,0,2,Personal Auto,Personal L2,2,Agent,$771.12,SUV,Small
GS85403,Washington,12192.14,Yes,Extended,Master,2011-02-23,Unemployed,F,$0.00,Suburban,Single,$165.00,20,63,0,9,Corporate Auto,Corporate L2,1,Branch,$878.20,Sports Car,Medsize
NJ55678,Arizona,10563.06,No,Basic,Bachelor,2011-02-23,Employed,F,"$87,133.00",Urban,Married,$88.00,1,113,0,2,Personal Auto,Personal L3,2,Call Center,$270.24,Four-Door Car,Medsize
UD61088,California,18628.72,No,Extended,Bachelor,2011-02-23,Unemployed,M,$0.00,Suburban,Married,$171.00,27,42,0,2,Personal Auto,Personal L1,1,Agent,$822.96,SUV,Small
BN45584,Oregon,5447.15,No,Basic,College,2011-02-23,Unemployed,F,$0.00,Suburban,Single,$151.00,11,38,0,1,Special Auto,Special L3,3,Branch,"$1,088.64",Sports Car,Medsize
OZ30867,Oregon,11352.24,No,Basic,High School or Below,2011-02-23,Employed,F,"$45,086.00",Suburban,Married,$143.00,42,20,0,5,Personal Auto,Personal L3,4,Call Center,$686.88,SUV,Medsize
PR37714,California,9656.83,No,Extended,Bachelor,2011-02-23,Employed,F,"$43,521.00",Suburban,Divorced,$123.00,20,108,0,4,Personal Auto,Personal L3,3,Branch,$593.70,Four-Door Car,Medsize
AS55478,Oregon,5231.07,No,Extended,Bachelor,2011-02-23,Employed,M,"$36,005.00",Suburban,Married,$132.00,31,18,0,1,Corporate Auto,Corporate L3,4,Call Center,$730.66,Four-Door Car,Small
AD28349,Arizona,6260.69,No,Basic,High School or Below,2011-02-23,Unemployed,M,$0.00,Suburban,Divorced,$92.00,24,109,0,3,Personal Auto,Personal L3,1,Call Center,$475.38,Four-Door Car,Medsize
GC52187,Nevada,4928.28,No,Extended,College,2011-02-23,Employed,F,"$1,19,937.00",Urban,Married,$122.00,43,57,0,1,Personal Auto,Personal L2,4,Branch,$473.53,Two-Door Car,Large
FL69981,California,5452.47,No,Basic,Bachelor,2011-02-23,Unemployed,F,$0.00,Suburban,Married,$149.00,23,80,0,1,Personal Auto,Personal L3,2,Call Center,$712.80,SUV,Medsize
IK49861,Oregon,4195.24,No,Extended,Bachelor,2011-02-23,Unemployed,M,$0.00,Rural,Married,$119.00,1,89,0,1,Personal Auto,Personal L2,2,Agent,$117.63,Two-Door Car,Medsize
VQ97965,Oregon,4744.19,No,Extended,Bachelor,2011-02-23,Employed,F,"$99,418.00",Rural,Single,$120.00,3,3,0,1,Corporate Auto,Corporate L3,2,Agent,$199.11,Four-Door Car,Medsize
BQ20851,California,11199.57,No,Basic,Master,2011-02-23,Employed,M,"$99,301.00",Urban,Divorced,$140.00,42,5,0,9,Personal Auto,Personal L3,1,Agent,$671.87,SUV,Medsize
PN77420,California,7258.8,No,Basic,College,2011-02-23,Employed,M,"$40,553.00",Suburban,Single,$95.00,28,70,0,9,Corporate Auto,Corporate L3,3,Agent,$673.13,Four-Door Car,Medsize
KF96171,California,11026.79,No,Premium,High School or Below,2011-02-23,Unemployed,F,$0.00,Suburban,Single,$158.00,7,36,0,6,Personal Auto,Personal L2,1,Call Center,"$1,137.24",Two-Door Car,Medsize
RR74547,California,3886.44,No,Extended,High School or Below,2011-02-23,Unemployed,M,$0.00,Suburban,Single,$115.00,45,93,0,1,Personal Auto,Personal L3,3,Call Center,$826.20,Four-Door Car,Large
BY88565,California,7046.67,No,Basic,College,2011-02-23,Employed,F,"$65,074.00",Suburban,Divorced,$89.00,27,63,0,6,Personal Auto,Personal L2,4,Call Center,$557.87,Four-Door Car,Medsize
TL39187,California,8789.99,No,Extended,Bachelor,2011-02-23,Unemployed,M,$0.00,Suburban,Single,$123.00,32,38,0,8,Corporate Auto,Corporate L3,3,Branch,$884.80,Two-Door Car,Medsize
AM88377,California,6817.18,No,Basic,Bachelor,2011-02-23,Retired,F,"$13,743.00",Suburban,Married,$88.00,23,134,0,4,Corporate Auto,Corporate L2,1,Branch,$615.13,Two-Door Car,Medsize
LA29810,California,8425.22,No,Extended,College,2011-02-23,Employed,F,"$92,248.00",Suburban,Married,$107.00,31,28,3,8,Personal Auto,Personal L2,2,Branch,$511.92,Four-Door Car,Medsize
VC11777,California,7003.33,No,Basic,High School or Below,2011-02-23,Employed,F,"$1,08,703.00",Suburban,Single,$88.00,27,58,2,9,Personal Auto,Personal L1,1,Branch,$462.93,Four-Door Car,Small
NE79174,California,7271.79,No,Basic,Bachelor,2011-02-23,Employed,M,"$55,658.00",Suburban,Married,$95.00,3,134,3,7,Personal Auto,Personal L3,2,Web,$453.60,Two-Door Car,Medsize
KE98143,California,3645.91,No,Basic,Master,2011-02-23,Employed,F,"$1,20,639.00",Rural,Single,$90.00,11,97,0,1,Personal Auto,Personal L2,4,Branch,$156.88,Four-Door Car,Medsize
EA54906,California,10127.24,No,Extended,High School or Below,2011-02-23,Employed,F,"$52,480.00",Urban,Divorced,$127.00,8,116,0,3,Corporate Auto,Corporate L1,2,Branch,$447.08,Four-Door Car,Medsize
BU79786,Washington,3730.75,No,Basic,Bachelor,2011-02-24,Employed,F,"$75,970.00",Suburban,Married,$93.00,43,7,0,1,Corporate Auto,Corporate L3,1,Agent,$519.50,Two-Door Car,Medsize
XZ87318,Oregon,7264.21,Yes,Basic,College,2011-02-24,Employed,F,"$74,723.00",Suburban,Married,$90.00,0,18,0,9,Corporate Auto,Corporate L3,1,Agent,$434.16,Four-Door Car,Medsize
TZ98966,Nevada,3307.76,No,Basic,Bachelor,2011-02-24,Unemployed,F,$0.00,Suburban,Single,$99.00,5,59,3,1,Corporate Auto,Corporate L3,1,Branch,$748.41,Four-Door Car,Medsize
PY70169,Oregon,30569.18,No,Basic,High School or Below,2011-02-24,Employed,M,"$1,25,565.00",Rural,Divorced,$153.00,23,16,0,2,Personal Auto,Personal L3,4,Agent,$379.96,SUV,Medsize
TV87155,Oregon,28277.36,No,Basic,Bachelor,2011-02-24,Employed,F,"$94,146.00",Suburban,Married,$100.00,3,35,1,2,Personal Auto,Personal L3,1,Branch,$664.37,Four-Door Car,Large
YT36855,Washington,4025.53,No,Extended,College,2011-02-24,Unemployed,M,$0.00,Suburban,Married,$112.00,35,120,0,1,Personal Auto,Personal L2,3,Web,$786.62,Two-Door Car,Medsize
LM19287,Oregon,5037.53,Yes,Extended,High School or Below,2011-02-24,Unemployed,F,$0.00,Suburban,Married,$130.00,42,46,0,1,Personal Auto,Personal L1,1,Agent,$622.08,Four-Door Car,Large
BS77946,Arizona,13166.96,No,Extended,Bachelor,2011-02-24,Medical Leave,F,"$23,644.00",Rural,Married,$171.00,3,7,0,3,Personal Auto,Personal L1,1,Branch,$11.22,SUV,Medsize
EZ78112,California,7574.8,No,Basic,High School or Below,2011-02-24,Employed,F,"$1,04,616.00",Urban,Single,$95.00,3,47,0,3,Special Auto,Special L3,1,Agent,$415.75,Four-Door Car,Medsize
KQ51983,Nevada,6965.15,No,Basic,College,2011-02-24,Unemployed,M,$0.00,Suburban,Single,$100.00,3,57,0,9,Personal Auto,Personal L1,1,Branch,"$1,122.87",Two-Door Car,Medsize
LA97014,Washington,3478.29,No,Basic,Bachelor,2011-02-24,Employed,M,"$50,725.00",Suburban,Married,$89.00,26,19,1,1,Personal Auto,Personal L1,1,Agent,$556.34,Two-Door Car,Medsize
JP30654,Oregon,38725.87,No,Basic,College,2011-02-24,Employed,F,"$65,356.00",Suburban,Single,$140.00,20,31,0,2,Personal Auto,Personal L3,3,Agent,$955.03,SUV,Medsize
YE88490,Arizona,7264.21,Yes,Basic,College,2011-02-24,Employed,F,"$74,723.00",Suburban,Married,$90.00,0,18,0,9,Personal Auto,Personal L2,1,Agent,$434.16,Four-Door Car,Medsize
LZ52266,California,5037.53,Yes,Extended,High School or Below,2011-02-24,Unemployed,F,$0.00,Suburban,Married,$130.00,42,46,0,1,Personal Auto,Personal L1,1,Agent,$622.08,Four-Door Car,Large
DM95829,California,3407.35,No,Basic,College,2011-02-24,Medical Leave,M,"$21,929.00",Suburban,Married,$92.00,5,115,0,1,Personal Auto,Personal L3,4,Call Center,$841.35,Two-Door Car,Medsize
QB70027,California,9562.34,No,Extended,Bachelor,2011-02-24,Employed,F,"$55,956.00",Rural,Married,$120.00,20,61,0,5,Personal Auto,Personal L2,4,Branch,$85.75,Four-Door Car,Medsize
KH64733,Nevada,7950.84,No,Basic,College,2011-02-24,Employed,F,"$83,709.00",Rural,Married,$99.00,5,9,0,3,Personal Auto,Personal L3,2,Agent,$162.02,Four-Door Car,Medsize
TN36521,Arizona,33723.3,No,Basic,College,2011-02-24,Employed,F,"$1,19,394.00",Rural,Single,$95.00,26,41,0,2,Personal Auto,Personal L3,4,Branch,$36.65,Two-Door Car,Medsize
VN79010,California,11539.24,No,Basic,High School or Below,2011-02-24,Employed,F,"$69,092.00",Suburban,Married,$96.00,14,34,0,2,Corporate Auto,Corporate L2,1,Call Center,$629.34,Four-Door Car,Small
OE19087,California,3028.69,No,Basic,High School or Below,2011-02-24,Unemployed,F,$0.00,Suburban,Single,$84.00,35,24,0,1,Personal Auto,Personal L3,4,Call Center,$602.64,Four-Door Car,Medsize
DX34647,California,10477.71,No,Extended,College,2011-02-24,Employed,F,"$58,235.00",Suburban,Married,$130.00,11,55,0,8,Personal Auto,Personal L3,2,Call Center,$622.08,Two-Door Car,Large
PB11270,Oregon,9595.33,No,Basic,Bachelor,2011-02-24,Unemployed,F,$0.00,Suburban,Married,$82.00,3,20,0,2,Personal Auto,Personal L2,1,Agent,$731.11,Four-Door Car,Medsize
HA99340,Oregon,3237.75,No,Basic,High School or Below,2011-02-24,Unemployed,M,$0.00,Suburban,Married,$88.00,35,131,0,1,Personal Auto,Personal L3,1,Agent,$570.98,Two-Door Car,Medsize
WA84789,Washington,14445.67,No,Extended,Bachelor,2011-02-24,Employed,F,"$1,01,673.00",Suburban,Married,$120.00,22,86,1,2,Personal Auto,Personal L1,1,Web,$711.64,Four-Door Car,Medsize
OL36978,California,7297.45,No,Basic,High School or Below,2011-02-24,Employed,F,"$90,775.00",Rural,Married,$92.00,30,8,1,9,Personal Auto,Personal L3,2,Call Center,$7.66,Two-Door Car,Medsize
JQ65500,Oregon,11638.35,No,Premium,Bachelor,2011-02-24,Employed,F,"$60,734.00",Suburban,Married,$146.00,41,77,0,3,Corporate Auto,Corporate L2,1,Web,$699.84,Two-Door Car,Medsize
VF87723,California,14158.45,No,Extended,College,2011-02-24,Employed,M,"$41,388.00",Suburban,Married,$120.00,8,90,0,2,Personal Auto,Personal L3,2,Branch,$596.37,Four-Door Car,Medsize
GH36606,Washington,3966.41,No,Extended,College,2011-02-24,Unemployed,M,$0.00,Suburban,Single,$111.00,16,90,0,1,Personal Auto,Personal L2,3,Agent,$797.04,Four-Door Car,Medsize
WI89081,Washington,14030.5,No,Extended,Bachelor,2011-02-24,Employed,M,"$1,26,218.00",Urban,Married,$174.00,11,0,0,9,Personal Auto,Personal L1,1,Agent,$834.58,SUV,Medsize
ZG94155,Oregon,8416.31,No,Extended,Bachelor,2011-02-24,Unemployed,M,$0.00,Rural,Married,$111.00,35,16,0,9,Personal Auto,Personal L3,1,Branch,$260.23,Two-Door Car,Large
JX14364,Oregon,17867.98,No,Basic,College,2011-02-24,Employed,M,"$53,700.00",Suburban,Married,$151.00,31,66,0,2,Personal Auto,Personal L3,1,Call Center,"$1,088.64",SUV,Medsize
MK15785,Nevada,5922.87,No,Basic,Master,2011-02-24,Employed,M,"$64,820.00",Suburban,Married,$149.00,32,77,0,1,Corporate Auto,Corporate L2,4,Call Center,$712.80,Sports Car,Medsize
FQ79356,California,3188.54,No,Basic,Bachelor,2011-02-24,Medical Leave,F,"$24,386.00",Urban,Married,$85.00,14,61,2,1,Personal Auto,Personal L2,3,Call Center,$247.00,Four-Door Car,Medsize
ZR88383,Nevada,7264.21,Yes,Basic,College,2011-02-24,Employed,F,"$74,723.00",Suburban,Married,$90.00,0,18,0,9,Personal Auto,Personal L1,1,Agent,$434.16,Four-Door Car,Medsize
UO95739,Oregon,6018.21,No,Basic,College,2011-02-24,Employed,M,"$73,850.00",Urban,Divorced,$153.00,8,101,0,1,Personal Auto,Personal L3,1,Web,$632.04,SUV,Medsize
NE10467,Arizona,5779.43,No,Basic,High School or Below,2011-02-24,Employed,F,"$32,011.00",Suburban,Married,$143.00,3,16,0,1,Corporate Auto,Corporate L1,4,Call Center,$686.88,SUV,Medsize
CU19735,Arizona,10855.62,No,Basic,High School or Below,2011-02-24,Employed,M,"$60,731.00",Suburban,Married,$136.00,19,112,0,3,Corporate Auto,Corporate L1,1,Call Center,$842.43,SUV,Medsize
PT12544,Arizona,9288.63,No,Extended,College,2011-02-24,Employed,M,"$86,312.00",Urban,Married,$117.00,27,85,0,6,Personal Auto,Personal L2,2,Call Center,$299.19,Four-Door Car,Medsize
FN77294,California,10401.69,No,Basic,High School or Below,2011-02-24,Employed,M,"$40,994.00",Suburban,Single,$136.00,34,18,2,3,Personal Auto,Personal L2,1,Branch,$654.48,SUV,Medsize
IP52990,Oregon,22672.32,No,Basic,High School or Below,2011-02-24,Employed,F,"$51,839.00",Urban,Married,$143.00,16,8,0,2,Personal Auto,Personal L3,2,Web,$498.00,SUV,Medsize
WU86174,California,3614.33,No,Basic,Bachelor,2011-02-24,Unemployed,F,$0.00,Suburban,Married,$97.00,39,116,0,1,Personal Auto,Personal L3,1,Branch,$466.56,Four-Door Car,Medsize
KI58952,California,69306.17,No,Premium,College,2011-02-24,Employed,F,"$98,272.00",Rural,Single,$221.00,4,63,1,2,Personal Auto,Personal L2,1,Web,$68.11,SUV,Large
VT28596,California,6419.9,No,Basic,High School or Below,2011-02-24,Unemployed,F,$0.00,Suburban,Single,$89.00,36,120,0,3,Personal Auto,Personal L2,2,Branch,$961.62,Four-Door Car,Medsize
FF75737,Oregon,11251.33,No,Basic,High School or Below,2011-02-24,Employed,F,"$67,299.00",Suburban,Divorced,$93.00,36,115,1,2,Personal Auto,Personal L3,1,Branch,$447.12,Four-Door Car,Small
SJ29837,Washington,10263.6,No,Basic,High School or Below,2011-02-24,Unemployed,F,$0.00,Suburban,Single,$142.00,3,113,0,5,Personal Auto,Personal L3,2,Web,"$1,234.63",SUV,Small
TN73558,Arizona,5037.53,Yes,Extended,High School or Below,2011-02-24,Unemployed,F,$0.00,Suburban,Married,$130.00,42,46,0,1,Personal Auto,Personal L3,1,Agent,$622.08,Four-Door Car,Large
OP75571,Arizona,10817.34,No,Basic,College,2011-02-24,Employed,F,"$54,857.00",Suburban,Divorced,$138.00,5,61,0,6,Personal Auto,Personal L3,3,Call Center,$660.96,SUV,Medsize
HE12295,California,6003.1,No,Basic,High School or Below,2011-02-24,Unemployed,M,$0.00,Suburban,Single,$82.00,43,57,0,3,Personal Auto,Personal L1,1,Branch,$831.98,Four-Door Car,Medsize
HR50405,Oregon,3873.56,No,Basic,Bachelor,2011-02-24,Medical Leave,F,"$18,081.00",Rural,Married,$99.00,42,15,0,1,Personal Auto,Personal L3,2,Branch,$46.86,Four-Door Car,Medsize
PT34656,California,7264.21,Yes,Basic,College,2011-02-24,Employed,F,"$74,723.00",Suburban,Married,$90.00,0,18,0,9,Personal Auto,Personal L1,1,Agent,$434.16,Four-Door Car,Medsize
WL74893,Oregon,6114.3,No,Basic,College,2011-02-24,Unemployed,F,$0.00,Urban,Married,$84.00,30,77,0,9,Special Auto,Special L3,3,Agent,$366.07,Four-Door Car,Medsize
MA45099,Oregon,8746.38,No,Extended,Bachelor,2011-02-24,Employed,M,"$68,666.00",Rural,Married,$112.00,24,116,1,4,Corporate Auto,Corporate L1,1,Agent,$213.79,Four-Door Car,Medsize
VO43359,California,3245.91,No,Basic,High School or Below,2011-02-24,Employed,M,"$84,359.00",Urban,Married,$84.00,47,63,2,1,Personal Auto,Personal L3,2,Call Center,$270.93,Four-Door Car,Medsize
DS32060,California,9134.85,No,Extended,College,2011-02-24,Employed,M,"$27,062.00",Suburban,Married,$117.00,20,80,0,3,Personal Auto,Personal L2,3,Web,$563.76,Two-Door Car,Medsize
QN62538,Nevada,6485.31,No,Basic,High School or Below,2011-02-24,Unemployed,M,$0.00,Suburban,Single,$93.00,42,34,0,7,Corporate Auto,Corporate L2,1,Call Center,$670.68,Four-Door Car,Small
OT85112,Washington,4595.29,No,Extended,College,2011-02-24,Employed,M,"$51,921.00",Rural,Divorced,$119.00,20,1,1,1,Personal Auto,Personal L3,1,Agent,$123.59,Four-Door Car,Medsize
HM38744,Oregon,22238.78,Yes,Basic,Bachelor,2011-02-24,Retired,M,"$30,818.00",Suburban,Married,$143.00,15,73,0,2,Corporate Auto,Corporate L3,1,Agent,$686.88,SUV,Medsize
FZ79470,Arizona,7283.72,No,Basic,Bachelor,2011-02-24,Unemployed,F,$0.00,Suburban,Married,$100.00,18,41,0,4,Personal Auto,Personal L2,3,Web,$479.52,Four-Door Car,Medsize
VQ76590,Arizona,22238.78,Yes,Basic,Bachelor,2011-02-24,Retired,M,"$30,818.00",Suburban,Married,$143.00,15,73,0,2,Personal Auto,Personal L1,1,Agent,$686.88,SUV,Medsize
IJ98317,California,9766.09,No,Extended,Bachelor,2011-02-24,Employed,F,"$1,16,705.00",Rural,Married,$122.00,34,107,0,6,Personal Auto,Personal L3,3,Agent,$80.80,Four-Door Car,Medsize
LO90345,Oregon,19537.99,No,Basic,College,2011-02-24,Employed,F,"$29,716.00",Rural,Married,$250.00,7,93,0,5,Corporate Auto,Corporate L3,2,Web,$102.19,Luxury SUV,Small
QX42433,California,9977.72,No,Extended,College,2011-02-24,Employed,M,"$41,106.00",Suburban,Married,$124.00,31,63,0,3,Personal Auto,Personal L3,1,Agent,$676.48,Four-Door Car,Medsize
BV33510,Arizona,35658.29,No,Extended,High School or Below,2011-02-24,Employed,F,"$33,252.00",Suburban,Married,$112.00,34,117,1,2,Personal Auto,Personal L3,2,Web,$537.84,Four-Door Car,Large
JO64487,California,9374.05,No,Extended,High School or Below,2011-02-24,Unemployed,F,$0.00,Suburban,Single,$103.00,5,58,5,2,Special Auto,Special L2,1,Agent,$738.72,Four-Door Car,Large
NP18074,Arizona,5683.07,No,Basic,Bachelor,2011-02-24,Employed,F,"$78,210.00",Suburban,Married,$142.00,14,86,0,1,Personal Auto,Personal L3,1,Call Center,$719.90,SUV,Small
CW98845,Oregon,3127.67,No,Basic,Bachelor,2011-02-24,Unemployed,M,$0.00,Suburban,Married,$86.00,3,108,0,1,Personal Auto,Personal L2,4,Branch,$414.72,Four-Door Car,Medsize
NB81923,Washington,9847.57,No,Basic,College,2011-02-24,Unemployed,F,$0.00,Suburban,Single,$153.00,16,89,2,7,Personal Auto,Personal L3,1,Call Center,$990.55,Sports Car,Medsize
FQ66070,California,11462.88,No,Basic,College,2011-02-24,Employed,M,"$83,803.00",Urban,Married,$96.00,34,111,0,2,Personal Auto,Personal L2,3,Branch,$306.75,Four-Door Car,Medsize
XO90806,California,11349.13,No,Basic,College,2011-02-24,Employed,F,"$90,623.00",Urban,Married,$142.00,45,122,0,4,Personal Auto,Personal L3,1,Agent,$457.67,SUV,Small
XY91562,Oregon,10405.54,No,Premium,College,2011-02-24,Unemployed,F,$0.00,Suburban,Single,$153.00,0,15,0,3,Personal Auto,Personal L3,1,Agent,$732.24,Four-Door Car,Medsize
UK86050,Arizona,10648.75,No,Basic,High School or Below,2011-02-24,Employed,F,"$1,03,397.00",Urban,Divorced,$88.00,0,123,0,2,Personal Auto,Personal L3,1,Agent,$247.45,Four-Door Car,Large
MC36247,Oregon,22238.78,Yes,Basic,Bachelor,2011-02-24,Retired,M,"$30,818.00",Suburban,Married,$143.00,15,73,0,2,Personal Auto,Personal L2,1,Agent,$686.88,SUV,Medsize
FU55433,Arizona,3606.95,No,Basic,High School or Below,2011-02-24,Employed,M,"$84,310.00",Suburban,Married,$90.00,1,12,0,1,Corporate Auto,Corporate L2,2,Branch,$550.50,Two-Door Car,Medsize
VI12468,Oregon,47268.28,No,Extended,Bachelor,2011-02-24,Unemployed,F,$0.00,Urban,Married,$180.00,1,115,0,2,Personal Auto,Personal L2,2,Branch,$719.21,SUV,Medsize
QT26393,California,3303.33,No,Basic,Bachelor,2011-02-24,Medical Leave,M,"$39,355.00",Urban,Divorced,$90.00,32,97,0,1,Personal Auto,Personal L3,4,Agent,$344.36,Two-Door Car,Medsize
JB39997,California,8347.3,No,Extended,College,2011-02-24,Employed,F,"$49,226.00",Rural,Married,$105.00,7,23,0,7,Personal Auto,Personal L1,4,Call Center,$126.25,Four-Door Car,Medsize
NY24020,Arizona,5061.14,No,Extended,High School or Below,2011-02-24,Employed,M,"$1,10,955.00",Urban,Divorced,$127.00,27,23,0,1,Personal Auto,Personal L3,2,Web,$478.01,Two-Door Car,Medsize
YF54705,Nevada,9930.61,No,Extended,College,2011-02-24,Employed,M,"$49,696.00",Urban,Married,$124.00,31,132,1,4,Personal Auto,Personal L3,1,Branch,$530.14,Two-Door Car,Medsize
FK37308,Oregon,3649.68,No,Basic,Doctor,2011-02-24,Unemployed,F,$0.00,Rural,Married,$97.00,26,65,0,1,Corporate Auto,Corporate L3,3,Call Center,$56.60,Two-Door Car,Medsize
IH64929,California,6690.93,No,Basic,High School or Below,2011-02-24,Employed,M,"$1,17,716.00",Urban,Single,$85.00,47,61,0,3,Personal Auto,Personal L2,2,Branch,$333.99,Two-Door Car,Medsize
FH86704,California,8693.1,No,Extended,High School or Below,2011-02-24,Unemployed,M,$0.00,Suburban,Single,$126.00,9,115,0,4,Personal Auto,Personal L3,1,Agent,$903.96,Four-Door Car,Medsize
MJ54807,Nevada,22238.78,Yes,Basic,Bachelor,2011-02-24,Retired,M,"$30,818.00",Suburban,Married,$143.00,15,73,0,2,Personal Auto,Personal L3,1,Agent,$686.88,SUV,Medsize
WY17451,Oregon,11638.6,No,Extended,College,2011-02-24,Unemployed,F,$0.00,Suburban,Single,$117.00,16,16,1,2,Personal Auto,Personal L3,1,Call Center,$563.76,Four-Door Car,Medsize
QM74025,Oregon,6185.91,No,Basic,High School or Below,2011-02-24,Employed,F,"$66,903.00",Suburban,Divorced,$155.00,1,99,0,1,Personal Auto,Personal L2,3,Web,$745.20,SUV,Large
WY23230,Oregon,8216.68,No,Extended,College,2011-02-24,Retired,F,"$18,479.00",Suburban,Divorced,$113.00,34,3,0,8,Personal Auto,Personal L2,1,Agent,$544.32,Two-Door Car,Medsize
MW83318,Oregon,11915.93,No,Basic,College,2011-02-24,Employed,F,"$35,532.00",Suburban,Married,$150.00,4,124,0,9,Corporate Auto,Corporate L2,1,Web,$815.16,SUV,Large
ZZ41158,Washington,5520.73,No,Basic,College,2011-02-24,Employed,M,"$38,483.00",Suburban,Married,$140.00,36,50,0,1,Personal Auto,Personal L1,2,Agent,$673.92,SUV,Small
OG84541,Arizona,17253.37,No,Basic,Master,2011-02-24,Employed,F,"$45,244.00",Urban,Married,$142.00,45,3,0,2,Personal Auto,Personal L2,1,Branch,$358.04,Sports Car,Medsize
HN97052,Oregon,7027.98,No,Basic,College,2011-02-24,Unemployed,F,$0.00,Suburban,Married,$97.00,24,123,0,9,Personal Auto,Personal L3,1,Branch,$466.56,Two-Door Car,Medsize
RK81706,Arizona,9974.79,No,Extended,College,2011-02-24,Unemployed,F,$0.00,Suburban,Married,$131.00,42,32,0,3,Personal Auto,Personal L3,4,Call Center,$861.80,Four-Door Car,Medsize
WP65749,Nevada,9959.26,No,Basic,College,2011-02-24,Unemployed,M,$0.00,Suburban,Married,$93.00,22,57,0,2,Personal Auto,Personal L3,4,Branch,$447.12,Four-Door Car,Medsize
HE99696,Washington,6462.73,No,Basic,College,2011-02-24,Unemployed,F,$0.00,Suburban,Single,$90.00,22,61,0,5,Personal Auto,Personal L3,1,Call Center,$434.16,Four-Door Car,Small
VZ23007,Oregon,7264.21,Yes,Basic,College,2011-02-24,Employed,F,"$74,723.00",Suburban,Married,$90.00,0,18,0,9,Personal Auto,Personal L2,1,Agent,$434.16,Four-Door Car,Medsize
NH95163,Oregon,5004.83,No,Premium,College,2011-02-24,Medical Leave,F,"$22,243.00",Urban,Divorced,$136.00,39,34,0,1,Personal Auto,Personal L3,1,Web,$423.75,Four-Door Car,Medsize
SQ87105,Oregon,6427.27,No,Basic,Bachelor,2011-02-24,Unemployed,F,$0.00,Suburban,Single,$92.00,12,1,0,6,Corporate Auto,Corporate L3,1,Web,$660.96,Four-Door Car,Medsize
MR50410,Nevada,6840.45,No,Extended,College,2011-02-24,Employed,M,"$1,21,099.00",Urban,Married,$170.00,8,73,0,1,Personal Auto,Personal L1,4,Branch,$812.68,SUV,Medsize
CM73149,California,19230.39,No,Extended,Bachelor,2011-02-24,Employed,F,"$42,105.00",Suburban,Single,$165.00,24,14,0,2,Personal Auto,Personal L3,2,Agent,$790.56,Sports Car,Large
BF56053,Washington,12582.32,No,Premium,Bachelor,2011-02-24,Medical Leave,F,"$25,168.00",Suburban,Married,$161.00,46,55,0,5,Corporate Auto,Corporate L2,1,Agent,$771.12,Four-Door Car,Medsize
AI11191,Arizona,5708.13,No,Basic,High School or Below,2011-02-24,Employed,F,"$1,05,102.00",Rural,Single,$143.00,16,103,0,1,Personal Auto,Personal L2,1,Branch,$223.07,SUV,Medsize
TY27229,Arizona,12304.27,No,Premium,Bachelor,2011-02-24,Employed,M,"$1,16,022.00",Rural,Married,$157.00,22,49,2,5,Personal Auto,Personal L2,3,Agent,$107.11,Four-Door Car,Medsize
SY86059,California,5037.53,Yes,Extended,High School or Below,2011-02-24,Unemployed,F,$0.00,Suburban,Married,$130.00,42,46,0,1,Corporate Auto,Corporate L3,1,Agent,$622.08,Four-Door Car,Large
ER97256,Arizona,7264.21,Yes,Basic,College,2011-02-24,Employed,F,"$74,723.00",Suburban,Married,$90.00,0,18,0,9,Personal Auto,Personal L3,1,Agent,$434.16,Four-Door Car,Medsize
RA29518,Washington,7441.66,No,Extended,Master,2011-02-24,Employed,M,"$62,061.00",Rural,Married,$186.00,20,123,0,1,Special Auto,Special L3,1,Branch,$188.77,SUV,Medsize
LV81383,Washington,5037.53,Yes,Extended,High School or Below,2011-02-24,Unemployed,F,$0.00,Suburban,Married,$130.00,42,46,0,1,Personal Auto,Personal L2,1,Agent,$622.08,Four-Door Car,Large
FR26341,Oregon,3238.71,No,Basic,Master,2011-02-24,Disabled,M,"$25,801.00",Urban,Married,$84.00,41,43,0,1,Personal Auto,Personal L1,2,Web,$349.66,Four-Door Car,Medsize
ZA30025,Arizona,5474.79,No,Extended,Bachelor,2011-02-24,Unemployed,M,$0.00,Suburban,Single,$163.00,3,24,0,1,Personal Auto,Personal L1,1,Call Center,"$1,641.56",SUV,Medsize
YO23637,Washington,5663.12,No,Basic,College,2011-02-24,Unemployed,M,$0.00,Suburban,Single,$86.00,0,81,3,4,Special Auto,Special L3,1,Branch,"$1,025.04",Two-Door Car,Medsize
CR20811,California,14392.21,No,Extended,Bachelor,2011-02-24,Employed,F,"$81,867.00",Urban,Married,$180.00,46,92,0,5,Personal Auto,Personal L3,1,Agent,$578.17,SUV,Medsize
HJ57617,Oregon,10375.29,No,Basic,Bachelor,2011-02-24,Employed,M,"$42,776.00",Suburban,Married,$136.00,19,61,2,8,Corporate Auto,Corporate L1,1,Web,$959.39,SUV,Medsize
EO56466,Oregon,33291.66,No,Basic,College,2011-02-24,Medical Leave,M,"$29,795.00",Suburban,Married,$97.00,34,45,0,2,Special Auto,Special L2,1,Agent,$466.56,Four-Door Car,Medsize
SF18484,Oregon,26780.36,No,Basic,Master,2011-02-24,Unemployed,F,$0.00,Suburban,Married,$90.00,30,0,1,2,Personal Auto,Personal L1,1,Branch,$434.16,Four-Door Car,Medsize
UT18598,California,6634.89,No,Basic,Bachelor,2011-02-24,Disabled,F,"$19,213.00",Suburban,Married,$86.00,18,1,0,5,Personal Auto,Personal L3,4,Agent,$414.72,Four-Door Car,Small
TI19394,Oregon,3940.08,No,Basic,College,2011-02-24,Employed,M,"$1,08,964.00",Suburban,Married,$97.00,24,16,0,1,Personal Auto,Personal L3,2,Web,$466.56,Four-Door Car,Small
MU53244,California,6878.84,No,Extended,Bachelor,2011-02-24,Unemployed,F,$0.00,Urban,Married,$185.00,26,41,0,1,Personal Auto,Personal L2,1,Web,$610.60,SUV,Medsize
CE69971,Oregon,9994.65,No,Extended,Master,2011-02-24,Medical Leave,F,"$25,736.00",Rural,Married,$132.00,31,47,1,7,Personal Auto,Personal L3,1,Agent,$183.94,Four-Door Car,Medsize
QZ83992,California,11721.02,No,Basic,College,2011-02-24,Medical Leave,M,"$14,229.00",Suburban,Married,$155.00,45,103,0,3,Corporate Auto,Corporate L1,1,Agent,$745.20,SUV,Medsize
ZN65873,California,5037.53,Yes,Extended,High School or Below,2011-02-24,Unemployed,F,$0.00,Suburban,Married,$130.00,42,46,0,1,Corporate Auto,Corporate L3,1,Agent,$622.08,Four-Door Car,Large
HL91178,California,3793.19,No,Basic,High School or Below,2011-02-24,Employed,M,"$1,00,863.00",Suburban,Married,$95.00,27,90,0,1,Personal Auto,Personal L3,1,Branch,$453.60,Four-Door Car,Large
GW89349,Nevada,10344.28,No,Basic,High School or Below,2011-02-24,Unemployed,M,$0.00,Suburban,Single,$99.00,38,26,0,2,Corporate Auto,Corporate L2,1,Call Center,$709.56,Four-Door Car,Medsize
HZ84382,Oregon,11183.19,No,Premium,Master,2011-02-24,Employed,M,"$1,28,049.00",Rural,Single,$140.00,8,45,0,3,Personal Auto,Personal L3,1,Call Center,$257.85,Four-Door Car,Small
TV97612,Oregon,10943.09,No,Basic,Bachelor,2011-02-24,Medical Leave,M,"$28,100.00",Suburban,Married,$149.00,9,47,0,9,Personal Auto,Personal L3,1,Agent,$712.80,SUV,Medsize
PE72393,Arizona,16071.84,No,Premium,High School or Below,2011-02-24,Unemployed,F,$0.00,Suburban,Single,$155.00,26,53,0,2,Corporate Auto,Corporate L1,1,Branch,"$1,134.24",Four-Door Car,Medsize
IX97339,Arizona,12466.27,No,Extended,College,2011-02-24,Unemployed,F,$0.00,Suburban,Single,$181.00,39,58,0,6,Corporate Auto,Corporate L3,1,Branch,$868.32,SUV,Medsize
UO93347,California,5069.6,No,Extended,High School or Below,2011-02-24,Employed,M,"$46,742.00",Urban,Married,$128.00,38,89,0,1,Personal Auto,Personal L3,2,Call Center,$365.00,Four-Door Car,Medsize
QR42111,Arizona,6829.55,No,Extended,High School or Below,2011-02-24,Unemployed,F,$0.00,Suburban,Married,$181.00,43,36,0,1,Special Auto,Special L2,1,Branch,$868.32,SUV,Small
OV29928,Washington,7054.09,No,Basic,College,2011-02-24,Employed,F,"$91,021.00",Urban,Married,$88.00,32,0,0,9,Corporate Auto,Corporate L3,3,Agent,$395.97,Four-Door Car,Medsize
WS60888,California,22238.78,Yes,Basic,Bachelor,2011-02-24,Retired,M,"$30,818.00",Suburban,Married,$143.00,15,73,0,2,Personal Auto,Personal L2,1,Agent,$686.88,SUV,Medsize
IL32727,California,5998.9,No,Extended,High School or Below,2011-02-24,Unemployed,F,$0.00,Suburban,Married,$163.00,9,93,0,1,Personal Auto,Personal L2,1,Agent,$869.76,SUV,Medsize
QI63521,Nevada,25958.43,No,Basic,High School or Below,2011-02-24,Unemployed,M,$0.00,Suburban,Single,$252.00,19,43,0,2,Personal Auto,Personal L2,1,Branch,"$1,211.76",Luxury SUV,Medsize
DQ92905,Arizona,17536.25,No,Basic,Bachelor,2011-02-24,Unemployed,M,$0.00,Suburban,Single,$88.00,22,4,0,2,Personal Auto,Personal L3,1,Web,$421.20,Four-Door Car,Medsize
LC90366,Nevada,22238.78,Yes,Basic,Bachelor,2011-02-24,Retired,M,"$30,818.00",Suburban,Married,$143.00,15,73,0,2,Personal Auto,Personal L2,1,Agent,$686.88,SUV,Medsize
SM67119,California,9616.99,No,Basic,College,2011-02-24,Disabled,F,"$21,788.00",Suburban,Married,$84.00,26,93,0,2,Personal Auto,Personal L3,1,Branch,$401.76,Four-Door Car,Large
KB90953,California,54178.22,No,Extended,Bachelor,2011-02-24,Employed,F,"$1,33,259.00",Urban,Married,$166.00,28,57,0,2,Personal Auto,Personal L2,2,Branch,$792.98,Sports Car,Medsize
DQ19344,California,4201.27,No,Extended,College,2011-02-24,Employed,M,"$44,612.00",Rural,Married,$107.00,19,35,0,1,Personal Auto,Personal L3,4,Branch,$245.08,Four-Door Car,Medsize
NY90858,California,9133.83,No,Extended,College,2011-02-24,Employed,M,"$79,696.00",Urban,Married,$115.00,0,115,0,3,Personal Auto,Personal L3,1,Agent,$511.32,Four-Door Car,Medsize
UH93563,California,7163.32,No,Basic,College,2011-02-24,Employed,M,"$57,876.00",Suburban,Married,$90.00,3,18,0,6,Corporate Auto,Corporate L3,3,Web,$434.16,Four-Door Car,Small
BJ58596,California,3356.68,No,Basic,High School or Below,2011-02-24,Unemployed,F,$0.00,Suburban,Single,$97.00,30,74,0,1,Corporate Auto,Corporate L3,2,Branch,$699.84,Two-Door Car,Large
WJ92113,California,18942.8,No,Premium,Bachelor,2011-02-24,Employed,F,"$1,22,932.00",Suburban,Married,$157.00,30,128,0,2,Personal Auto,Personal L2,1,Agent,$751.68,Four-Door Car,Medsize
PW78930,California,4025.97,No,Basic,Bachelor,2011-02-24,Employed,M,"$1,07,356.00",Rural,Married,$100.00,46,54,0,1,Personal Auto,Personal L2,3,Agent,$178.23,Four-Door Car,Medsize
FZ30935,Oregon,8189.26,No,Extended,College,2011-02-25,Employed,M,"$44,046.00",Suburban,Married,$103.00,15,81,0,7,Personal Auto,Personal L2,1,Agent,$513.05,Two-Door Car,Small
CT41158,Washington,14508.49,No,Extended,College,2011-02-25,Employed,M,"$89,702.00",Urban,Divorced,$184.00,11,104,0,3,Corporate Auto,Corporate L1,2,Branch,$863.28,SUV,Large
WQ18638,Oregon,7326.27,No,Basic,High School or Below,2011-02-25,Employed,M,"$31,192.00",Suburban,Married,$93.00,20,28,0,3,Personal Auto,Personal L3,2,Agent,$447.12,Two-Door Car,Small
KY21873,Arizona,6818.62,No,Basic,College,2011-02-25,Unemployed,M,$0.00,Rural,Married,$93.00,22,61,0,6,Personal Auto,Personal L1,3,Agent,$98.35,Two-Door Car,Medsize
HX21307,Oregon,3532.43,Yes,Basic,College,2011-02-25,Employed,M,"$97,608.00",Suburban,Divorced,$89.00,8,36,0,1,Personal Auto,Personal L3,1,Agent,$427.68,Two-Door Car,Medsize
IB87349,California,6113.48,No,Premium,High School or Below,2011-02-25,Employed,M,"$94,959.00",Suburban,Married,$153.00,7,76,0,1,Special Auto,Special L2,1,Agent,$732.24,Four-Door Car,Small
KO46064,California,3685.77,No,Basic,Bachelor,2011-02-25,Employed,M,"$62,282.00",Rural,Married,$93.00,16,92,0,1,Personal Auto,Personal L3,1,Agent,$140.31,Four-Door Car,Medsize
HG32616,Nevada,7149.25,No,Extended,High School or Below,2011-02-25,Employed,M,"$67,770.00",Urban,Divorced,$182.00,31,132,0,1,Personal Auto,Personal L3,1,Agent,$860.04,Sports Car,Medsize
WO29605,Oregon,3289.78,No,Basic,College,2011-02-25,Employed,F,"$65,981.00",Rural,Married,$82.00,27,12,0,1,Personal Auto,Personal L1,1,Call Center,$2.48,Two-Door Car,Small
VS19949,Nevada,3911.79,No,Basic,Bachelor,2011-02-25,Employed,M,"$73,355.00",Suburban,Married,$97.00,36,9,0,1,Personal Auto,Personal L2,3,Web,$466.56,Four-Door Car,Medsize
KX17826,Oregon,6304.56,No,Extended,Doctor,2011-02-25,Unemployed,M,$0.00,Suburban,Married,$169.00,28,46,0,1,Corporate Auto,Corporate L3,1,Branch,$810.00,SUV,Medsize
VL37375,California,8349.88,No,Extended,Bachelor,2011-02-25,Unemployed,M,$0.00,Suburban,Single,$124.00,11,38,0,3,Personal Auto,Personal L3,1,Branch,"$1,386.69",Two-Door Car,Small
QO41043,Oregon,19542.77,No,Extended,College,2011-02-25,Disabled,F,"$37,222.00",Suburban,Married,$167.00,15,77,0,2,Corporate Auto,Corporate L3,3,Branch,$803.52,SUV,Medsize
JJ24476,Arizona,7718.25,No,Basic,Master,2011-02-25,Employed,F,"$70,728.00",Suburban,Married,$96.00,12,43,0,3,Personal Auto,Personal L2,2,Web,$553.18,Two-Door Car,Medsize
MF53477,California,4861.26,Yes,Basic,High School or Below,2011-02-25,Retired,F,"$33,948.00",Suburban,Single,$136.00,9,73,0,1,Corporate Auto,Corporate L1,1,Agent,$937.71,SUV,Medsize
BR23201,California,3492.19,No,Basic,Bachelor,2011-02-25,Unemployed,M,$0.00,Urban,Married,$96.00,31,113,0,1,Personal Auto,Personal L3,2,Branch,$258.71,Four-Door Car,Medsize
HR42454,Washington,18052.23,No,Premium,High School or Below,2011-02-25,Employed,F,"$1,19,753.00",Suburban,Married,$149.00,19,97,1,2,Corporate Auto,Corporate L3,3,Branch,$712.80,Two-Door Car,Small
HZ74609,Oregon,7462.79,No,Basic,Bachelor,2011-02-25,Unemployed,F,$0.00,Suburban,Married,$97.00,5,97,0,7,Personal Auto,Personal L3,3,Branch,$466.56,Four-Door Car,Large
CM59084,Oregon,4861.26,Yes,Basic,High School or Below,2011-02-25,Retired,F,"$33,948.00",Suburban,Single,$136.00,9,73,0,1,Corporate Auto,Corporate L3,1,Agent,$937.71,SUV,Medsize
PP48389,California,9277.15,No,Premium,Bachelor,2011-02-25,Unemployed,F,$0.00,Suburban,Married,$265.00,7,80,2,1,Personal Auto,Personal L2,1,Agent,"$1,270.08",Sports Car,Medsize
UK76814,Oregon,7208.17,No,Basic,Doctor,2011-02-25,Employed,F,"$1,13,972.00",Urban,Married,$89.00,24,96,0,9,Personal Auto,Personal L2,2,Call Center,$312.57,Four-Door Car,Medsize
LO77543,Washington,3532.43,Yes,Basic,College,2011-02-25,Employed,M,"$97,608.00",Suburban,Divorced,$89.00,8,36,0,1,Special Auto,Special L2,1,Agent,$427.68,Two-Door Car,Medsize
MN34012,Arizona,11345.28,No,Basic,Bachelor,2011-02-25,Unemployed,M,$0.00,Suburban,Married,$155.00,15,85,0,8,Personal Auto,Personal L3,1,Agent,$745.20,SUV,Medsize
CV72453,Oregon,6091.48,No,Extended,High School or Below,2011-02-25,Unemployed,F,$0.00,Suburban,Single,$169.00,8,59,0,1,Corporate Auto,Corporate L3,1,Agent,"$1,215.00",SUV,Small
CP92616,Nevada,63187.05,No,Extended,High School or Below,2011-02-25,Employed,M,"$1,12,058.00",Urban,Married,$317.00,11,82,1,2,Personal Auto,Personal L1,3,Agent,"$1,437.82",Luxury SUV,Small
OX24868,California,8129.49,No,Premium,High School or Below,2011-02-25,Unemployed,F,$0.00,Suburban,Single,$227.00,15,62,0,1,Personal Auto,Personal L3,1,Agent,"$1,993.51",SUV,Medsize
GD11927,California,3215.42,No,Basic,High School or Below,2011-02-25,Employed,M,"$1,05,550.00",Suburban,Single,$82.00,31,73,0,1,Personal Auto,Personal L3,4,Agent,$395.28,Four-Door Car,Small
RT69513,California,6445.91,No,Basic,Bachelor,2011-02-25,Unemployed,F,$0.00,Suburban,Married,$86.00,46,63,0,7,Personal Auto,Personal L2,2,Agent,$414.72,Four-Door Car,Small
JA25453,California,9741.36,No,Premium,High School or Below,2011-02-25,Unemployed,M,$0.00,Suburban,Single,$139.00,34,108,0,9,Personal Auto,Personal L2,1,Agent,"$1,001.16",Four-Door Car,Small
PB60406,California,7714.21,No,Basic,Doctor,2011-02-25,Employed,F,"$1,07,621.00",Suburban,Single,$96.00,16,117,0,6,Personal Auto,Personal L3,1,Agent,$575.00,Four-Door Car,Small
LL96228,Oregon,19023.11,No,Basic,Master,2011-02-25,Employed,M,"$1,34,761.00",Rural,Married,$157.00,3,86,0,2,Corporate Auto,Corporate L2,1,Branch,$337.75,SUV,Medsize
QF66741,Nevada,20444.95,No,Basic,College,2011-02-25,Unemployed,M,$0.00,Suburban,Married,$84.00,8,59,1,2,Personal Auto,Personal L2,3,Branch,$415.33,Two-Door Car,Medsize
CX18273,Arizona,21327.29,No,Basic,Master,2011-02-25,Employed,M,"$48,268.00",Urban,Married,$269.00,28,73,0,3,Personal Auto,Personal L3,3,Agent,$827.51,Luxury Car,Medsize
ZG47195,Nevada,6657.2,No,Basic,College,2011-02-25,Unemployed,M,$0.00,Suburban,Single,$99.00,32,63,0,3,Personal Auto,Personal L3,1,Agent,$709.56,Four-Door Car,Small
WR70403,Washington,7659.69,No,Extended,High School or Below,2011-02-25,Unemployed,M,$0.00,Suburban,Divorced,$111.00,18,117,0,7,Personal Auto,Personal L3,1,Agent,$600.75,Two-Door Car,Medsize
TH86528,Washington,7796.95,No,Extended,High School or Below,2011-02-25,Unemployed,F,$0.00,Suburban,Single,$103.00,27,23,0,6,Personal Auto,Personal L1,3,Call Center,"$1,059.23",Two-Door Car,Small
OL82456,Oregon,5338.37,Yes,Basic,Bachelor,2011-02-25,Disabled,M,"$24,806.00",Suburban,Married,$139.00,11,68,0,1,Personal Auto,Personal L1,1,Branch,$722.36,Sports Car,Large
BN46866,Oregon,7664.58,No,Basic,College,2011-02-25,Employed,M,"$61,216.00",Rural,Married,$97.00,38,116,0,3,Personal Auto,Personal L3,1,Web,$133.70,Four-Door Car,Large
NN52789,Arizona,5338.37,Yes,Basic,Bachelor,2011-02-25,Disabled,M,"$24,806.00",Suburban,Married,$139.00,11,68,0,1,Personal Auto,Personal L2,1,Branch,$722.36,Sports Car,Large
LR35392,Oregon,12160.03,No,Premium,High School or Below,2011-02-25,Employed,M,"$56,078.00",Suburban,Single,$157.00,15,47,0,3,Personal Auto,Personal L2,1,Web,$751.68,Four-Door Car,Medsize
SD67101,Nevada,4861.26,Yes,Basic,High School or Below,2011-02-25,Retired,F,"$33,948.00",Suburban,Single,$136.00,9,73,0,1,Personal Auto,Personal L2,1,Agent,$937.71,SUV,Medsize
OK86731,Oregon,6088.76,No,Basic,College,2011-02-25,Employed,M,"$59,711.00",Suburban,Married,$154.00,3,61,0,1,Personal Auto,Personal L3,4,Web,$996.60,Sports Car,Medsize
CA54112,Nevada,20411.4,No,Basic,Doctor,2011-02-25,Employed,M,"$64,429.00",Rural,Married,$85.00,14,89,0,2,Personal Auto,Personal L1,2,Call Center,$191.98,Two-Door Car,Medsize
LW12893,California,10680.7,No,Basic,High School or Below,2011-02-25,Employed,F,"$59,287.00",Suburban,Divorced,$92.00,14,80,2,2,Personal Auto,Personal L2,2,Call Center,$440.64,Four-Door Car,Small
XZ54522,Nevada,11894.71,No,Premium,Bachelor,2011-02-25,Employed,F,"$1,02,959.00",Rural,Single,$149.00,32,119,1,3,Personal Auto,Personal L1,1,Branch,$210.21,Two-Door Car,Medsize
YF38355,Washington,10943.4,No,Basic,Master,2011-02-25,Employed,M,"$1,10,133.00",Suburban,Divorced,$136.00,3,76,0,6,Personal Auto,Personal L3,2,Web,$855.14,SUV,Medsize
MK56815,California,12948.16,No,Premium,College,2011-02-25,Employed,M,"$73,626.00",Urban,Married,$161.00,43,85,0,6,Personal Auto,Personal L3,1,Call Center,$685.53,Four-Door Car,Medsize
SF11920,Arizona,7569.79,No,Basic,College,2011-02-25,Employed,F,"$53,334.00",Urban,Married,$95.00,43,23,0,5,Corporate Auto,Corporate L1,1,Web,$383.05,Two-Door Car,Medsize
RT22532,Arizona,5338.37,Yes,Basic,Bachelor,2011-02-25,Disabled,M,"$24,806.00",Suburban,Married,$139.00,11,68,0,1,Personal Auto,Personal L1,1,Branch,$722.36,Sports Car,Large
MZ30958,Nevada,9066.05,No,Extended,High School or Below,2011-02-25,Retired,M,"$29,477.00",Suburban,Married,$122.00,8,105,0,7,Corporate Auto,Corporate L2,1,Agent,$583.20,Two-Door Car,Medsize
FN99437,California,5937,No,Basic,College,2011-02-25,Employed,M,"$1,23,732.00",Urban,Divorced,$150.00,14,34,0,1,Corporate Auto,Corporate L3,2,Agent,$464.38,SUV,Medsize
TD97297,Oregon,11536.57,No,Basic,Bachelor,2011-02-25,Employed,M,"$47,866.00",Urban,Married,$147.00,19,78,0,6,Personal Auto,Personal L1,3,Agent,$681.86,Sports Car,Medsize
OL39995,Oregon,9055.79,No,Basic,Bachelor,2011-02-25,Unemployed,M,$0.00,Suburban,Divorced,$88.00,1,41,0,2,Personal Auto,Personal L2,4,Agent,$486.65,Four-Door Car,Medsize
WM17695,Washington,22346.87,No,Extended,Doctor,2011-02-25,Employed,F,"$1,33,531.00",Suburban,Married,$182.00,24,124,0,2,Personal Auto,Personal L3,1,Agent,$965.02,SUV,Large
XT45580,Oregon,5520.78,No,Basic,College,2011-02-25,Employed,F,"$82,025.00",Suburban,Single,$140.00,27,115,0,1,Corporate Auto,Corporate L3,3,Branch,$673.92,SUV,Large
CB64729,Nevada,11363.17,No,Premium,Bachelor,2011-02-25,Employed,M,"$27,290.00",Suburban,Single,$151.00,14,11,0,7,Personal Auto,Personal L2,4,Call Center,$725.76,Four-Door Car,Medsize
CF15252,Arizona,5865.11,No,Basic,Bachelor,2011-02-25,Employed,F,"$64,873.00",Suburban,Married,$147.00,3,86,0,1,Personal Auto,Personal L1,1,Call Center,$706.32,SUV,Medsize
GS92994,Washington,20838.18,No,Extended,College,2011-02-25,Employed,F,"$1,14,184.00",Rural,Married,$130.00,34,68,0,2,Personal Auto,Personal L3,4,Web,$5.85,Four-Door Car,Large
YP41539,Oregon,7182.11,No,Basic,High School or Below,2011-02-25,Employed,F,"$1,19,703.00",Urban,Married,$89.00,12,24,1,4,Personal Auto,Personal L2,1,Call Center,$288.33,Four-Door Car,Medsize
JR62870,California,7699.44,No,Basic,High School or Below,2011-02-25,Employed,M,"$55,941.00",Urban,Single,$97.00,11,53,0,9,Personal Auto,Personal L1,1,Branch,$437.18,Two-Door Car,Medsize
JP40952,Arizona,4587.37,No,Basic,High School or Below,2011-02-25,Unemployed,M,$0.00,Suburban,Single,$136.00,5,81,0,1,Personal Auto,Personal L3,3,Agent,"$1,598.10",SUV,Medsize
ED63600,California,29784.44,No,Extended,College,2011-02-25,Unemployed,M,$0.00,Suburban,Single,$304.00,35,72,0,2,Corporate Auto,Corporate L2,1,Agent,"$2,187.00",Luxury Car,Medsize
VY32314,Oregon,5762.64,No,Basic,High School or Below,2011-02-25,Employed,M,"$58,332.00",Suburban,Single,$149.00,16,22,0,1,Personal Auto,Personal L3,1,Web,$712.80,Sports Car,Medsize
MB54287,Oregon,3638.73,No,Basic,Bachelor,2011-02-25,Unemployed,F,$0.00,Suburban,Single,$99.00,31,80,0,1,Personal Auto,Personal L3,1,Branch,"$1,053.77",Four-Door Car,Small
ON45263,California,3324.86,No,Basic,Bachelor,2011-02-25,Unemployed,F,$0.00,Suburban,Divorced,$93.00,12,92,0,1,Personal Auto,Personal L1,1,Call Center,$576.79,Two-Door Car,Small
JV58396,California,4123.63,No,Extended,Bachelor,2011-02-25,Unemployed,M,$0.00,Suburban,Single,$119.00,39,26,0,1,Personal Auto,Personal L1,2,Agent,$570.24,Four-Door Car,Small
HC16500,Arizona,11056.46,No,Basic,Doctor,2011-02-25,Employed,M,"$97,458.00",Urban,Married,$92.00,26,65,0,2,Personal Auto,Personal L3,3,Call Center,$282.67,Four-Door Car,Medsize
WA63124,Nevada,2853.71,No,Basic,College,2011-02-25,Unemployed,F,$0.00,Suburban,Single,$88.00,36,50,2,1,Personal Auto,Personal L1,3,Call Center,$631.80,Four-Door Car,Small
PZ80067,Oregon,6529.13,No,Premium,High School or Below,2011-02-25,Unemployed,M,$0.00,Suburban,Divorced,$189.00,20,117,0,1,Personal Auto,Personal L2,3,Branch,$907.20,SUV,Small
VA77345,Oregon,4766.9,No,Extended,College,2011-02-25,Employed,F,"$36,293.00",Urban,Married,$120.00,15,113,0,1,Special Auto,Special L2,4,Call Center,$321.48,Four-Door Car,Medsize
ZR32858,California,5826.31,No,Basic,Bachelor,2011-02-25,Employed,F,"$55,690.00",Urban,Married,$147.00,34,42,0,1,Personal Auto,Personal L3,2,Branch,$693.98,SUV,Medsize
QT43282,Oregon,12702.34,No,Basic,Master,2011-02-25,Employed,M,"$1,03,743.00",Rural,Single,$159.00,22,70,0,3,Corporate Auto,Corporate L3,1,Call Center,$42.64,SUV,Medsize
QM59790,Arizona,4242.88,No,Extended,High School or Below,2011-02-25,Unemployed,F,$0.00,Suburban,Divorced,$116.00,23,47,0,1,Personal Auto,Personal L3,4,Branch,$557.28,Four-Door Car,Small
PS78418,Oregon,7794.77,No,Basic,Bachelor,2011-02-25,Employed,M,"$70,575.00",Urban,Married,$99.00,42,123,0,3,Personal Auto,Personal L2,1,Branch,$317.25,Two-Door Car,Medsize
MN32305,Oregon,2785.57,No,Basic,College,2011-02-25,Unemployed,F,$0.00,Suburban,Single,$86.00,30,46,3,1,Personal Auto,Personal L3,1,Agent,$813.93,Four-Door Car,Small
ZV42323,California,7614.99,No,Basic,Bachelor,2011-02-25,Employed,M,"$91,156.00",Urban,Single,$97.00,47,28,0,7,Corporate Auto,Corporate L2,2,Web,$466.07,Two-Door Car,Medsize
XJ34057,California,13958.46,No,Extended,Bachelor,2011-02-25,Employed,M,"$90,631.00",Rural,Married,$177.00,7,85,1,6,Personal Auto,Personal L2,1,Call Center,$374.56,Sports Car,Medsize
TO87218,California,10008.07,No,Basic,High School or Below,2011-02-25,Unemployed,F,$0.00,Suburban,Single,$143.00,9,59,0,4,Personal Auto,Personal L2,1,Web,$686.88,Sports Car,Medsize
QX84389,California,12182.67,No,Basic,Master,2011-02-25,Employed,M,"$96,524.00",Suburban,Married,$151.00,34,82,0,5,Corporate Auto,Corporate L3,3,Agent,$725.76,Sports Car,Small
ES97823,Oregon,32529.92,No,Extended,Bachelor,2011-02-25,Unemployed,F,$0.00,Suburban,Single,$131.00,1,54,0,2,Personal Auto,Personal L1,4,Web,"$1,558.76",Four-Door Car,Medsize
HH22446,Nevada,5338.37,Yes,Basic,Bachelor,2011-02-25,Disabled,M,"$24,806.00",Suburban,Married,$139.00,11,68,0,1,Personal Auto,Personal L2,1,Branch,$722.36,Sports Car,Large
LK57294,Oregon,6461.11,No,Basic,High School or Below,2011-02-25,Employed,M,"$31,593.00",Suburban,Married,$82.00,39,51,0,7,Personal Auto,Personal L1,4,Call Center,$395.28,Four-Door Car,Medsize
JM88889,California,16530.62,No,Premium,High School or Below,2011-02-25,Employed,F,"$62,635.00",Urban,Married,$139.00,15,107,1,2,Corporate Auto,Corporate L2,1,Agent,$518.42,Four-Door Car,Medsize
FX73249,Oregon,9860.61,No,Premium,Bachelor,2011-02-25,Unemployed,M,$0.00,Suburban,Divorced,$140.00,47,107,0,3,Personal Auto,Personal L2,1,Agent,$673.92,Four-Door Car,Medsize
UQ59692,California,28694.92,No,Extended,Bachelor,2011-02-25,Employed,F,"$99,167.00",Rural,Married,$180.00,0,39,1,2,Personal Auto,Personal L3,4,Branch,$267.46,SUV,Small
AH39293,California,3532.43,Yes,Basic,College,2011-02-25,Employed,M,"$97,608.00",Suburban,Divorced,$89.00,8,36,0,1,Personal Auto,Personal L1,1,Agent,$427.68,Two-Door Car,Medsize
RM34371,Nevada,6365.64,No,Basic,Bachelor,2011-02-25,Unemployed,F,$0.00,Suburban,Married,$86.00,38,58,0,7,Personal Auto,Personal L2,3,Branch,$466.22,Two-Door Car,Medsize
TD51026,Arizona,10414.71,No,Basic,Bachelor,2011-02-25,Medical Leave,M,"$17,758.00",Suburban,Married,$138.00,0,57,0,4,Personal Auto,Personal L2,1,Branch,$660.96,SUV,Medsize
XQ81794,Arizona,6935.42,No,Basic,High School or Below,2011-02-25,Employed,M,"$1,26,727.00",Urban,Married,$86.00,31,8,0,6,Personal Auto,Personal L3,4,Web,$278.77,Four-Door Car,Medsize
YI70563,California,3754.14,No,Basic,Bachelor,2011-02-25,Employed,M,"$1,19,750.00",Urban,Married,$93.00,22,105,0,1,Personal Auto,Personal L3,2,Call Center,$350.62,Two-Door Car,Small
TE60343,Oregon,6366.96,No,Basic,High School or Below,2011-02-25,Employed,M,"$34,757.00",Suburban,Married,$82.00,0,113,1,3,Corporate Auto,Corporate L3,2,Agent,$395.28,Four-Door Car,Medsize
PA80607,Oregon,10930.02,No,Basic,High School or Below,2011-02-25,Employed,M,"$1,15,402.00",Urban,Married,$90.00,11,20,0,2,Personal Auto,Personal L3,2,Agent,$424.09,Two-Door Car,Medsize
RO26233,California,3327.36,No,Basic,College,2011-02-25,Employed,F,"$41,926.00",Suburban,Divorced,$85.00,7,62,0,1,Personal Auto,Personal L2,3,Agent,$408.24,Four-Door Car,Medsize
UU22643,Oregon,4861.26,Yes,Basic,High School or Below,2011-02-25,Retired,F,"$33,948.00",Suburban,Single,$136.00,9,73,0,1,Personal Auto,Personal L3,1,Agent,$937.71,SUV,Medsize
NM44679,California,13207.9,No,Extended,College,2011-02-25,Unemployed,M,$0.00,Suburban,Married,$184.00,45,28,0,5,Personal Auto,Personal L2,1,Call Center,"$1,321.92",SUV,Medsize
MY55142,Washington,7494.65,No,Basic,College,2011-02-25,Employed,M,"$62,158.00",Suburban,Married,$95.00,30,80,0,7,Personal Auto,Personal L2,1,Agent,$453.60,Four-Door Car,Medsize
QV13947,Oregon,5974.76,No,Basic,College,2011-02-25,Employed,M,"$85,856.00",Rural,Married,$154.00,14,42,2,1,Personal Auto,Personal L3,2,Branch,$248.37,SUV,Medsize
RR64429,California,9151.44,No,Extended,High School or Below,2011-02-25,Unemployed,M,$0.00,Suburban,Single,$130.00,3,113,0,9,Personal Auto,Personal L3,2,Agent,$622.08,Four-Door Car,Small
DT59560,California,6422.28,No,Premium,High School or Below,2011-02-25,Employed,F,"$91,106.00",Urban,Married,$159.00,4,35,0,1,Personal Auto,Personal L3,3,Branch,$714.82,Two-Door Car,Large
HG53255,Nevada,15179.27,No,Extended,College,2011-02-25,Employed,M,"$89,297.00",Urban,Single,$130.00,3,51,0,2,Personal Auto,Personal L3,4,Call Center,$338.44,Two-Door Car,Medsize
EO99750,Nevada,9796.38,No,Premium,Master,2011-02-25,Employed,F,"$39,222.00",Rural,Married,$244.00,46,70,0,1,Personal Auto,Personal L3,3,Web,$546.69,Sports Car,Small
GE20220,Oregon,10269.06,No,Extended,Bachelor,2011-02-25,Employed,F,"$64,500.00",Rural,Married,$130.00,3,109,0,7,Personal Auto,Personal L3,2,Call Center,$234.64,Four-Door Car,Medsize
JP55271,Oregon,14355.23,No,Extended,High School or Below,2011-02-25,Employed,F,"$1,08,062.00",Rural,Married,$178.00,5,57,0,4,Personal Auto,Personal L2,2,Call Center,$351.85,SUV,Small
YM88338,California,6587.25,No,Basic,Bachelor,2011-02-25,Employed,F,"$79,083.00",Suburban,Married,$82.00,7,72,0,3,Personal Auto,Personal L3,1,Agent,$395.28,Four-Door Car,Medsize
XD19934,Oregon,14184.37,No,Extended,High School or Below,2011-02-25,Employed,M,"$83,228.00",Rural,Single,$119.00,11,3,0,2,Personal Auto,Personal L3,2,Web,$158.59,Four-Door Car,Medsize
TK38409,Nevada,3532.43,Yes,Basic,College,2011-02-25,Employed,M,"$97,608.00",Suburban,Divorced,$89.00,8,36,0,1,Personal Auto,Personal L3,1,Agent,$427.68,Two-Door Car,Medsize
RJ32720,Arizona,14470.76,No,Extended,College,2011-02-25,Employed,F,"$1,16,149.00",Suburban,Divorced,$122.00,11,27,3,2,Personal Auto,Personal L3,1,Web,$676.71,Four-Door Car,Medsize
OX53879,Arizona,6903.76,No,Basic,Bachelor,2011-02-25,Employed,M,"$1,24,776.00",Rural,Married,$86.00,3,65,2,3,Personal Auto,Personal L3,1,Call Center,$170.17,Four-Door Car,Large
LL56632,Oregon,11717.72,No,Basic,High School or Below,2011-02-25,Employed,F,"$75,387.00",Suburban,Married,$147.00,5,35,0,3,Personal Auto,Personal L3,2,Agent,$949.21,SUV,Medsize
HI71466,California,5193.93,No,Extended,College,2011-02-25,Employed,M,"$31,670.00",Rural,Married,$130.00,23,26,0,1,Personal Auto,Personal L3,2,Branch,$249.85,Four-Door Car,Medsize
KU59569,California,10414.74,No,Basic,College,2011-02-25,Unemployed,F,$0.00,Suburban,Single,$143.00,4,122,0,8,Personal Auto,Personal L3,2,Agent,"$1,030.32",Sports Car,Medsize
ZI85739,California,21411.05,No,Extended,Master,2011-02-25,Unemployed,F,$0.00,Rural,Married,$184.00,14,55,0,2,Personal Auto,Personal L1,1,Branch,$62.23,SUV,Small
KU23440,Oregon,9195.63,No,Basic,Master,2011-02-25,Unemployed,F,$0.00,Suburban,Divorced,$85.00,0,119,1,2,Personal Auto,Personal L1,1,Branch,$408.24,Four-Door Car,Small
NK20941,California,9527.58,No,Extended,High School or Below,2011-02-25,Employed,M,"$70,803.00",Rural,Single,$122.00,7,77,0,7,Personal Auto,Personal L3,1,Agent,$83.14,Four-Door Car,Medsize
OQ51004,California,5338.37,Yes,Basic,Bachelor,2011-02-25,Disabled,M,"$24,806.00",Suburban,Married,$139.00,11,68,0,1,Personal Auto,Personal L2,1,Branch,$722.36,Sports Car,Large
JA24437,California,10200.37,No,Premium,College,2011-02-25,Unemployed,M,$0.00,Suburban,Single,$154.00,26,68,0,3,Personal Auto,Personal L3,1,Branch,"$1,108.08",Four-Door Car,Medsize
TC82133,Oregon,7257.36,No,Basic,Bachelor,2011-02-25,Employed,M,"$90,239.00",Rural,Married,$95.00,15,108,4,5,Personal Auto,Personal L3,3,Branch,$141.72,Four-Door Car,Medsize
WC22220,Arizona,3532.43,Yes,Basic,College,2011-02-25,Employed,M,"$97,608.00",Suburban,Divorced,$89.00,8,36,0,1,Corporate Auto,Corporate L2,1,Agent,$427.68,Two-Door Car,Medsize
HU89665,Oregon,16373.29,No,Basic,College,2011-02-25,Employed,F,"$27,668.00",Suburban,Married,$82.00,9,49,0,2,Personal Auto,Personal L3,2,Agent,$395.28,Four-Door Car,Medsize
FE12805,Oregon,9693.37,No,Premium,Bachelor,2011-02-25,Employed,F,"$46,117.00",Suburban,Married,$251.00,7,14,3,1,Personal Auto,Personal L3,3,Call Center,"$1,205.28",SUV,Medsize
FA89548,Arizona,3289.14,No,Basic,Bachelor,2011-02-25,Unemployed,M,$0.00,Suburban,Married,$90.00,22,124,0,1,Personal Auto,Personal L1,3,Branch,$538.73,Four-Door Car,Small
YB19340,Oregon,12152.86,No,Premium,High School or Below,2011-02-25,Employed,M,"$82,855.00",Rural,Married,$153.00,7,36,0,3,Corporate Auto,Corporate L1,2,Call Center,$283.64,Two-Door Car,Medsize
RZ89024,Oregon,4189.05,No,Extended,Doctor,2011-02-25,Employed,M,"$42,985.00",Rural,Married,$105.00,32,15,0,1,Personal Auto,Personal L3,2,Agent,$171.26,Four-Door Car,Medsize
HG51739,Oregon,3591.01,No,Basic,College,2011-02-25,Unemployed,F,$0.00,Suburban,Single,$99.00,24,82,0,1,Personal Auto,Personal L1,1,Call Center,$473.04,Four-Door Car,Medsize
XE22944,Arizona,6268.61,No,Extended,Bachelor,2011-02-25,Disabled,F,"$16,552.00",Suburban,Divorced,$169.00,35,108,0,1,Personal Auto,Personal L1,1,Call Center,$810.00,SUV,Medsize
KV56995,Nevada,5338.37,Yes,Basic,Bachelor,2011-02-25,Disabled,M,"$24,806.00",Suburban,Married,$139.00,11,68,0,1,Personal Auto,Personal L2,1,Branch,$722.36,Sports Car,Large
ZY78741,California,8210,No,Extended,High School or Below,2011-02-25,Unemployed,M,$0.00,Suburban,Single,$117.00,32,31,0,7,Corporate Auto,Corporate L2,2,Agent,$845.64,Four-Door Car,Large
ZO89996,Oregon,3532.43,Yes,Basic,College,2011-02-25,Employed,M,"$97,608.00",Suburban,Divorced,$89.00,8,36,0,1,Personal Auto,Personal L1,1,Agent,$427.68,Two-Door Car,Medsize
YP92773,Washington,6377.16,No,Premium,Bachelor,2011-02-25,Employed,F,"$29,087.00",Suburban,Married,$161.00,27,89,1,1,Corporate Auto,Corporate L2,3,Agent,$844.28,Two-Door Car,Medsize
OS84395,Nevada,10276.13,No,Extended,Bachelor,2011-02-25,Employed,M,"$1,21,840.00",Rural,Married,$128.00,1,104,0,7,Corporate Auto,Corporate L2,2,Web,$165.95,Four-Door Car,Medsize
OJ64812,Washington,12940.43,No,Extended,Bachelor,2011-02-25,Employed,M,"$35,683.00",Suburban,Single,$119.00,26,120,3,2,Personal Auto,Personal L3,1,Branch,$570.24,Four-Door Car,Medsize
DR32525,Arizona,32059.08,No,Extended,College,2011-02-25,Unemployed,M,$0.00,Suburban,Single,$130.00,39,30,4,2,Personal Auto,Personal L3,3,Agent,$622.08,Four-Door Car,Medsize
FQ88964,Arizona,3067.8,No,Basic,College,2011-02-25,Unemployed,M,$0.00,Suburban,Single,$96.00,30,14,1,1,Personal Auto,Personal L2,3,Call Center,$527.17,Two-Door Car,Large
VZ56705,Oregon,11886.19,No,Basic,Bachelor,2011-02-25,Employed,M,"$52,161.00",Suburban,Married,$100.00,7,113,0,2,Personal Auto,Personal L2,1,Agent,$479.52,Four-Door Car,Medsize
LR49944,Nevada,3705.39,No,Basic,Doctor,2011-02-25,Employed,F,"$47,465.00",Rural,Married,$92.00,0,99,0,1,Personal Auto,Personal L3,1,Agent,$203.18,Two-Door Car,Large
PN35535,California,6279.23,No,Basic,College,2011-02-25,Employed,F,"$1,32,941.00",Suburban,Married,$155.00,11,30,0,1,Personal Auto,Personal L1,2,Web,$745.20,SUV,Medsize
XV11038,California,12452.38,No,Extended,College,2011-02-25,Medical Leave,F,"$25,399.00",Suburban,Single,$165.00,27,127,0,3,Personal Auto,Personal L2,2,Branch,$790.56,Sports Car,Medsize
OS70004,California,10134.15,No,Premium,College,2011-02-25,Employed,M,"$66,907.00",Suburban,Single,$261.00,5,47,0,1,Personal Auto,Personal L3,1,Branch,"$1,250.64",SUV,Medsize
OY47486,California,7134.09,No,Basic,College,2011-02-25,Employed,M,"$97,146.00",Rural,Single,$90.00,16,54,0,9,Personal Auto,Personal L1,2,Call Center,$204.52,Two-Door Car,Medsize
JG21385,California,11766.53,No,Extended,Bachelor,2011-02-25,Unemployed,M,$0.00,Suburban,Single,$113.00,45,27,0,2,Personal Auto,Personal L3,3,Branch,$816.48,Four-Door Car,Medsize
IU62399,California,7911.65,No,Basic,Bachelor,2011-02-25,Employed,F,"$49,800.00",Urban,Married,$100.00,32,111,1,3,Personal Auto,Personal L2,1,Agent,$259.45,Four-Door Car,Medsize
XL81489,California,9160.47,No,Premium,Bachelor,2011-02-25,Unemployed,F,$0.00,Suburban,Single,$266.00,8,30,0,1,Corporate Auto,Corporate L3,1,Agent,"$1,943.56",Sports Car,Small
NQ32487,California,4861.26,Yes,Basic,High School or Below,2011-02-25,Retired,F,"$33,948.00",Suburban,Single,$136.00,9,73,0,1,Personal Auto,Personal L2,1,Agent,$937.71,SUV,Medsize
EY49684,California,3118.33,No,Basic,Bachelor,2011-02-25,Unemployed,F,$0.00,Rural,Divorced,$82.00,22,77,0,1,Personal Auto,Personal L3,1,Agent,$43.81,Four-Door Car,Medsize
XK43825,California,6350.64,No,Basic,College,2011-02-25,Unemployed,M,$0.00,Suburban,Married,$92.00,14,65,1,3,Personal Auto,Personal L3,3,Call Center,$440.64,Two-Door Car,Medsize
AU62013,California,33516.3,No,Basic,Doctor,2011-02-25,Employed,F,"$91,222.00",Urban,Married,$138.00,9,74,0,2,Personal Auto,Personal L1,1,Branch,$399.88,Sports Car,Small
IP93821,California,4861.26,Yes,Basic,High School or Below,2011-02-25,Retired,F,"$33,948.00",Suburban,Single,$136.00,9,73,0,1,Personal Auto,Personal L1,1,Agent,$937.71,SUV,Medsize
CA62597,California,10101.85,No,Basic,Bachelor,2011-02-25,Unemployed,F,$0.00,Suburban,Married,$136.00,23,27,0,3,Corporate Auto,Corporate L2,1,Agent,"$1,320.65",SUV,Medsize
PC23709,California,7714.66,No,Basic,Bachelor,2011-02-25,Employed,F,"$1,01,122.00",Rural,Single,$97.00,22,47,0,3,Personal Auto,Personal L3,1,Call Center,$225.49,Four-Door Car,Medsize
VH85817,California,7803.25,Yes,Basic,High School or Below,2011-02-26,Employed,M,"$68,939.00",Suburban,Single,$100.00,31,0,0,8,Personal Auto,Personal L3,2,Call Center,"$1,063.79",Four-Door Car,Medsize
MQ14219,Arizona,11465.14,No,Basic,College,2011-02-26,Employed,M,"$37,535.00",Suburban,Married,$147.00,26,73,0,7,Personal Auto,Personal L3,2,Branch,"$1,059.48",SUV,Medsize
DX91392,California,7803.25,Yes,Basic,High School or Below,2011-02-26,Employed,M,"$68,939.00",Suburban,Single,$100.00,31,0,0,8,Personal Auto,Personal L2,2,Call Center,"$1,063.79",Four-Door Car,Medsize
CC30924,Oregon,8454.6,No,Premium,College,2011-02-26,Employed,M,"$40,649.00",Urban,Married,$215.00,27,96,0,1,Corporate Auto,Corporate L3,4,Agent,$629.69,Sports Car,Small
JE21522,California,12942.9,No,Extended,Bachelor,2011-02-26,Employed,M,"$53,009.00",Suburban,Married,$108.00,45,42,0,2,Personal Auto,Personal L2,4,Branch,$518.40,Four-Door Car,Medsize
ZF84449,Oregon,5031.08,No,Basic,College,2011-02-26,Unemployed,F,$0.00,Suburban,Single,$151.00,9,46,1,1,Special Auto,Special L1,1,Agent,"$1,088.64",Sports Car,Medsize
QN65180,Oregon,29570.28,No,Extended,Bachelor,2011-02-26,Employed,F,"$30,043.00",Rural,Married,$107.00,30,101,0,2,Personal Auto,Personal L1,3,Call Center,$169.01,Four-Door Car,Large
NS10490,Oregon,19114.13,No,Basic,Bachelor,2011-02-26,Employed,F,"$1,12,367.00",Suburban,Married,$95.00,22,45,0,2,Personal Auto,Personal L3,2,Agent,$453.60,Two-Door Car,Medsize
YH60476,Oregon,7803.25,Yes,Basic,High School or Below,2011-02-26,Employed,M,"$68,939.00",Suburban,Single,$100.00,31,0,0,8,Corporate Auto,Corporate L3,2,Call Center,"$1,063.79",Four-Door Car,Medsize
VU19243,Arizona,5664.95,No,Premium,High School or Below,2011-02-26,Medical Leave,F,"$24,370.00",Suburban,Divorced,$150.00,7,96,0,1,Personal Auto,Personal L1,3,Web,$943.88,Four-Door Car,Medsize
RN82884,Arizona,5781.98,Yes,Basic,College,2011-02-26,Employed,F,"$55,166.00",Rural,Married,$147.00,22,95,1,1,Personal Auto,Personal L3,1,Agent,$225.37,SUV,Medsize
DB75522,California,9434.34,No,Extended,College,2011-02-26,Employed,F,"$30,289.00",Suburban,Married,$120.00,32,28,0,3,Special Auto,Special L2,2,Branch,$576.72,Four-Door Car,Small
QR45101,Oregon,8943.23,No,Basic,Bachelor,2011-02-26,Unemployed,M,$0.00,Suburban,Married,$84.00,36,72,0,2,Corporate Auto,Corporate L3,1,Branch,$401.76,Two-Door Car,Medsize
UG79499,Washington,15769.86,No,Extended,Bachelor,2011-02-26,Employed,M,"$95,756.00",Rural,Divorced,$134.00,3,28,0,2,Personal Auto,Personal L1,1,Agent,$257.09,Four-Door Car,Medsize
EH16250,Arizona,10402.13,No,Basic,Bachelor,2011-02-26,Employed,M,"$34,142.00",Suburban,Single,$89.00,0,5,0,2,Personal Auto,Personal L1,3,Call Center,$515.82,Four-Door Car,Medsize
ON59472,Arizona,21291.38,No,Extended,High School or Below,2011-02-26,Medical Leave,M,"$29,593.00",Suburban,Married,$278.00,19,59,0,3,Corporate Auto,Corporate L2,1,Branch,"$1,693.09",Luxury SUV,Large
MN20737,Nevada,3447.46,No,Basic,College,2011-02-26,Employed,F,"$99,812.00",Rural,Married,$86.00,18,39,1,1,Corporate Auto,Corporate L3,4,Call Center,$97.30,Four-Door Car,Medsize
ES90681,California,3263.98,No,Basic,College,2011-02-26,Employed,F,"$69,941.00",Suburban,Married,$82.00,4,16,1,1,Personal Auto,Personal L2,1,Agent,$474.05,Four-Door Car,Small
ZV32120,California,5361.32,No,Basic,Doctor,2011-02-26,Employed,M,"$31,859.00",Suburban,Single,$139.00,27,62,0,1,Corporate Auto,Corporate L3,2,Agent,$667.44,SUV,Medsize
MG10140,Oregon,5058.11,Yes,Extended,College,2011-02-26,Employed,F,"$55,997.00",Rural,Married,$127.00,19,51,1,1,Personal Auto,Personal L1,2,Call Center,$26.43,Two-Door Car,Large
QQ39596,Arizona,3398.67,No,Basic,College,2011-02-26,Unemployed,F,$0.00,Rural,Married,$93.00,3,96,0,1,Personal Auto,Personal L3,2,Call Center,$56.83,Four-Door Car,Medsize
WP73172,Oregon,11188.37,No,Basic,Bachelor,2011-02-26,Employed,F,"$1,09,845.00",Urban,Married,$139.00,3,43,0,4,Special Auto,Special L2,3,Branch,$561.29,SUV,Medsize
BR99015,California,9184.88,No,Extended,Bachelor,2011-02-26,Unemployed,F,$0.00,Suburban,Single,$127.00,34,27,0,6,Personal Auto,Personal L3,2,Call Center,$609.12,Four-Door Car,Small
XP61034,Oregon,5542.53,No,Basic,Bachelor,2011-02-26,Employed,M,"$53,314.00",Suburban,Married,$142.00,27,109,0,1,Personal Auto,Personal L3,2,Agent,"$1,020.60",SUV,Medsize
SK95364,California,6237.53,No,Extended,College,2011-02-26,Unemployed,F,$0.00,Suburban,Single,$176.00,15,0,0,1,Personal Auto,Personal L2,3,Agent,"$1,263.60",SUV,Medsize
BZ44726,Nevada,22244.99,No,Basic,High School or Below,2011-02-26,Employed,F,"$67,264.00",Suburban,Married,$95.00,19,36,3,2,Corporate Auto,Corporate L3,3,Agent,$453.60,Two-Door Car,Medsize
BC66536,Arizona,9292.98,No,Extended,High School or Below,2011-02-26,Employed,F,"$1,14,573.00",Suburban,Married,$115.00,7,88,0,4,Corporate Auto,Corporate L2,2,Web,$550.80,Four-Door Car,Medsize
ZC62609,Oregon,3728.28,No,Extended,High School or Below,2011-02-26,Unemployed,F,$0.00,Suburban,Single,$104.00,47,51,0,1,Personal Auto,Personal L1,1,Branch,$748.44,Four-Door Car,Small
AL35726,Oregon,5058.11,Yes,Extended,College,2011-02-26,Employed,F,"$55,997.00",Rural,Married,$127.00,19,51,1,1,Personal Auto,Personal L2,2,Call Center,$26.43,Two-Door Car,Large
ND29059,Oregon,14954.88,No,Extended,Bachelor,2011-02-26,Employed,M,"$1,05,315.00",Urban,Married,$186.00,19,57,0,3,Personal Auto,Personal L3,1,Agent,$836.59,SUV,Medsize
JI97190,California,6973.84,No,Basic,High School or Below,2011-02-26,Employed,M,"$58,672.00",Suburban,Married,$86.00,32,63,0,6,Personal Auto,Personal L3,3,Branch,$414.72,Two-Door Car,Large
WH62198,California,2987.8,No,Basic,Bachelor,2011-02-26,Unemployed,M,$0.00,Suburban,Divorced,$85.00,0,89,0,1,Personal Auto,Personal L2,1,Call Center,$412.50,Four-Door Car,Small
FB49203,California,8423,No,Extended,College,2011-02-26,Unemployed,F,$0.00,Suburban,Single,$123.00,34,85,0,3,Corporate Auto,Corporate L2,1,Agent,$884.52,Two-Door Car,Medsize
AV76907,Oregon,5781.98,Yes,Basic,College,2011-02-26,Employed,F,"$55,166.00",Rural,Married,$147.00,22,95,1,1,Personal Auto,Personal L3,1,Agent,$225.37,SUV,Medsize
OT49339,Oregon,11384.3,No,Basic,College,2011-02-26,Disabled,M,"$28,420.00",Urban,Married,$150.00,16,74,0,5,Corporate Auto,Corporate L3,2,Call Center,$612.33,SUV,Medsize
SM14243,Washington,11375.18,No,Basic,High School or Below,2011-02-26,Unemployed,F,$0.00,Suburban,Married,$100.00,41,50,0,2,Personal Auto,Personal L3,1,Call Center,$621.11,Four-Door Car,Medsize
ZN24083,Oregon,7468.82,No,Basic,Doctor,2011-02-26,Employed,M,"$39,263.00",Suburban,Divorced,$96.00,19,80,1,3,Corporate Auto,Corporate L2,1,Web,$664.32,Four-Door Car,Small
KJ23009,California,14308.03,No,Extended,Bachelor,2011-02-26,Employed,F,"$27,242.00",Suburban,Married,$180.00,39,0,1,5,Corporate Auto,Corporate L3,3,Agent,$861.84,SUV,Medsize
OG71924,Oregon,9404.29,No,Extended,Master,2011-02-26,Unemployed,F,$0.00,Urban,Married,$126.00,38,4,0,8,Personal Auto,Personal L3,2,Branch,$588.79,Four-Door Car,Large
AP65984,Oregon,6590.37,No,Extended,College,2011-02-26,Unemployed,F,$0.00,Suburban,Single,$182.00,0,116,0,1,Personal Auto,Personal L1,2,Agent,$874.80,SUV,Medsize
AP56340,Washington,7269.31,No,Basic,Bachelor,2011-02-26,Disabled,M,"$17,689.00",Suburban,Married,$97.00,28,43,0,7,Personal Auto,Personal L2,1,Agent,$618.30,Four-Door Car,Medsize
RW50070,Arizona,12062.62,No,Extended,High School or Below,2011-02-26,Employed,M,"$85,490.00",Suburban,Married,$304.00,7,134,0,1,Personal Auto,Personal L3,2,Branch,"$1,458.00",Luxury Car,Medsize
UF32671,Washington,7143.38,No,Basic,College,2011-02-26,Employed,F,"$77,406.00",Suburban,Single,$89.00,12,115,0,3,Personal Auto,Personal L1,1,Call Center,$427.68,Four-Door Car,Small
SQ60915,Arizona,5259.55,No,Extended,High School or Below,2011-02-26,Employed,M,"$48,560.00",Suburban,Divorced,$132.00,39,109,0,1,Corporate Auto,Corporate L3,3,Call Center,$635.04,Four-Door Car,Large
PU71194,Oregon,47524.83,No,Premium,Bachelor,2011-02-26,Employed,F,"$76,063.00",Suburban,Divorced,$398.00,15,93,0,2,Personal Auto,Personal L3,1,Branch,"$2,177.50",Luxury Car,Medsize
PE54870,Oregon,5468.18,No,Basic,College,2011-02-26,Employed,M,"$1,19,413.00",Urban,Divorced,$136.00,11,120,0,1,Personal Auto,Personal L3,1,Web,$416.81,SUV,Medsize
DA57177,Oregon,5781.98,Yes,Basic,College,2011-02-26,Employed,F,"$55,166.00",Rural,Married,$147.00,22,95,1,1,Personal Auto,Personal L2,1,Agent,$225.37,SUV,Medsize
TO71844,Oregon,2863.77,No,Basic,College,2011-02-26,Unemployed,M,$0.00,Suburban,Single,$90.00,8,81,1,1,Personal Auto,Personal L2,4,Branch,$434.16,Four-Door Car,Large
FM25704,Oregon,3422.61,No,Basic,Bachelor,2011-02-26,Employed,M,"$1,17,360.00",Urban,Married,$85.00,4,86,0,1,Corporate Auto,Corporate L3,3,Agent,$363.91,Two-Door Car,Large
MX95450,Oregon,49812.03,No,Extended,College,2011-02-26,Unemployed,F,$0.00,Suburban,Single,$180.00,0,80,0,2,Personal Auto,Personal L3,1,Agent,$861.84,SUV,Medsize
AF49027,Arizona,17317.03,No,Premium,College,2011-02-26,Unemployed,F,$0.00,Suburban,Single,$158.00,34,58,0,2,Personal Auto,Personal L3,1,Agent,"$1,137.24",Two-Door Car,Medsize
FJ60600,Oregon,9148.08,No,Extended,High School or Below,2011-02-26,Unemployed,F,$0.00,Suburban,Single,$130.00,0,51,0,3,Personal Auto,Personal L3,1,Agent,"$1,105.29",Four-Door Car,Small
DJ93289,California,6597.91,No,Basic,High School or Below,2011-02-26,Employed,F,"$90,054.00",Rural,Married,$82.00,26,32,0,8,Personal Auto,Personal L3,4,Agent,$97.17,Two-Door Car,Large
PP97061,Nevada,5781.98,Yes,Basic,College,2011-02-26,Employed,F,"$55,166.00",Rural,Married,$147.00,22,95,1,1,Personal Auto,Personal L3,1,Agent,$225.37,SUV,Medsize
TC69546,Arizona,19408.34,No,Premium,College,2011-02-26,Employed,M,"$94,960.00",Rural,Married,$242.00,15,58,0,3,Personal Auto,Personal L3,4,Branch,$342.24,SUV,Medsize
FK97285,California,5038.61,No,Extended,High School or Below,2011-02-26,Employed,F,"$1,02,295.00",Suburban,Married,$124.00,41,74,1,1,Corporate Auto,Corporate L2,2,Web,$596.16,Four-Door Car,Medsize
LQ76461,Oregon,6980.11,No,Basic,High School or Below,2011-02-26,Employed,F,"$47,701.00",Suburban,Married,$88.00,39,42,0,4,Personal Auto,Personal L2,4,Web,$631.80,Four-Door Car,Small
OP60201,Oregon,2974.64,No,Basic,College,2011-02-26,Unemployed,M,$0.00,Suburban,Single,$97.00,45,8,2,1,Personal Auto,Personal L3,1,Call Center,$700.27,Four-Door Car,Medsize
YQ44187,Oregon,3436.05,No,Basic,Bachelor,2011-02-26,Employed,F,"$36,107.00",Rural,Single,$89.00,27,55,0,1,Personal Auto,Personal L2,1,Agent,$223.77,Two-Door Car,Medsize
QJ21876,California,7650.04,No,Premium,College,2011-02-26,Employed,F,"$65,011.00",Suburban,Divorced,$193.00,12,27,0,1,Personal Auto,Personal L3,1,Web,$926.64,SUV,Medsize
QI31659,California,22886.66,No,Basic,Bachelor,2011-02-26,Employed,F,"$1,03,676.00",Urban,Single,$96.00,30,3,0,2,Personal Auto,Personal L3,2,Call Center,$316.94,Four-Door Car,Medsize
HA45220,California,7098.64,No,Basic,High School or Below,2011-02-26,Employed,F,"$51,130.00",Rural,Married,$88.00,41,88,0,8,Corporate Auto,Corporate L3,1,Branch,$55.37,Four-Door Car,Large
YB66933,Washington,7266.72,No,Basic,Bachelor,2011-02-26,Employed,F,"$1,04,695.00",Rural,Divorced,$92.00,45,103,1,7,Corporate Auto,Corporate L3,1,Call Center,$61.04,Four-Door Car,Medsize
PA18731,Oregon,12826.36,No,Basic,College,2011-02-26,Employed,F,"$63,254.00",Urban,Married,$161.00,18,127,0,9,Personal Auto,Personal L3,3,Branch,$637.73,SUV,Small
PW31239,Oregon,5781.98,Yes,Basic,College,2011-02-26,Employed,F,"$55,166.00",Rural,Married,$147.00,22,95,1,1,Personal Auto,Personal L3,1,Agent,$225.37,SUV,Medsize
DH95491,California,3009.64,No,Basic,High School or Below,2011-02-26,Unemployed,M,$0.00,Suburban,Married,$82.00,36,77,0,1,Personal Auto,Personal L3,2,Call Center,$395.28,Four-Door Car,Medsize
OX73233,Oregon,3070.77,No,Basic,College,2011-02-26,Unemployed,F,$0.00,Suburban,Single,$88.00,28,54,0,1,Corporate Auto,Corporate L3,3,Web,$631.80,Two-Door Car,Small
EZ41764,California,3373.6,No,Basic,Bachelor,2011-02-26,Employed,M,"$1,03,669.00",Suburban,Married,$84.00,16,36,0,1,Personal Auto,Personal L2,3,Agent,$401.76,Four-Door Car,Medsize
RQ77476,Oregon,27622.56,No,Premium,Bachelor,2011-02-26,Employed,M,"$1,18,128.00",Urban,Married,$138.00,27,38,0,2,Personal Auto,Personal L3,2,Branch,$568.50,Four-Door Car,Medsize
ND71187,Arizona,12808.42,No,Extended,Master,2011-02-26,Employed,M,"$75,915.00",Suburban,Married,$107.00,41,82,0,2,Corporate Auto,Corporate L2,1,Agent,$754.31,Four-Door Car,Large
CN30964,California,9025.83,No,Extended,Bachelor,2011-02-26,Employed,F,"$42,548.00",Suburban,Married,$113.00,45,100,2,3,Personal Auto,Personal L3,4,Agent,$816.48,Two-Door Car,Small
UD77728,Arizona,7638.04,No,Basic,Bachelor,2011-02-26,Employed,F,"$31,793.00",Urban,Married,$97.00,23,4,0,3,Personal Auto,Personal L3,2,Agent,$300.71,Four-Door Car,Medsize
IP65887,Oregon,51854.3,No,Basic,Bachelor,2011-02-26,Employed,F,"$96,719.00",Suburban,Married,$142.00,26,112,0,2,Corporate Auto,Corporate L3,1,Call Center,$680.40,SUV,Medsize
FO13070,California,7803.25,Yes,Basic,High School or Below,2011-02-26,Employed,M,"$68,939.00",Suburban,Single,$100.00,31,0,0,8,Personal Auto,Personal L2,2,Call Center,"$1,063.79",Four-Door Car,Medsize
MC48570,Arizona,3335.1,No,Basic,Doctor,2011-02-26,Disabled,F,"$25,192.00",Urban,Married,$84.00,18,100,0,1,Personal Auto,Personal L2,2,Web,$265.79,Two-Door Car,Medsize
IA67715,California,10422.21,No,Basic,High School or Below,2011-02-26,Employed,F,"$90,898.00",Suburban,Married,$259.00,4,14,0,1,Personal Auto,Personal L2,4,Branch,"$1,244.16",Luxury Car,Medsize
XC14741,California,3968.92,No,Basic,High School or Below,2011-02-26,Employed,M,"$1,31,942.00",Urban,Divorced,$99.00,32,35,0,1,Corporate Auto,Corporate L2,2,Branch,$254.70,Four-Door Car,Medsize
YE70791,California,6978.82,Yes,Basic,High School or Below,2011-02-26,Medical Leave,M,"$16,781.00",Suburban,Single,$99.00,30,18,0,4,Personal Auto,Personal L2,2,Call Center,$473.04,Four-Door Car,Medsize
LI72489,Nevada,20663.4,No,Premium,Bachelor,2011-02-26,Employed,M,"$62,556.00",Rural,Married,$261.00,32,92,0,9,Corporate Auto,Corporate L3,4,Web,$26.28,SUV,Medsize
YJ96611,Arizona,9693.38,No,Basic,High School or Below,2011-02-26,Unemployed,F,$0.00,Suburban,Single,$140.00,41,130,0,3,Special Auto,Special L1,1,Web,"$1,633.83",Sports Car,Medsize
KX57885,California,8198.88,No,Extended,Bachelor,2011-02-26,Retired,M,"$29,839.00",Suburban,Divorced,$120.00,5,100,1,3,Personal Auto,Personal L3,2,Call Center,$576.72,Four-Door Car,Medsize
FQ89652,Oregon,9473.15,No,Basic,College,2011-02-26,Unemployed,F,$0.00,Suburban,Single,$139.00,39,123,0,6,Special Auto,Special L2,1,Agent,"$1,001.16",SUV,Medsize
XX34879,Oregon,19869.46,No,Extended,College,2011-02-26,Employed,M,"$75,955.00",Suburban,Married,$126.00,36,42,0,2,Corporate Auto,Corporate L3,2,Agent,$602.64,Four-Door Car,Medsize
QS81789,Oregon,33894.58,No,Basic,Bachelor,2011-02-26,Medical Leave,F,"$32,954.00",Suburban,Married,$99.00,7,69,0,2,Corporate Auto,Corporate L3,3,Web,$473.04,Four-Door Car,Small
EO24423,Arizona,3246.26,No,Basic,Master,2011-02-26,Disabled,M,"$30,023.00",Suburban,Married,$84.00,46,115,0,1,Personal Auto,Personal L3,2,Branch,$401.76,Four-Door Car,Small
GO42840,Oregon,3352.79,No,Basic,High School or Below,2011-02-26,Employed,M,"$1,18,114.00",Urban,Married,$84.00,20,93,0,1,Personal Auto,Personal L2,3,Agent,$357.02,Two-Door Car,Medsize
IN56924,California,7303.44,No,Basic,High School or Below,2011-02-26,Unemployed,F,$0.00,Suburban,Single,$84.00,1,12,5,2,Personal Auto,Personal L3,2,Agent,$401.76,Four-Door Car,Medsize
IS58553,Oregon,20484.86,No,Extended,High School or Below,2011-02-26,Employed,F,"$30,305.00",Suburban,Married,$170.00,27,43,0,2,Personal Auto,Personal L3,1,Branch,$816.48,SUV,Medsize
TN71995,Arizona,7610.95,No,Extended,Bachelor,2011-02-26,Unemployed,M,$0.00,Suburban,Divorced,$113.00,5,70,1,4,Personal Auto,Personal L3,2,Agent,$544.32,Four-Door Car,Large
PS43764,Washington,6978.82,Yes,Basic,High School or Below,2011-02-26,Medical Leave,M,"$16,781.00",Suburban,Single,$99.00,30,18,0,4,Special Auto,Special L2,2,Call Center,$473.04,Four-Door Car,Medsize
YO41331,Oregon,5058.11,Yes,Extended,College,2011-02-26,Employed,F,"$55,997.00",Rural,Married,$127.00,19,51,1,1,Personal Auto,Personal L3,2,Call Center,$26.43,Two-Door Car,Large
EP64833,California,8342.59,No,Extended,High School or Below,2011-02-26,Unemployed,F,$0.00,Suburban,Single,$116.00,16,130,0,8,Corporate Auto,Corporate L3,3,Call Center,$557.28,Four-Door Car,Medsize
QA32784,Oregon,6727.29,No,Extended,Bachelor,2011-02-26,Disabled,M,"$29,021.00",Suburban,Married,$173.00,42,78,0,1,Personal Auto,Personal L3,3,Call Center,$829.44,Sports Car,Medsize
NS14955,Oregon,15830.36,No,Extended,Master,2011-02-26,Employed,F,"$54,761.00",Rural,Married,$131.00,0,49,0,2,Personal Auto,Personal L2,4,Call Center,$116.06,Four-Door Car,Small
UH79028,Nevada,7803.25,Yes,Basic,High School or Below,2011-02-26,Employed,M,"$68,939.00",Suburban,Single,$100.00,31,0,0,8,Personal Auto,Personal L2,2,Call Center,"$1,063.79",Four-Door Car,Medsize
NJ54277,California,5058.11,Yes,Extended,College,2011-02-26,Employed,F,"$55,997.00",Rural,Married,$127.00,19,51,1,1,Personal Auto,Personal L2,2,Call Center,$26.43,Two-Door Car,Large
ZR41880,Nevada,4102.42,No,Extended,College,2011-02-26,Employed,F,"$1,01,493.00",Rural,Single,$104.00,20,41,3,1,Corporate Auto,Corporate L3,3,Agent,$209.13,Four-Door Car,Large
CY90231,Nevada,34091.69,No,Basic,Master,2011-02-26,Employed,M,"$59,530.00",Suburban,Divorced,$97.00,38,88,1,2,Personal Auto,Personal L2,1,Branch,$466.56,Four-Door Car,Small
KR29524,Oregon,6402.53,No,Basic,Bachelor,2011-02-26,Employed,F,"$1,06,105.00",Rural,Married,$159.00,1,95,0,1,Personal Auto,Personal L1,1,Branch,$180.78,SUV,Medsize
HV75704,California,30728.99,No,Basic,Bachelor,2011-02-26,Employed,F,"$95,203.00",Suburban,Married,$85.00,18,35,0,2,Corporate Auto,Corporate L3,1,Agent,$408.24,Four-Door Car,Small
LP59331,Arizona,7131.43,No,Basic,College,2011-02-26,Employed,M,"$52,118.00",Suburban,Single,$92.00,22,134,0,3,Personal Auto,Personal L3,1,Branch,$557.94,Four-Door Car,Medsize
OE19653,Oregon,4726.15,No,Extended,High School or Below,2011-02-26,Unemployed,F,$0.00,Suburban,Married,$126.00,5,85,0,1,Personal Auto,Personal L2,4,Branch,$602.64,Two-Door Car,Small
WG51244,Oregon,29497.97,No,Basic,Bachelor,2011-02-26,Employed,M,"$64,944.00",Suburban,Divorced,$257.00,8,46,2,2,Corporate Auto,Corporate L2,1,Call Center,"$1,231.20",Luxury SUV,Small
UF13251,Oregon,11489.52,No,Basic,High School or Below,2011-02-26,Employed,M,"$35,143.00",Suburban,Married,$147.00,24,34,0,3,Personal Auto,Personal L2,2,Web,$861.43,SUV,Medsize
HY49431,California,4440.33,No,Extended,Bachelor,2011-02-26,Employed,F,"$29,628.00",Urban,Married,$112.00,23,89,0,1,Personal Auto,Personal L1,3,Branch,$495.33,Four-Door Car,Medsize
JU55710,Oregon,5058.11,Yes,Extended,College,2011-02-26,Employed,F,"$55,997.00",Rural,Married,$127.00,19,51,1,1,Personal Auto,Personal L1,2,Call Center,$26.43,Two-Door Car,Large
MZ85889,California,7319.06,No,Basic,Master,2011-02-26,Employed,F,"$34,800.00",Rural,Divorced,$92.00,39,46,0,3,Corporate Auto,Corporate L2,2,Call Center,$27.19,Two-Door Car,Large
BZ33435,Arizona,7611.65,No,Basic,Bachelor,2011-02-26,Employed,F,"$75,623.00",Rural,Married,$96.00,1,132,0,6,Corporate Auto,Corporate L3,1,Branch,$70.19,Four-Door Car,Small
DR93103,Arizona,23701.94,No,Basic,Master,2011-02-26,Employed,F,"$48,886.00",Rural,Married,$99.00,34,77,0,2,Personal Auto,Personal L2,1,Agent,$160.70,Two-Door Car,Medsize
GU41036,Oregon,12711.98,No,Extended,High School or Below,2011-02-26,Disabled,M,"$18,105.00",Suburban,Married,$171.00,36,109,0,7,Personal Auto,Personal L1,1,Branch,$822.96,SUV,Medsize
GN36177,Nevada,3501.65,No,Basic,Bachelor,2011-02-26,Employed,M,"$58,895.00",Suburban,Divorced,$90.00,12,108,0,1,Personal Auto,Personal L3,4,Call Center,$434.16,Two-Door Car,Small
KH94432,Arizona,7207.01,No,Basic,Doctor,2011-02-26,Employed,F,"$65,740.00",Rural,Married,$89.00,28,42,0,6,Corporate Auto,Corporate L2,3,Agent,$65.83,Four-Door Car,Medsize
CG69038,Washington,6504.29,No,Basic,College,2011-02-26,Employed,M,"$51,512.00",Rural,Married,$82.00,3,53,0,4,Personal Auto,Personal L3,3,Branch,$110.07,Two-Door Car,Medsize
TB56369,California,16837.36,No,Premium,Bachelor,2011-02-26,Employed,F,"$49,344.00",Rural,Single,$144.00,16,34,0,2,Personal Auto,Personal L3,1,Branch,$72.68,Four-Door Car,Medsize
DR77208,California,12877.34,No,Extended,Bachelor,2011-02-26,Unemployed,M,$0.00,Rural,Married,$115.00,9,8,0,2,Personal Auto,Personal L2,4,Call Center,$79.26,Two-Door Car,Medsize
VF36700,Oregon,32775.44,No,Extended,Master,2011-02-26,Retired,F,"$28,327.00",Urban,Single,$131.00,14,70,1,2,Personal Auto,Personal L2,1,Branch,$609.86,Four-Door Car,Medsize
AP52565,Arizona,9107.69,No,Extended,High School or Below,2011-02-26,Employed,F,"$94,943.00",Urban,Married,$113.00,15,43,0,6,Corporate Auto,Corporate L1,4,Branch,$395.86,Four-Door Car,Medsize
UM17151,California,2562.31,No,Basic,Bachelor,2011-02-26,Unemployed,M,$0.00,Suburban,Single,$90.00,20,123,3,1,Personal Auto,Personal L2,1,Agent,$558.37,Two-Door Car,Medsize
PP35705,California,48415.04,No,Extended,High School or Below,2011-02-26,Medical Leave,M,"$35,608.00",Suburban,Divorced,$163.00,9,26,0,2,Personal Auto,Personal L3,1,Agent,$784.08,SUV,Small
LH66741,Arizona,9496.37,No,Basic,Bachelor,2011-02-26,Employed,M,"$31,263.00",Suburban,Married,$85.00,42,62,3,2,Personal Auto,Personal L2,2,Branch,$408.24,Four-Door Car,Large
LT80200,Oregon,3636.37,No,Basic,High School or Below,2011-02-26,Unemployed,F,$0.00,Suburban,Single,$100.00,30,4,0,1,Personal Auto,Personal L2,1,Branch,$479.52,Four-Door Car,Small
WW19050,Oregon,7714.23,No,Extended,High School or Below,2011-02-26,Unemployed,M,$0.00,Rural,Married,$107.00,4,89,0,9,Personal Auto,Personal L2,4,Agent,$68.10,Two-Door Car,Large
FD16853,Arizona,7254.53,No,Basic,High School or Below,2011-02-26,Unemployed,F,$0.00,Suburban,Married,$97.00,3,112,0,3,Personal Auto,Personal L3,1,Call Center,$576.81,Four-Door Car,Medsize
LP48634,California,3481.43,No,Basic,High School or Below,2011-02-26,Employed,F,"$80,965.00",Rural,Divorced,$88.00,31,7,0,1,Corporate Auto,Corporate L3,4,Call Center,$171.76,Four-Door Car,Medsize
KH53118,California,10132.79,No,Basic,Bachelor,2011-02-26,Employed,F,"$60,055.00",Rural,Married,$84.00,7,100,0,2,Special Auto,Special L3,1,Agent,$107.86,Four-Door Car,Medsize
BV36386,California,5781.98,Yes,Basic,College,2011-02-26,Employed,F,"$55,166.00",Rural,Married,$147.00,22,95,1,1,Personal Auto,Personal L3,1,Agent,$225.37,SUV,Medsize
QY46560,Arizona,2905.31,No,Basic,Bachelor,2011-02-26,Unemployed,M,$0.00,Suburban,Single,$88.00,11,68,0,1,Personal Auto,Personal L2,2,Agent,$621.51,Two-Door Car,Medsize
KR90607,Washington,5023.88,No,Basic,College,2011-02-26,Unemployed,F,$0.00,Suburban,Single,$136.00,22,80,0,1,Personal Auto,Personal L1,1,Agent,"$1,164.37",SUV,Medsize
LU49168,Arizona,28732.91,No,Basic,High School or Below,2011-02-26,Unemployed,M,$0.00,Suburban,Married,$85.00,32,120,0,2,Personal Auto,Personal L3,4,Branch,$408.24,Two-Door Car,Large
XJ65608,California,7278.9,No,Basic,College,2011-02-26,Employed,F,"$85,905.00",Suburban,Married,$92.00,22,28,1,8,Corporate Auto,Corporate L1,2,Agent,$504.93,Two-Door Car,Medsize
HY46017,California,3748.64,No,Basic,College,2011-02-26,Employed,F,"$95,571.00",Rural,Married,$93.00,43,1,0,1,Personal Auto,Personal L3,2,Web,$84.54,Four-Door Car,Large
GM61951,Nevada,39551.4,No,Basic,High School or Below,2011-02-26,Unemployed,F,$0.00,Suburban,Single,$155.00,30,88,0,2,Personal Auto,Personal L3,2,Agent,"$1,688.91",SUV,Small
RE93978,Washington,11055.12,No,Basic,College,2011-02-26,Employed,M,"$1,20,232.00",Suburban,Divorced,$139.00,26,119,0,3,Personal Auto,Personal L2,3,Web,$763.11,SUV,Small
HB21182,Arizona,3264,No,Basic,Master,2011-02-26,Employed,F,"$27,270.00",Suburban,Single,$88.00,4,69,3,1,Personal Auto,Personal L3,2,Agent,$421.20,Two-Door Car,Medsize
YQ95507,Oregon,3422.55,No,Basic,High School or Below,2011-02-26,Employed,F,"$93,500.00",Suburban,Divorced,$85.00,4,41,0,1,Personal Auto,Personal L3,3,Call Center,$489.40,Four-Door Car,Small
UX87980,Nevada,3787.14,No,Extended,College,2011-02-26,Employed,M,"$67,743.00",Urban,Single,$104.00,41,126,3,1,Personal Auto,Personal L3,2,Web,$486.67,Four-Door Car,Medsize
OP68330,Oregon,9784.12,No,Extended,College,2011-02-26,Unemployed,F,$0.00,Suburban,Married,$130.00,42,86,1,3,Personal Auto,Personal L2,1,Agent,$622.08,Four-Door Car,Large
VZ64716,Oregon,15587.33,No,Extended,Master,2011-02-26,Employed,M,"$1,09,459.00",Rural,Married,$130.00,43,46,1,2,Corporate Auto,Corporate L2,4,Call Center,$278.38,Four-Door Car,Medsize
VI18029,Washington,3259.76,No,Basic,Bachelor,2011-02-26,Employed,M,"$1,07,016.00",Urban,Married,$84.00,32,85,4,1,Personal Auto,Personal L3,2,Agent,$314.22,Four-Door Car,Medsize
GD93408,California,7774.67,No,Basic,Bachelor,2011-02-26,Employed,F,"$41,807.00",Rural,Married,$100.00,14,120,1,8,Corporate Auto,Corporate L2,1,Branch,$61.32,Two-Door Car,Medsize
VI12822,Washington,3553.95,No,Basic,High School or Below,2011-02-26,Employed,F,"$1,34,785.00",Suburban,Married,$88.00,19,41,0,1,Personal Auto,Personal L2,2,Branch,$421.20,Four-Door Car,Small
WE21182,Oregon,6978.82,Yes,Basic,High School or Below,2011-02-26,Medical Leave,M,"$16,781.00",Suburban,Single,$99.00,30,18,0,4,Personal Auto,Personal L3,2,Call Center,$473.04,Four-Door Car,Medsize
IS73434,Arizona,4345.85,No,Extended,Bachelor,2011-02-26,Employed,F,"$61,954.00",Suburban,Married,$109.00,1,66,0,1,Corporate Auto,Corporate L2,2,Agent,$524.88,Four-Door Car,Medsize
XL49151,Arizona,3769.21,No,Extended,College,2011-02-26,Employed,M,"$30,275.00",Suburban,Single,$103.00,12,42,1,1,Corporate Auto,Corporate L3,3,Branch,$713.33,Four-Door Car,Medsize
GP37412,Arizona,11771.86,No,Basic,College,2011-02-26,Employed,F,"$80,680.00",Suburban,Married,$99.00,5,42,0,2,Personal Auto,Personal L3,4,Agent,$473.04,Two-Door Car,Small
VO29645,Oregon,6978.82,Yes,Basic,High School or Below,2011-02-26,Medical Leave,M,"$16,781.00",Suburban,Single,$99.00,30,18,0,4,Personal Auto,Personal L3,2,Call Center,$473.04,Four-Door Car,Medsize
FE62142,Oregon,5760.55,No,Basic,Bachelor,2011-02-26,Employed,F,"$58,971.00",Rural,Married,$144.00,16,99,0,1,Corporate Auto,Corporate L3,3,Branch,$199.80,SUV,Medsize
UY95661,California,6711.83,No,Basic,Master,2011-02-26,Employed,M,"$66,367.00",Urban,Married,$85.00,22,55,2,3,Personal Auto,Personal L2,3,Branch,$231.86,Two-Door Car,Medsize
KH12081,Arizona,10974.84,No,Basic,High School or Below,2011-02-26,Unemployed,F,$0.00,Suburban,Divorced,$161.00,4,15,1,8,Personal Auto,Personal L3,2,Branch,$984.70,SUV,Large
IH20118,Oregon,6978.82,Yes,Basic,High School or Below,2011-02-26,Medical Leave,M,"$16,781.00",Suburban,Single,$99.00,30,18,0,4,Personal Auto,Personal L3,2,Call Center,$473.04,Four-Door Car,Medsize
KY55245,California,6978.82,Yes,Basic,High School or Below,2011-02-26,Medical Leave,M,"$16,781.00",Suburban,Single,$99.00,30,18,0,4,Personal Auto,Personal L3,2,Call Center,$473.04,Four-Door Car,Medsize
AQ94108,Oregon,11485.57,No,Basic,College,2011-02-26,Employed,F,"$76,550.00",Rural,Married,$96.00,45,68,0,2,Corporate Auto,Corporate L3,1,Branch,$114.37,Four-Door Car,Medsize
RM87465,Arizona,7803.25,Yes,Basic,High School or Below,2011-02-26,Employed,M,"$68,939.00",Suburban,Single,$100.00,31,0,0,8,Personal Auto,Personal L2,2,Call Center,"$1,063.79",Four-Door Car,Medsize
PD69398,Washington,29308.87,No,Extended,College,2011-02-26,Employed,M,"$84,200.00",Rural,Married,$127.00,5,14,2,2,Corporate Auto,Corporate L1,2,Call Center,$43.21,Four-Door Car,Medsize
PG14554,Arizona,44249.36,No,Basic,Bachelor,2011-02-26,Unemployed,M,$0.00,Suburban,Married,$155.00,4,30,0,2,Personal Auto,Personal L2,1,Call Center,$745.20,SUV,Small
ON72594,California,15897.61,No,Extended,Master,2011-02-26,Employed,F,"$79,489.00",Urban,Married,$131.00,11,69,0,2,Personal Auto,Personal L2,4,Branch,$479.09,Four-Door Car,Medsize
RE68901,Washington,7608.26,No,Basic,College,2011-02-26,Employed,F,"$27,409.00",Suburban,Married,$96.00,32,113,0,3,Corporate Auto,Corporate L3,1,Branch,$460.08,Four-Door Car,Small
AZ90068,California,11060.77,No,Basic,College,2011-02-26,Employed,M,"$1,20,446.00",Suburban,Single,$99.00,16,12,4,2,Personal Auto,Personal L3,2,Branch,$473.04,Four-Door Car,Medsize
XH46220,California,5058.11,Yes,Extended,College,2011-02-26,Employed,F,"$55,997.00",Rural,Married,$127.00,19,51,1,1,Corporate Auto,Corporate L2,2,Call Center,$26.43,Two-Door Car,Large
YN15016,California,6036.86,No,Basic,High School or Below,2011-02-26,Unemployed,M,$0.00,Suburban,Single,$92.00,47,132,2,9,Personal Auto,Personal L3,1,Branch,$660.96,Four-Door Car,Medsize
HB12866,California,10057.3,No,Extended,High School or Below,2011-02-26,Unemployed,F,$0.00,Suburban,Single,$278.00,9,111,0,1,Personal Auto,Personal L2,2,Agent,"$2,002.32",Luxury SUV,Large
NM33351,California,47501.45,No,Extended,Bachelor,2011-02-26,Employed,F,"$1,16,281.00",Rural,Divorced,$132.00,23,105,0,2,Corporate Auto,Corporate L3,1,Agent,$4.38,Two-Door Car,Small
RJ62038,California,11024.79,No,Extended,High School or Below,2011-02-26,Unemployed,M,$0.00,Suburban,Single,$111.00,46,7,0,2,Personal Auto,Personal L1,2,Web,$797.04,Four-Door Car,Small
ZO42514,California,12364.66,No,Premium,Bachelor,2011-02-26,Employed,F,"$1,30,047.00",Urban,Divorced,$154.00,45,51,0,9,Personal Auto,Personal L3,3,Agent,$662.89,Two-Door Car,Medsize
EA52579,California,10377.85,No,Basic,Bachelor,2011-02-26,Unemployed,F,$0.00,Suburban,Divorced,$147.00,0,7,0,3,Personal Auto,Personal L1,3,Call Center,$706.32,SUV,Medsize
MR76405,California,12784.59,No,Extended,College,2011-02-26,Employed,F,"$62,816.00",Rural,Married,$108.00,16,62,1,2,Corporate Auto,Corporate L2,1,Agent,$160.05,Four-Door Car,Medsize
RI76399,California,23809.17,No,Basic,High School or Below,2011-02-26,Employed,F,"$50,097.00",Suburban,Married,$85.00,9,95,0,2,Corporate Auto,Corporate L2,1,Agent,$408.24,Two-Door Car,Medsize
LI81655,California,8961.47,No,Premium,Master,2011-02-26,Employed,M,"$29,141.00",Suburban,Married,$225.00,42,59,1,1,Personal Auto,Personal L2,4,Agent,"$1,082.16",Sports Car,Medsize
PS23376,California,7655.98,No,Basic,High School or Below,2011-02-26,Employed,F,"$94,052.00",Rural,Married,$95.00,46,45,0,4,Corporate Auto,Corporate L2,1,Branch,$87.55,Two-Door Car,Large
WC83389,Oregon,7708.95,No,Basic,College,2011-02-27,Employed,M,"$69,050.00",Urban,Married,$97.00,12,1,0,7,Personal Auto,Personal L2,2,Branch,$417.13,Four-Door Car,Medsize
OM82309,California,78524.85,No,Basic,Bachelor,2011-02-27,Employed,M,"$82,783.00",Rural,Single,$251.00,0,41,1,2,Personal Auto,Personal L3,2,Branch,$577.30,Luxury Car,Small
OE75231,Washington,14386.79,Yes,Extended,Bachelor,2011-02-27,Employed,F,"$97,929.00",Suburban,Married,$119.00,9,4,0,2,Corporate Auto,Corporate L3,2,Call Center,$852.85,Two-Door Car,Medsize
WI57118,California,9047.12,No,Extended,College,2011-02-27,Employed,M,"$76,137.00",Suburban,Married,$115.00,5,24,0,7,Personal Auto,Personal L3,4,Agent,$550.80,Four-Door Car,Small
ML93326,Washington,6041.82,No,Basic,College,2011-02-27,Employed,F,"$1,14,619.00",Urban,Married,$150.00,9,85,0,1,Personal Auto,Personal L1,1,Agent,$671.12,SUV,Medsize
RV14138,Nevada,5850.99,Yes,Extended,Bachelor,2011-02-27,Retired,F,"$32,270.00",Suburban,Single,$166.00,1,90,3,1,Personal Auto,Personal L3,1,Agent,$797.04,SUV,Medsize
YS94121,Nevada,7621.29,No,Basic,High School or Below,2011-02-27,Employed,M,"$67,994.00",Suburban,Divorced,$97.00,12,7,0,9,Personal Auto,Personal L1,1,Call Center,$578.79,Four-Door Car,Small
KO26461,Arizona,43564.3,No,Extended,High School or Below,2011-02-27,Employed,M,"$56,052.00",Urban,Married,$122.00,24,95,0,2,Personal Auto,Personal L2,1,Agent,$391.37,Four-Door Car,Medsize
HO61691,Arizona,6877.61,No,Basic,Bachelor,2011-02-27,Employed,F,"$97,208.00",Suburban,Divorced,$86.00,5,51,0,3,Personal Auto,Personal L1,4,Agent,$414.72,Four-Door Car,Medsize
OU78470,Arizona,39592.86,No,Extended,Master,2011-02-27,Employed,F,"$43,208.00",Rural,Single,$127.00,38,9,0,2,Corporate Auto,Corporate L3,2,Call Center,$76.77,Four-Door Car,Medsize
MJ69973,Arizona,3835.15,No,Basic,High School or Below,2011-02-27,Unemployed,M,$0.00,Suburban,Married,$100.00,23,99,0,1,Personal Auto,Personal L3,1,Call Center,$543.31,Two-Door Car,Medsize
UB16654,Washington,6370.05,No,Basic,Master,2011-02-27,Disabled,M,"$21,168.00",Urban,Divorced,$86.00,27,39,0,8,Personal Auto,Personal L3,4,Web,$352.19,Four-Door Car,Medsize
IW71076,California,6765.2,No,Basic,Bachelor,2011-02-27,Employed,M,"$1,01,585.00",Rural,Married,$85.00,18,96,0,5,Corporate Auto,Corporate L3,2,Agent,$141.01,Four-Door Car,Large
IN17648,Nevada,6917.09,No,Basic,High School or Below,2011-02-27,Unemployed,M,$0.00,Suburban,Single,$100.00,1,84,0,7,Personal Auto,Personal L1,1,Agent,"$1,043.28",Two-Door Car,Medsize
TC97762,California,6726.62,No,Basic,High School or Below,2011-02-27,Employed,F,"$70,571.00",Suburban,Married,$84.00,8,119,0,5,Corporate Auto,Corporate L3,3,Branch,$505.23,Four-Door Car,Medsize
MY64920,Oregon,12443.13,No,Basic,College,2011-02-27,Employed,F,"$98,900.00",Suburban,Married,$155.00,9,42,0,4,Personal Auto,Personal L2,4,Web,$909.01,SUV,Medsize
CN90378,California,9264.39,No,Extended,High School or Below,2011-02-27,Employed,F,"$73,953.00",Rural,Married,$119.00,30,97,3,5,Personal Auto,Personal L3,1,Agent,$182.60,Four-Door Car,Large
PM27367,California,3751.52,No,Basic,Master,2011-02-27,Employed,F,"$99,320.00",Rural,Single,$95.00,0,62,1,1,Special Auto,Special L3,2,Branch,$102.51,Two-Door Car,Medsize
QP65569,Arizona,16412.4,Yes,Premium,High School or Below,2011-02-27,Employed,M,"$77,556.00",Suburban,Single,$139.00,8,38,0,2,Personal Auto,Personal L3,1,Agent,$667.44,Four-Door Car,Medsize
CN23147,Oregon,17627.18,No,Premium,Bachelor,2011-02-27,Employed,M,"$65,885.00",Suburban,Married,$151.00,1,5,1,2,Corporate Auto,Corporate L3,1,Branch,$725.76,Four-Door Car,Medsize
RU94434,Oregon,16412.4,Yes,Premium,High School or Below,2011-02-27,Employed,M,"$77,556.00",Suburban,Single,$139.00,8,38,0,2,Personal Auto,Personal L3,1,Agent,$667.44,Four-Door Car,Medsize
HQ82233,California,16176.27,No,Basic,High School or Below,2011-02-27,Employed,M,"$58,043.00",Urban,Married,$136.00,14,30,0,2,Personal Auto,Personal L3,3,Call Center,$554.19,SUV,Medsize
IS30295,Arizona,19757.86,Yes,Extended,Bachelor,2011-02-27,Unemployed,F,$0.00,Suburban,Divorced,$188.00,7,76,0,2,Personal Auto,Personal L3,1,Call Center,$900.72,SUV,Medsize
KR48903,Washington,3381.63,No,Basic,High School or Below,2011-02-27,Employed,M,"$1,19,156.00",Suburban,Married,$84.00,11,46,0,1,Personal Auto,Personal L3,1,Branch,$401.76,Two-Door Car,Medsize
AQ51368,Oregon,14386.79,Yes,Extended,Bachelor,2011-02-27,Employed,F,"$97,929.00",Suburban,Married,$119.00,9,4,0,2,Corporate Auto,Corporate L3,2,Call Center,$852.85,Two-Door Car,Medsize
UF77413,Oregon,3723.97,No,Basic,College,2011-02-27,Employed,M,"$88,822.00",Urban,Married,$93.00,14,19,1,1,Personal Auto,Personal L1,1,Branch,$374.32,Four-Door Car,Medsize
LE84979,California,16480.96,No,Basic,Master,2011-02-27,Employed,F,"$28,797.00",Urban,Divorced,$139.00,24,113,0,2,Personal Auto,Personal L3,1,Agent,$565.73,SUV,Large
VO36036,Oregon,4774.18,No,Extended,Doctor,2011-02-27,Employed,F,"$38,135.00",Suburban,Single,$122.00,34,120,0,1,Personal Auto,Personal L3,2,Branch,$856.42,Four-Door Car,Small
WG15841,California,3794.13,Yes,Basic,Bachelor,2011-02-27,Employed,M,"$36,167.00",Suburban,Married,$96.00,5,55,0,1,Personal Auto,Personal L3,2,Agent,$460.08,Two-Door Car,Medsize
TP54769,California,6889.53,No,Extended,Bachelor,2011-02-27,Employed,F,"$53,260.00",Urban,Divorced,$177.00,8,73,0,1,Corporate Auto,Corporate L3,1,Web,$537.56,SUV,Medsize
AN36757,Oregon,29775.61,No,Extended,Master,2011-02-27,Employed,M,"$90,249.00",Urban,Married,$124.00,14,95,2,2,Personal Auto,Personal L3,2,Branch,$551.54,Four-Door Car,Medsize
TS50305,California,5372.17,No,Basic,High School or Below,2011-02-27,Unemployed,F,$0.00,Suburban,Single,$151.00,15,4,0,1,Personal Auto,Personal L3,1,Agent,"$1,088.64",SUV,Medsize
GY55415,Nevada,21229.09,No,Premium,Bachelor,2011-02-27,Unemployed,F,$0.00,Suburban,Single,$201.00,22,95,0,2,Corporate Auto,Corporate L1,1,Web,"$1,448.28",SUV,Medsize
KY29506,California,27534.56,No,Premium,College,2011-02-27,Employed,F,"$1,25,348.00",Suburban,Single,$140.00,4,38,1,2,Personal Auto,Personal L2,1,Agent,$673.92,Four-Door Car,Small
JR59597,California,8549.47,No,Extended,Bachelor,2011-02-27,Employed,M,"$68,638.00",Suburban,Single,$111.00,16,88,0,3,Personal Auto,Personal L3,3,Call Center,$531.36,Two-Door Car,Small
DL26809,Nevada,9216.18,No,Basic,College,2011-02-27,Unemployed,M,$0.00,Suburban,Single,$92.00,18,35,0,2,Personal Auto,Personal L3,1,Agent,$660.96,Two-Door Car,Small
DN98431,Oregon,3422.68,No,Basic,High School or Below,2011-02-27,Unemployed,F,$0.00,Suburban,Married,$92.00,32,99,0,1,Corporate Auto,Corporate L3,1,Branch,$440.64,Four-Door Car,Medsize
QI40455,Oregon,16332.18,No,Basic,Doctor,2011-02-27,Unemployed,F,$0.00,Urban,Married,$144.00,24,107,0,2,Personal Auto,Personal L3,1,Branch,$365.87,SUV,Large
EX61844,Arizona,18926.97,No,Basic,High School or Below,2011-02-27,Employed,M,"$49,590.00",Urban,Married,$96.00,28,38,0,2,Personal Auto,Personal L2,2,Agent,$441.56,Four-Door Car,Medsize
PL78574,Arizona,16412.4,Yes,Premium,High School or Below,2011-02-27,Employed,M,"$77,556.00",Suburban,Single,$139.00,8,38,0,2,Personal Auto,Personal L3,1,Agent,$667.44,Four-Door Car,Medsize
RR54950,Arizona,7134.86,No,Basic,College,2011-02-27,Employed,M,"$1,15,767.00",Suburban,Married,$89.00,31,19,1,8,Special Auto,Special L2,1,Branch,$427.68,Four-Door Car,Small
GC93551,Oregon,7141.67,No,Basic,High School or Below,2011-02-27,Employed,F,"$36,692.00",Suburban,Divorced,$89.00,11,123,0,9,Personal Auto,Personal L3,1,Branch,$464.67,Four-Door Car,Medsize
OV40993,Nevada,11736.4,No,Basic,College,2011-02-27,Disabled,F,"$23,562.00",Suburban,Married,$159.00,16,95,1,9,Personal Auto,Personal L2,1,Branch,$764.64,SUV,Small
GC42314,Arizona,11199.84,No,Basic,Doctor,2011-02-27,Unemployed,M,$0.00,Suburban,Married,$150.00,4,80,0,9,Personal Auto,Personal L3,3,Web,$908.44,SUV,Medsize
BG60187,Oregon,10816.37,No,Extended,Bachelor,2011-02-27,Unemployed,M,$0.00,Urban,Single,$107.00,30,111,0,2,Personal Auto,Personal L3,1,Branch,$452.57,Four-Door Car,Medsize
KE60943,California,6626.08,No,Basic,Bachelor,2011-02-27,Employed,M,"$44,962.00",Suburban,Married,$84.00,4,16,0,5,Special Auto,Special L2,1,Call Center,$477.60,Four-Door Car,Small
GT37101,Oregon,7133.82,No,Basic,High School or Below,2011-02-27,Employed,F,"$50,814.00",Urban,Divorced,$90.00,34,100,0,4,Personal Auto,Personal L2,1,Call Center,$234.96,Two-Door Car,Medsize
KR17533,Oregon,5338.63,No,Basic,Doctor,2011-02-27,Employed,M,"$54,236.00",Rural,Divorced,$138.00,46,105,1,1,Personal Auto,Personal L1,3,Branch,$208.87,SUV,Medsize
DN10177,California,6138.67,No,Basic,College,2011-02-27,Unemployed,M,$0.00,Suburban,Single,$90.00,35,5,0,3,Personal Auto,Personal L1,1,Call Center,$434.16,Two-Door Car,Medsize
YV93921,California,7060.15,No,Basic,Bachelor,2011-02-27,Employed,M,"$1,04,432.00",Rural,Single,$90.00,32,51,0,8,Personal Auto,Personal L2,3,Web,$40.34,Four-Door Car,Medsize
LV34368,California,6497.93,No,Basic,Bachelor,2011-02-27,Unemployed,M,$0.00,Suburban,Single,$93.00,41,59,0,3,Special Auto,Special L3,1,Agent,$638.03,Four-Door Car,Medsize
KP96020,Arizona,5846.54,No,Basic,Bachelor,2011-02-27,Employed,F,"$53,541.00",Urban,Married,$144.00,4,62,0,1,Corporate Auto,Corporate L2,1,Agent,$562.75,Sports Car,Small
EW35231,Oregon,13412.07,No,Extended,High School or Below,2011-02-27,Employed,F,"$76,112.00",Suburban,Married,$169.00,0,80,1,8,Corporate Auto,Corporate L2,1,Agent,$810.00,SUV,Medsize
FG16885,Arizona,21349.91,No,Premium,College,2011-02-27,Unemployed,M,$0.00,Suburban,Single,$197.00,9,68,0,2,Personal Auto,Personal L2,2,Web,"$1,424.84",SUV,Medsize
ID40186,Oregon,17421.67,No,Premium,Bachelor,2011-02-27,Employed,F,"$37,500.00",Suburban,Divorced,$147.00,41,19,0,2,Personal Auto,Personal L3,1,Agent,$706.32,Four-Door Car,Large
BL93527,Arizona,3682.85,No,Basic,High School or Below,2011-02-27,Employed,M,"$59,434.00",Suburban,Single,$93.00,0,101,0,1,Personal Auto,Personal L3,1,Branch,$447.12,Two-Door Car,Medsize
DO80363,Arizona,5296.41,No,Premium,High School or Below,2011-02-27,Unemployed,M,$0.00,Suburban,Single,$146.00,3,51,0,1,Personal Auto,Personal L2,3,Branch,"$1,231.99",Four-Door Car,Small
OU78642,Arizona,10237.81,No,Basic,Master,2011-02-27,Employed,F,"$1,10,117.00",Urban,Married,$251.00,0,99,0,1,Personal Auto,Personal L3,2,Web,$995.55,Luxury SUV,Medsize
SX95355,Oregon,7896.81,No,Basic,Bachelor,2011-02-27,Employed,F,"$91,140.00",Suburban,Married,$99.00,4,7,0,8,Personal Auto,Personal L3,3,Call Center,$473.04,Four-Door Car,Small
IC51895,Arizona,14809.68,No,Extended,College,2011-02-27,Employed,F,"$52,479.00",Suburban,Married,$124.00,8,45,0,2,Personal Auto,Personal L2,2,Branch,$809.75,Two-Door Car,Medsize
HU72679,Oregon,13008.04,No,Basic,Doctor,2011-02-27,Employed,M,"$1,21,951.00",Urban,Divorced,$161.00,5,62,0,9,Corporate Auto,Corporate L3,3,Branch,$572.11,SUV,Medsize
MO63575,Oregon,5850.99,Yes,Extended,Bachelor,2011-02-27,Retired,F,"$32,270.00",Suburban,Single,$166.00,1,90,3,1,Corporate Auto,Corporate L3,1,Agent,$797.04,SUV,Medsize
GB12561,Oregon,9823.06,No,Basic,College,2011-02-27,Unemployed,F,$0.00,Suburban,Single,$146.00,15,113,2,3,Corporate Auto,Corporate L3,1,Agent,"$1,049.76",Sports Car,Medsize
LY14355,Washington,3963.58,No,Basic,High School or Below,2011-02-27,Employed,F,"$99,693.00",Suburban,Married,$99.00,46,69,1,1,Personal Auto,Personal L2,2,Web,$473.04,Two-Door Car,Small
WI14444,California,7612.03,No,Basic,High School or Below,2011-02-27,Employed,F,"$1,00,286.00",Urban,Married,$95.00,36,0,0,3,Personal Auto,Personal L1,4,Agent,$374.74,Two-Door Car,Medsize
HF62608,Oregon,9117.13,No,Extended,College,2011-02-27,Employed,F,"$59,688.00",Rural,Single,$115.00,20,78,0,3,Personal Auto,Personal L3,1,Branch,$104.66,Four-Door Car,Medsize
BD58297,California,3864.46,No,Basic,Bachelor,2011-02-27,Employed,F,"$1,03,081.00",Suburban,Married,$96.00,5,82,2,1,Personal Auto,Personal L3,3,Branch,$460.08,Two-Door Car,Medsize
EH86912,California,11367.58,No,Basic,College,2011-02-27,Disabled,M,"$38,633.00",Suburban,Married,$151.00,27,77,0,9,Personal Auto,Personal L2,3,Agent,"$1,076.75",SUV,Medsize
QO16222,California,8617.88,No,Basic,College,2011-02-27,Unemployed,F,$0.00,Suburban,Single,$265.00,18,100,2,1,Personal Auto,Personal L3,2,Call Center,"$3,141.67",Luxury SUV,Small
KD63903,Arizona,11591.99,No,Basic,College,2011-02-27,Unemployed,M,$0.00,Suburban,Married,$159.00,8,43,0,5,Personal Auto,Personal L1,3,Call Center,$764.64,SUV,Medsize
YW85018,Nevada,3794.13,Yes,Basic,Bachelor,2011-02-27,Employed,M,"$36,167.00",Suburban,Married,$96.00,5,55,0,1,Personal Auto,Personal L1,2,Agent,$460.08,Two-Door Car,Medsize
SN21895,Arizona,8655.01,No,Extended,Bachelor,2011-02-27,Medical Leave,F,"$17,669.00",Suburban,Married,$111.00,39,104,0,3,Personal Auto,Personal L3,1,Agent,$531.36,Four-Door Car,Small
QG83213,California,8855.12,No,Extended,College,2011-02-27,Unemployed,M,$0.00,Suburban,Single,$127.00,9,11,0,6,Personal Auto,Personal L2,2,Agent,$609.12,Four-Door Car,Small
TL18087,Washington,4130.03,No,Extended,Bachelor,2011-02-27,Employed,M,"$87,862.00",Suburban,Married,$104.00,41,92,0,1,Personal Auto,Personal L2,2,Web,$498.96,Four-Door Car,Medsize
LO17953,Oregon,7045.92,No,Basic,Doctor,2011-02-27,Employed,F,"$52,250.00",Rural,Married,$88.00,14,38,0,9,Personal Auto,Personal L3,2,Branch,$13.12,Four-Door Car,Large
RC44077,California,3794.13,Yes,Basic,Bachelor,2011-02-27,Employed,M,"$36,167.00",Suburban,Married,$96.00,5,55,0,1,Personal Auto,Personal L3,2,Agent,$460.08,Two-Door Car,Medsize
NT40494,California,6850.23,No,Basic,High School or Below,2011-02-27,Employed,F,"$90,360.00",Urban,Married,$85.00,11,0,0,6,Personal Auto,Personal L1,1,Agent,$216.70,Four-Door Car,Medsize
NG93751,California,4381.2,No,Extended,Bachelor,2011-02-27,Employed,M,"$62,687.00",Urban,Married,$111.00,18,27,0,1,Corporate Auto,Corporate L3,2,Branch,$472.94,Two-Door Car,Medsize
LU79865,Nevada,7822.04,No,Basic,Bachelor,2011-02-27,Employed,M,"$1,19,300.00",Suburban,Divorced,$100.00,0,22,1,9,Personal Auto,Personal L1,1,Agent,$479.52,Four-Door Car,Small
SV68939,Arizona,13484.86,No,Extended,Master,2011-02-27,Employed,F,"$44,762.00",Rural,Married,$167.00,38,78,0,3,Personal Auto,Personal L3,2,Agent,$386.11,SUV,Medsize
ZM84839,California,10997.47,No,Basic,College,2011-02-27,Employed,F,"$1,25,249.00",Rural,Married,$92.00,28,112,2,2,Personal Auto,Personal L1,1,Web,$213.36,Two-Door Car,Medsize
BI34286,Oregon,8795.29,No,Extended,Master,2011-02-27,Employed,M,"$63,800.00",Suburban,Married,$109.00,30,73,0,5,Corporate Auto,Corporate L2,1,Branch,$524.88,Four-Door Car,Medsize
SI30451,Arizona,3669.81,No,Basic,College,2011-02-27,Employed,F,"$40,512.00",Urban,Married,$92.00,38,76,0,1,Personal Auto,Personal L1,1,Agent,$428.53,Four-Door Car,Medsize
ES66762,Oregon,14386.79,Yes,Extended,Bachelor,2011-02-27,Employed,F,"$97,929.00",Suburban,Married,$119.00,9,4,0,2,Personal Auto,Personal L1,2,Call Center,$852.85,Two-Door Car,Medsize
PH70685,California,7400.03,No,Basic,Bachelor,2011-02-27,Employed,F,"$95,573.00",Urban,Married,$92.00,14,128,0,4,Corporate Auto,Corporate L1,2,Call Center,$240.23,Four-Door Car,Medsize
NX93393,Oregon,5852.73,No,Premium,High School or Below,2011-02-27,Employed,M,"$1,16,230.00",Suburban,Married,$146.00,41,1,0,1,Corporate Auto,Corporate L3,2,Call Center,$699.84,Two-Door Car,Large
IP77666,Nevada,14386.79,Yes,Extended,Bachelor,2011-02-27,Employed,F,"$97,929.00",Suburban,Married,$119.00,9,4,0,2,Personal Auto,Personal L3,2,Call Center,$852.85,Two-Door Car,Medsize
FG71665,Arizona,3794.13,Yes,Basic,Bachelor,2011-02-27,Employed,M,"$36,167.00",Suburban,Married,$96.00,5,55,0,1,Personal Auto,Personal L1,2,Agent,$460.08,Two-Door Car,Medsize
SJ87108,Arizona,5850.99,Yes,Extended,Bachelor,2011-02-27,Retired,F,"$32,270.00",Suburban,Single,$166.00,1,90,3,1,Corporate Auto,Corporate L3,1,Agent,$797.04,SUV,Medsize
QM78112,Washington,3794.13,Yes,Basic,Bachelor,2011-02-27,Employed,M,"$36,167.00",Suburban,Married,$96.00,5,55,0,1,Personal Auto,Personal L3,2,Agent,$460.08,Two-Door Car,Medsize
KI70852,Nevada,4819.32,No,Basic,Bachelor,2011-02-27,Unemployed,F,$0.00,Suburban,Single,$136.00,16,51,0,1,Personal Auto,Personal L3,1,Call Center,"$1,621.47",SUV,Small
WD38067,California,14386.79,Yes,Extended,Bachelor,2011-02-27,Employed,F,"$97,929.00",Suburban,Married,$119.00,9,4,0,2,Personal Auto,Personal L2,2,Call Center,$852.85,Two-Door Car,Medsize
UI80897,Washington,7496.01,No,Basic,High School or Below,2011-02-27,Employed,M,"$68,135.00",Suburban,Divorced,$96.00,1,117,0,8,Corporate Auto,Corporate L2,4,Call Center,$509.62,Two-Door Car,Large
UA74474,Oregon,6095.5,No,Premium,College,2011-02-27,Employed,F,"$1,18,148.00",Suburban,Married,$151.00,1,38,1,1,Corporate Auto,Corporate L3,2,Branch,"$1,083.08",Four-Door Car,Small
MS45259,Nevada,6566.92,No,Basic,College,2011-02-27,Employed,M,"$1,18,907.00",Rural,Married,$82.00,22,50,0,3,Personal Auto,Personal L2,2,Agent,$164.55,Two-Door Car,Medsize
SS20130,Oregon,7322.75,No,Basic,Bachelor,2011-02-27,Employed,F,"$91,009.00",Rural,Married,$92.00,9,50,0,8,Personal Auto,Personal L1,2,Branch,$200.85,Four-Door Car,Medsize
HD29166,Oregon,19757.86,Yes,Extended,Bachelor,2011-02-27,Unemployed,F,$0.00,Suburban,Divorced,$188.00,7,76,0,2,Personal Auto,Personal L3,1,Call Center,$900.72,SUV,Medsize
UY57856,Oregon,4033.73,No,Extended,College,2011-02-27,Unemployed,F,$0.00,Suburban,Single,$112.00,19,30,0,1,Corporate Auto,Corporate L2,3,Branch,$956.74,Four-Door Car,Medsize
JM89095,Oregon,13579.3,No,Extended,High School or Below,2011-02-27,Unemployed,M,$0.00,Suburban,Single,$124.00,41,109,0,2,Personal Auto,Personal L2,1,Call Center,$864.31,Two-Door Car,Medsize
TZ37274,Arizona,6248.18,No,Basic,High School or Below,2011-02-27,Unemployed,M,$0.00,Suburban,Single,$84.00,43,42,0,3,Personal Auto,Personal L3,3,Web,$932.24,Four-Door Car,Medsize
DL11519,Oregon,9282.07,No,Basic,College,2011-02-27,Unemployed,M,$0.00,Suburban,Single,$140.00,32,66,0,6,Special Auto,Special L2,1,Branch,"$1,010.88",SUV,Medsize
PH83205,Oregon,3794.13,Yes,Basic,Bachelor,2011-02-27,Employed,M,"$36,167.00",Suburban,Married,$96.00,5,55,0,1,Corporate Auto,Corporate L3,2,Agent,$460.08,Two-Door Car,Medsize
ZE59681,Nevada,3778.22,No,Basic,College,2011-02-27,Employed,M,"$1,18,812.00",Urban,Single,$96.00,39,28,0,1,Corporate Auto,Corporate L2,1,Branch,$359.81,Two-Door Car,Medsize
XQ93931,Oregon,10538.29,No,Basic,College,2011-02-27,Employed,M,"$32,003.00",Suburban,Married,$92.00,1,76,1,2,Corporate Auto,Corporate L3,3,Web,$440.64,Four-Door Car,Medsize
MZ63755,California,19757.86,Yes,Extended,Bachelor,2011-02-27,Unemployed,F,$0.00,Suburban,Divorced,$188.00,7,76,0,2,Personal Auto,Personal L1,1,Call Center,$900.72,SUV,Medsize
VR18539,Washington,11221,No,Basic,College,2011-02-27,Employed,M,"$60,538.00",Urban,Single,$142.00,19,46,0,3,Personal Auto,Personal L2,1,Branch,$528.42,SUV,Medsize
PT50287,Oregon,3995.76,No,Basic,Bachelor,2011-02-27,Employed,F,"$94,157.00",Urban,Divorced,$100.00,23,123,0,1,Personal Auto,Personal L1,1,Call Center,$303.79,Four-Door Car,Medsize
EM39400,Nevada,3834.41,No,Basic,Bachelor,2011-02-27,Employed,M,"$1,06,894.00",Urban,Divorced,$97.00,1,32,0,1,Personal Auto,Personal L3,2,Branch,$325.72,Four-Door Car,Medsize
OA55110,Arizona,7106.89,No,Basic,Master,2011-02-27,Medical Leave,M,"$19,313.00",Urban,Divorced,$100.00,42,30,3,7,Corporate Auto,Corporate L2,2,Agent,$479.33,Four-Door Car,Medsize
XR37151,California,12290,No,Extended,Bachelor,2011-02-27,Unemployed,F,$0.00,Suburban,Single,$177.00,24,55,0,3,Personal Auto,Personal L2,2,Branch,$848.88,Sports Car,Medsize
ZB82406,Oregon,8978.12,No,Extended,Bachelor,2011-02-27,Unemployed,F,$0.00,Suburban,Single,$134.00,22,88,2,3,Personal Auto,Personal L1,2,Branch,$962.28,Four-Door Car,Small
OP93305,California,14976.52,No,Extended,High School or Below,2011-02-27,Employed,M,"$1,05,644.00",Suburban,Single,$128.00,19,119,0,2,Personal Auto,Personal L3,4,Branch,$615.60,Four-Door Car,Small
MC85738,California,19757.86,Yes,Extended,Bachelor,2011-02-27,Unemployed,F,$0.00,Suburban,Divorced,$188.00,7,76,0,2,Personal Auto,Personal L3,1,Call Center,$900.72,SUV,Medsize
VV61641,Oregon,25280.31,No,Premium,High School or Below,2011-02-27,Unemployed,F,$0.00,Suburban,Single,$250.00,9,63,2,2,Personal Auto,Personal L1,1,Agent,"$2,084.31",SUV,Medsize
IU15885,Washington,6615.45,No,Basic,Bachelor,2011-02-27,Unemployed,F,$0.00,Suburban,Married,$89.00,47,101,0,4,Personal Auto,Personal L3,2,Agent,$427.68,Four-Door Car,Small
CA55066,Arizona,16412.4,Yes,Premium,High School or Below,2011-02-27,Employed,M,"$77,556.00",Suburban,Single,$139.00,8,38,0,2,Personal Auto,Personal L2,1,Agent,$667.44,Four-Door Car,Medsize
RS54064,Washington,29554.68,No,Basic,High School or Below,2011-02-27,Employed,M,"$1,05,755.00",Rural,Divorced,$84.00,3,119,2,2,Corporate Auto,Corporate L3,1,Branch,$48.99,Two-Door Car,Medsize
AJ32539,Oregon,3819.57,No,Basic,Bachelor,2011-02-27,Employed,M,"$34,911.00",Suburban,Married,$97.00,16,62,0,1,Personal Auto,Personal L3,2,Web,$466.56,Four-Door Car,Medsize
HC63693,Arizona,9911.35,No,Extended,College,2011-02-27,Employed,F,"$1,18,866.00",Suburban,Single,$124.00,7,51,0,8,Corporate Auto,Corporate L1,1,Branch,$765.54,Two-Door Car,Medsize
US36532,Arizona,6666.59,No,Basic,High School or Below,2011-02-27,Employed,F,"$1,02,982.00",Suburban,Married,$82.00,12,134,0,6,Corporate Auto,Corporate L3,2,Agent,$395.28,Four-Door Car,Medsize
WT38706,Oregon,19757.86,Yes,Extended,Bachelor,2011-02-27,Unemployed,F,$0.00,Suburban,Divorced,$188.00,7,76,0,2,Personal Auto,Personal L3,1,Call Center,$900.72,SUV,Medsize
YU83697,Nevada,5225.95,No,Basic,Bachelor,2011-02-27,Unemployed,F,$0.00,Suburban,Single,$149.00,11,103,0,1,Corporate Auto,Corporate L2,1,Agent,$712.80,SUV,Small
FG35165,Washington,3348.66,No,Basic,College,2011-02-27,Employed,F,"$68,197.00",Urban,Married,$84.00,46,128,0,1,Personal Auto,Personal L3,1,Branch,$242.51,Four-Door Car,Medsize
BB19609,California,21288.3,No,Extended,College,2011-02-27,Employed,M,"$40,469.00",Rural,Married,$180.00,22,26,0,2,Personal Auto,Personal L3,1,Agent,$345.14,SUV,Small
CF62430,Nevada,12325.33,No,Basic,Bachelor,2011-02-27,Employed,F,"$95,814.00",Suburban,Divorced,$154.00,8,32,1,3,Personal Auto,Personal L2,1,Agent,$738.72,SUV,Small
EG54606,California,7045.61,No,Basic,Bachelor,2011-02-27,Employed,M,"$28,851.00",Suburban,Married,$89.00,18,65,0,8,Personal Auto,Personal L2,2,Branch,$796.52,Four-Door Car,Small
XP92021,Oregon,17949.06,No,Basic,High School or Below,2011-02-27,Employed,F,"$91,812.00",Suburban,Divorced,$149.00,1,3,0,2,Personal Auto,Personal L1,1,Call Center,$712.80,SUV,Medsize
QH61060,Arizona,12432.71,No,Basic,High School or Below,2011-02-27,Employed,F,"$42,343.00",Suburban,Married,$155.00,1,16,0,7,Special Auto,Special L2,1,Call Center,"$1,117.80",SUV,Medsize
KV17233,Arizona,3285.91,No,Basic,Bachelor,2011-02-27,Employed,F,"$31,095.00",Suburban,Married,$84.00,7,12,0,1,Personal Auto,Personal L3,3,Web,$676.23,Two-Door Car,Small
BC51708,California,6851.04,No,Basic,High School or Below,2011-02-27,Employed,M,"$69,740.00",Suburban,Married,$86.00,26,50,0,3,Personal Auto,Personal L2,2,Agent,$414.72,Four-Door Car,Medsize
GP20237,Nevada,3681.56,No,Basic,Bachelor,2011-02-27,Employed,F,"$39,536.00",Suburban,Married,$93.00,7,27,1,1,Personal Auto,Personal L3,2,Call Center,$670.68,Four-Door Car,Small
EX63393,California,8524.56,No,Extended,Master,2011-02-27,Employed,F,"$90,378.00",Suburban,Married,$105.00,18,16,0,6,Personal Auto,Personal L1,3,Agent,$505.44,Four-Door Car,Small
SR49919,Arizona,14386.79,Yes,Extended,Bachelor,2011-02-27,Employed,F,"$97,929.00",Suburban,Married,$119.00,9,4,0,2,Personal Auto,Personal L3,2,Call Center,$852.85,Two-Door Car,Medsize
TB40283,California,19757.86,Yes,Extended,Bachelor,2011-02-27,Unemployed,F,$0.00,Suburban,Divorced,$188.00,7,76,0,2,Corporate Auto,Corporate L2,1,Call Center,$900.72,SUV,Medsize
PT40521,California,5850.99,Yes,Extended,Bachelor,2011-02-27,Retired,F,"$32,270.00",Suburban,Single,$166.00,1,90,3,1,Corporate Auto,Corporate L1,1,Agent,$797.04,SUV,Medsize
BD84823,Oregon,16412.4,Yes,Premium,High School or Below,2011-02-27,Employed,M,"$77,556.00",Suburban,Single,$139.00,8,38,0,2,Personal Auto,Personal L2,1,Agent,$667.44,Four-Door Car,Medsize
SI26369,Oregon,5909.67,No,Basic,College,2011-02-27,Unemployed,M,$0.00,Suburban,Single,$86.00,34,34,0,8,Personal Auto,Personal L3,2,Call Center,$622.08,Two-Door Car,Medsize
UW90223,California,3190.45,No,Basic,Bachelor,2011-02-27,Employed,F,"$37,583.00",Suburban,Married,$88.00,27,73,5,1,Personal Auto,Personal L1,3,Agent,$421.20,Two-Door Car,Small
IN26765,Oregon,11167.07,No,Basic,College,2011-02-27,Employed,M,"$84,931.00",Rural,Married,$93.00,12,120,0,2,Personal Auto,Personal L1,2,Branch,$227.28,Two-Door Car,Medsize
IQ96928,Oregon,5869.99,No,Basic,High School or Below,2011-02-27,Unemployed,F,$0.00,Suburban,Single,$84.00,27,12,0,7,Corporate Auto,Corporate L1,1,Agent,$912.14,Four-Door Car,Small
LC20778,Nevada,25306.28,No,Extended,Master,2011-02-27,Medical Leave,F,"$36,759.00",Suburban,Single,$134.00,27,12,0,2,Personal Auto,Personal L2,3,Agent,$641.52,Four-Door Car,Small
CF44171,California,5850.99,Yes,Extended,Bachelor,2011-02-27,Retired,F,"$32,270.00",Suburban,Single,$166.00,1,90,3,1,Personal Auto,Personal L3,1,Agent,$797.04,SUV,Medsize
UL96474,Arizona,5071.46,No,Basic,College,2011-02-27,Unemployed,F,$0.00,Suburban,Married,$146.00,43,66,3,1,Personal Auto,Personal L2,2,Agent,$969.82,SUV,Medsize
IV84135,California,12729.26,No,Extended,College,2011-02-27,Employed,F,"$1,02,111.00",Rural,Divorced,$112.00,8,70,4,2,Personal Auto,Personal L3,4,Agent,$146.74,Four-Door Car,Medsize
TE11374,California,10277.62,No,Basic,Bachelor,2011-02-27,Disabled,F,"$33,726.00",Suburban,Married,$147.00,27,70,4,7,Personal Auto,Personal L1,1,Web,$706.32,SUV,Medsize
MG12206,California,5033.98,No,Basic,College,2011-02-27,Unemployed,M,$0.00,Suburban,Single,$93.00,28,73,5,3,Personal Auto,Personal L2,4,Call Center,$670.68,Two-Door Car,Medsize
CA45756,Arizona,29950.94,No,Basic,Master,2011-02-27,Employed,F,"$81,575.00",Rural,Single,$84.00,0,131,0,2,Corporate Auto,Corporate L2,1,Call Center,$179.93,Two-Door Car,Medsize
LO39834,Oregon,5850.99,Yes,Extended,Bachelor,2011-02-27,Retired,F,"$32,270.00",Suburban,Single,$166.00,1,90,3,1,Personal Auto,Personal L3,1,Agent,$797.04,SUV,Medsize
PY17715,California,4626.66,No,Extended,Master,2011-02-27,Employed,F,"$79,434.00",Rural,Single,$116.00,34,59,0,1,Corporate Auto,Corporate L3,1,Agent,$98.92,Two-Door Car,Medsize
YB14965,Arizona,49296.66,No,Basic,College,2011-02-27,Employed,M,"$1,21,191.00",Urban,Married,$154.00,7,112,0,2,Personal Auto,Personal L3,1,Agent,$583.75,SUV,Medsize
GA93544,Oregon,3911.62,No,Extended,High School or Below,2011-02-27,Unemployed,F,$0.00,Suburban,Single,$104.00,26,23,0,1,Personal Auto,Personal L2,1,Branch,$748.44,Four-Door Car,Medsize
OO79691,Arizona,15968.63,No,Basic,College,2011-02-27,Unemployed,F,$0.00,Suburban,Single,$150.00,5,11,0,2,Personal Auto,Personal L3,2,Call Center,"$1,375.39",SUV,Medsize
PA15141,California,9387.84,No,Extended,High School or Below,2011-02-27,Employed,F,"$58,348.00",Urban,Married,$117.00,45,69,0,7,Special Auto,Special L2,1,Branch,$538.29,Four-Door Car,Large
MY56715,Oregon,4563.96,No,Extended,Bachelor,2011-02-27,Employed,M,"$78,447.00",Suburban,Divorced,$116.00,12,8,0,1,Corporate Auto,Corporate L3,2,Branch,$557.28,Two-Door Car,Medsize
QC95625,California,16412.4,Yes,Premium,High School or Below,2011-02-27,Employed,M,"$77,556.00",Suburban,Single,$139.00,8,38,0,2,Personal Auto,Personal L2,1,Agent,$667.44,Four-Door Car,Medsize
AQ34238,Oregon,6218.46,No,Basic,Bachelor,2011-02-27,Unemployed,M,$0.00,Suburban,Single,$97.00,11,19,2,8,Corporate Auto,Corporate L1,1,Call Center,$699.84,Four-Door Car,Medsize
NG94966,California,3290.06,No,Basic,College,2011-02-27,Employed,M,"$46,925.00",Suburban,Divorced,$82.00,41,113,0,1,Personal Auto,Personal L3,2,Agent,$408.18,Four-Door Car,Large
JL25091,California,6209.67,No,Premium,Bachelor,2011-02-27,Employed,M,"$1,07,033.00",Rural,Single,$158.00,12,80,1,1,Special Auto,Special L2,3,Agent,$211.21,Four-Door Car,Medsize
DZ85842,California,10942.85,No,Basic,High School or Below,2011-02-27,Retired,M,"$24,192.00",Suburban,Married,$97.00,19,72,0,2,Personal Auto,Personal L1,1,Branch,$572.91,Four-Door Car,Medsize
BV12771,California,37018.1,No,Basic,College,2011-02-27,Unemployed,M,$0.00,Suburban,Married,$151.00,31,27,0,2,Personal Auto,Personal L2,3,Branch,$725.76,SUV,Medsize
GD57363,California,6930.41,No,Basic,College,2011-02-27,Employed,M,"$52,373.00",Rural,Married,$88.00,31,86,0,3,Personal Auto,Personal L2,2,Agent,$132.78,Four-Door Car,Medsize
BR22486,California,6803.24,No,Basic,College,2011-02-27,Employed,F,"$1,11,969.00",Suburban,Single,$85.00,16,76,0,3,Personal Auto,Personal L2,3,Agent,$449.34,Four-Door Car,Medsize
JA47688,California,4785.13,No,Extended,Master,2011-02-27,Employed,M,"$54,888.00",Suburban,Single,$122.00,34,27,0,1,Personal Auto,Personal L2,3,Branch,$678.88,Two-Door Car,Medsize
ZK71157,California,7233.52,No,Basic,Bachelor,2011-02-27,Employed,F,"$55,125.00",Urban,Single,$93.00,18,113,0,6,Corporate Auto,Corporate L1,2,Call Center,$397.70,Four-Door Car,Medsize
JY66887,California,22033.04,No,Extended,High School or Below,2011-02-27,Unemployed,F,$0.00,Suburban,Single,$333.00,7,16,3,5,Personal Auto,Personal L2,2,Branch,"$2,400.84",Luxury Car,Medsize
BP90016,California,11208.13,No,Basic,Master,2011-02-27,Employed,M,"$1,05,343.00",Urban,Married,$139.00,11,66,0,3,Corporate Auto,Corporate L3,3,Agent,$436.87,SUV,Small
ZV55368,California,7707.63,No,Basic,High School or Below,2011-02-27,Employed,M,"$1,02,128.00",Rural,Married,$96.00,32,72,0,8,Corporate Auto,Corporate L2,4,Agent,$141.64,Four-Door Car,Medsize
US89481,California,5327.6,No,Premium,Bachelor,2011-02-28,Unemployed,F,$0.00,Suburban,Single,$150.00,20,63,0,1,Personal Auto,Personal L3,1,Agent,"$1,078.92",Four-Door Car,Small
SV85652,Arizona,3313.69,No,Basic,College,2011-02-28,Employed,M,"$31,263.00",Suburban,Married,$85.00,5,8,1,1,Personal Auto,Personal L2,4,Call Center,$435.10,Four-Door Car,Small
UB61619,Oregon,5480.42,No,Premium,Master,2011-02-28,Disabled,F,"$15,688.00",Suburban,Divorced,$146.00,5,132,0,1,Personal Auto,Personal L1,1,Agent,$699.84,Four-Door Car,Medsize
HF88410,Washington,10399.59,No,Basic,High School or Below,2011-02-28,Employed,M,"$49,633.00",Suburban,Married,$89.00,20,43,1,2,Personal Auto,Personal L2,1,Call Center,$433.15,Four-Door Car,Medsize
EK59571,Oregon,5245.37,Yes,Premium,College,2011-02-28,Unemployed,M,$0.00,Suburban,Married,$142.00,4,124,0,1,Corporate Auto,Corporate L2,1,Branch,$680.40,Four-Door Car,Large
XN16891,Arizona,3932.4,No,Basic,College,2011-02-28,Employed,M,"$1,09,481.00",Suburban,Divorced,$100.00,9,90,0,1,Personal Auto,Personal L1,4,Agent,$479.52,Four-Door Car,Small
PK52952,Arizona,11534.95,No,Basic,Doctor,2011-02-28,Employed,M,"$38,102.00",Suburban,Single,$147.00,18,18,0,8,Personal Auto,Personal L3,1,Call Center,$706.32,SUV,Medsize
AF10970,Arizona,8063.74,No,Basic,Bachelor,2011-02-28,Employed,F,"$1,29,820.00",Suburban,Married,$99.00,31,122,0,3,Corporate Auto,Corporate L3,1,Call Center,$473.04,Four-Door Car,Medsize
IM94808,Nevada,7284.37,No,Basic,Bachelor,2011-02-28,Employed,M,"$94,569.00",Rural,Married,$92.00,20,93,0,8,Corporate Auto,Corporate L3,4,Web,$56.81,Four-Door Car,Medsize
MQ68407,Oregon,5908.09,Yes,Premium,Bachelor,2011-02-28,Employed,F,"$86,095.00",Rural,Divorced,$150.00,24,85,0,1,Personal Auto,Personal L3,2,Agent,$81.05,Four-Door Car,Medsize
ZA64638,Nevada,13182.68,No,Extended,High School or Below,2011-02-28,Unemployed,F,$0.00,Suburban,Single,$132.00,32,15,1,2,Personal Auto,Personal L2,2,Web,$952.56,Four-Door Car,Small
XA55917,California,11520.67,No,Basic,College,2011-02-28,Disabled,F,"$35,166.00",Suburban,Married,$153.00,14,20,1,9,Personal Auto,Personal L1,1,Web,$835.87,SUV,Medsize
OQ61223,California,23621.65,Yes,Basic,College,2011-02-28,Unemployed,M,$0.00,Suburban,Divorced,$99.00,12,127,0,2,Personal Auto,Personal L2,1,Agent,$473.04,Two-Door Car,Medsize
SV35618,Oregon,8011.9,No,Premium,Bachelor,2011-02-28,Employed,F,"$1,18,458.00",Rural,Divorced,$198.00,4,117,1,1,Personal Auto,Personal L2,2,Agent,$62.76,SUV,Small
RA49085,California,3743.33,No,Basic,College,2011-02-28,Employed,F,"$50,001.00",Rural,Married,$96.00,8,131,1,1,Corporate Auto,Corporate L3,4,Branch,$12.25,Four-Door Car,Large
ZJ18419,Washington,7833.83,No,Extended,College,2011-02-28,Unemployed,F,$0.00,Suburban,Married,$105.00,36,14,0,8,Personal Auto,Personal L1,1,Branch,$870.42,Four-Door Car,Small
OV54878,California,6262.7,No,Premium,Bachelor,2011-02-28,Unemployed,M,$0.00,Suburban,Single,$192.00,7,117,0,1,Corporate Auto,Corporate L2,4,Web,"$1,380.24",SUV,Medsize
NS39326,California,6244.49,No,Basic,College,2011-02-28,Employed,F,"$90,005.00",Urban,Married,$154.00,31,8,0,1,Personal Auto,Personal L3,3,Agent,$699.54,SUV,Medsize
NH35059,Nevada,5245.37,Yes,Premium,College,2011-02-28,Unemployed,M,$0.00,Suburban,Married,$142.00,4,124,0,1,Corporate Auto,Corporate L3,1,Branch,$680.40,Four-Door Car,Large
KW56110,Oregon,24788.1,No,Basic,Bachelor,2011-02-28,Unemployed,M,$0.00,Suburban,Single,$246.00,4,76,0,2,Personal Auto,Personal L2,1,Web,"$1,769.04",Luxury Car,Medsize
NZ26102,Oregon,3090.99,No,Basic,High School or Below,2011-02-28,Unemployed,F,$0.00,Suburban,Single,$88.00,11,78,0,1,Personal Auto,Personal L3,2,Branch,$631.80,Four-Door Car,Small
JO63462,California,4465.8,No,Extended,Bachelor,2011-02-28,Employed,M,"$1,07,726.00",Rural,Divorced,$113.00,36,62,0,1,Corporate Auto,Corporate L2,4,Branch,$42.87,Two-Door Car,Medsize
XX88577,California,21231.63,No,Premium,Bachelor,2011-02-28,Employed,M,"$1,14,512.00",Rural,Married,$265.00,9,5,0,9,Corporate Auto,Corporate L1,2,Branch,$431.76,SUV,Small
RE42925,Oregon,17695.7,No,Basic,Bachelor,2011-02-28,Employed,M,"$66,269.00",Suburban,Divorced,$154.00,23,117,1,2,Corporate Auto,Corporate L2,3,Branch,$738.72,SUV,Small
PS31050,Washington,28895.88,No,Basic,Bachelor,2011-02-28,Unemployed,F,$0.00,Suburban,Single,$93.00,47,107,0,2,Personal Auto,Personal L3,1,Branch,$670.68,Four-Door Car,Medsize
YM99866,Arizona,3526.15,No,Basic,High School or Below,2011-02-28,Employed,M,"$72,770.00",Suburban,Married,$90.00,1,23,2,1,Personal Auto,Personal L2,3,Agent,$434.16,Four-Door Car,Medsize
MD86050,Oregon,6374.24,No,Basic,High School or Below,2011-02-28,Unemployed,M,$0.00,Suburban,Single,$90.00,27,51,0,8,Personal Auto,Personal L3,4,Branch,$651.24,Four-Door Car,Medsize
GN80437,Oregon,4650.71,No,Extended,College,2011-02-28,Unemployed,F,$0.00,Suburban,Married,$123.00,38,80,0,1,Special Auto,Special L2,2,Branch,$804.67,Four-Door Car,Medsize
BU41599,Washington,7535.38,No,Basic,Master,2011-02-28,Employed,F,"$84,698.00",Urban,Divorced,$95.00,39,108,0,3,Personal Auto,Personal L1,2,Call Center,$323.09,Two-Door Car,Medsize
DW59142,Nevada,30635.94,No,Basic,High School or Below,2011-02-28,Employed,F,"$97,037.00",Rural,Single,$86.00,1,86,0,2,Corporate Auto,Corporate L3,2,Web,$12.37,Two-Door Car,Medsize
RX19151,Washington,11038.38,No,Basic,Bachelor,2011-02-28,Employed,M,"$90,635.00",Urban,Married,$150.00,0,66,5,6,Personal Auto,Personal L1,2,Agent,$425.09,SUV,Medsize
YE27183,Oregon,7982.82,No,Extended,Bachelor,2011-02-28,Unemployed,M,$0.00,Suburban,Single,$123.00,18,120,0,4,Corporate Auto,Corporate L3,3,Call Center,$589.68,Four-Door Car,Medsize
IK99137,Washington,7445.8,No,Extended,Bachelor,2011-02-28,Unemployed,M,$0.00,Suburban,Divorced,$107.00,7,84,0,7,Special Auto,Special L2,2,Web,$511.92,Four-Door Car,Small
MF18493,California,23621.65,Yes,Basic,College,2011-02-28,Unemployed,M,$0.00,Suburban,Divorced,$99.00,12,127,0,2,Personal Auto,Personal L1,1,Agent,$473.04,Two-Door Car,Medsize
BC43958,California,9834.79,Yes,Basic,High School or Below,2011-02-28,Employed,M,"$60,464.00",Suburban,Married,$82.00,8,65,0,2,Corporate Auto,Corporate L1,2,Agent,$521.14,Four-Door Car,Small
AU46443,Nevada,10148.06,No,Basic,Bachelor,2011-02-28,Unemployed,F,$0.00,Suburban,Single,$138.00,26,18,0,3,Personal Auto,Personal L3,1,Agent,"$1,591.64",SUV,Medsize
TW16499,California,4904.62,No,Extended,Bachelor,2011-02-28,Employed,M,"$58,501.00",Suburban,Married,$128.00,4,97,2,1,Corporate Auto,Corporate L2,4,Call Center,$829.40,Two-Door Car,Small
DO98345,Oregon,17761.61,No,Extended,High School or Below,2011-02-28,Employed,M,"$97,898.00",Urban,Married,$111.00,45,36,0,2,Personal Auto,Personal L3,2,Web,$501.47,Two-Door Car,Medsize
CB44654,Arizona,3253.18,No,Basic,Bachelor,2011-02-28,Employed,M,"$80,548.00",Urban,Single,$84.00,45,4,1,1,Personal Auto,Personal L3,1,Agent,$225.64,Two-Door Car,Medsize
PO89542,Oregon,6763.24,No,Basic,Bachelor,2011-02-28,Unemployed,F,$0.00,Suburban,Married,$92.00,28,93,0,7,Personal Auto,Personal L2,1,Branch,$440.64,Four-Door Car,Medsize
YM77369,Oregon,6420.77,No,Premium,High School or Below,2011-02-28,Employed,M,"$75,797.00",Urban,Married,$161.00,0,123,0,1,Corporate Auto,Corporate L2,4,Web,$542.41,Four-Door Car,Large
OY92520,California,9807.49,No,Extended,Bachelor,2011-02-28,Medical Leave,F,"$16,301.00",Suburban,Married,$127.00,22,31,0,5,Personal Auto,Personal L2,1,Branch,$609.12,Four-Door Car,Medsize
ZU88029,Oregon,5487.31,No,Basic,Master,2011-02-28,Retired,F,"$35,317.00",Suburban,Single,$147.00,11,95,0,1,Personal Auto,Personal L3,3,Branch,$802.50,Sports Car,Large
OY66019,Oregon,8450.3,No,Extended,College,2011-02-28,Unemployed,F,$0.00,Urban,Married,$112.00,11,105,0,4,Personal Auto,Personal L2,2,Agent,$343.09,Four-Door Car,Medsize
FL18392,California,7720.77,No,Basic,Bachelor,2011-02-28,Employed,F,"$1,04,761.00",Urban,Married,$96.00,36,65,0,6,Personal Auto,Personal L3,3,Branch,$373.46,Two-Door Car,Small
QC30857,Nevada,3957.06,No,Basic,College,2011-02-28,Employed,F,"$61,787.00",Urban,Married,$99.00,45,36,0,1,Personal Auto,Personal L2,1,Agent,$259.11,Two-Door Car,Medsize
KI64666,Nevada,30301.13,No,Basic,Bachelor,2011-02-28,Unemployed,F,$0.00,Suburban,Single,$96.00,43,47,0,2,Personal Auto,Personal L2,1,Call Center,$690.12,Four-Door Car,Medsize
FV14881,California,21446.14,No,Basic,Doctor,2011-02-28,Employed,F,"$76,089.00",Suburban,Married,$266.00,41,63,1,6,Personal Auto,Personal L3,4,Call Center,"$1,276.56",Luxury SUV,Medsize
ZH98656,Nevada,11601.72,No,Basic,Master,2011-02-28,Employed,F,"$1,23,223.00",Suburban,Married,$142.00,19,5,0,4,Personal Auto,Personal L3,1,Call Center,$680.40,SUV,Large
AN57220,Oregon,23305.91,No,Basic,Bachelor,2011-02-28,Employed,F,"$1,30,838.00",Rural,Married,$82.00,32,3,0,2,Special Auto,Special L3,4,Web,$97.12,Four-Door Car,Medsize
NM95102,Oregon,9834.79,Yes,Basic,High School or Below,2011-02-28,Employed,M,"$60,464.00",Suburban,Married,$82.00,8,65,0,2,Personal Auto,Personal L3,2,Agent,$521.14,Four-Door Car,Small
RO18530,Washington,3429.93,No,Basic,Master,2011-02-28,Employed,M,"$57,452.00",Rural,Single,$88.00,5,47,0,1,Personal Auto,Personal L3,4,Agent,$77.71,Four-Door Car,Large
TL59568,Arizona,17328.61,No,Premium,High School or Below,2011-02-28,Unemployed,M,$0.00,Suburban,Married,$157.00,8,38,0,2,Personal Auto,Personal L2,3,Agent,"$1,127.52",Two-Door Car,Medsize
SX98462,Oregon,9659.71,No,Basic,College,2011-02-28,Disabled,M,"$22,837.00",Suburban,Married,$86.00,42,42,0,2,Personal Auto,Personal L2,3,Agent,$509.64,Four-Door Car,Medsize
BJ13380,Oregon,7202.76,No,Basic,Bachelor,2011-02-28,Employed,F,"$1,23,664.00",Suburban,Single,$93.00,5,124,2,3,Personal Auto,Personal L2,1,Agent,$638.11,Four-Door Car,Small
GV71044,Oregon,3284.58,No,Basic,College,2011-02-28,Unemployed,F,$0.00,Suburban,Single,$89.00,16,96,0,1,Personal Auto,Personal L3,1,Agent,$641.52,Two-Door Car,Medsize
LU87443,Oregon,6372.82,No,Basic,College,2011-02-28,Employed,F,"$35,474.00",Suburban,Single,$82.00,23,41,0,4,Personal Auto,Personal L2,3,Branch,$395.28,Four-Door Car,Medsize
EE53627,Oregon,3026.82,No,Basic,High School or Below,2011-02-28,Disabled,M,"$16,377.00",Urban,Single,$86.00,43,81,1,1,Personal Auto,Personal L2,3,Call Center,$339.46,Four-Door Car,Medsize
GU82757,California,5908.09,Yes,Premium,Bachelor,2011-02-28,Employed,F,"$86,095.00",Rural,Divorced,$150.00,24,85,0,1,Corporate Auto,Corporate L2,2,Agent,$81.05,Four-Door Car,Medsize
IN91592,California,3794.41,No,Basic,Bachelor,2011-02-28,Employed,F,"$99,708.00",Suburban,Married,$97.00,11,80,3,1,Personal Auto,Personal L3,4,Agent,$570.50,Four-Door Car,Medsize
QV30663,Nevada,13315.73,No,Extended,Master,2011-02-28,Employed,F,"$1,34,533.00",Rural,Married,$163.00,18,128,0,3,Personal Auto,Personal L3,3,Call Center,$368.26,SUV,Medsize
JZ28301,Oregon,7495.65,No,Basic,College,2011-02-28,Employed,F,"$47,265.00",Urban,Married,$95.00,9,123,0,8,Personal Auto,Personal L3,4,Call Center,$291.23,Four-Door Car,Large
ZV32968,Oregon,9834.79,Yes,Basic,High School or Below,2011-02-28,Employed,M,"$60,464.00",Suburban,Married,$82.00,8,65,0,2,Personal Auto,Personal L3,2,Agent,$521.14,Four-Door Car,Small
SC11374,Nevada,11877.07,No,Basic,College,2011-02-28,Employed,F,"$1,09,053.00",Rural,Married,$147.00,35,15,0,3,Corporate Auto,Corporate L3,2,Agent,$4.79,SUV,Medsize
VE98553,Oregon,6299.97,No,Premium,Bachelor,2011-02-28,Employed,M,"$81,629.00",Suburban,Married,$158.00,19,4,0,1,Personal Auto,Personal L3,2,Agent,"$1,058.65",Four-Door Car,Large
AE62631,Oregon,11377.43,No,Basic,Bachelor,2011-02-28,Employed,M,"$27,894.00",Suburban,Married,$97.00,14,134,0,2,Personal Auto,Personal L1,4,Agent,$503.99,Two-Door Car,Medsize
JI94264,Arizona,13572.3,No,Extended,College,2011-02-28,Disabled,M,"$22,290.00",Suburban,Single,$182.00,47,5,0,5,Personal Auto,Personal L3,2,Agent,"$1,312.20",SUV,Large
GW14698,Arizona,6591.37,No,Basic,College,2011-02-28,Employed,F,"$1,08,815.00",Urban,Married,$82.00,30,116,0,3,Corporate Auto,Corporate L3,4,Web,$345.58,Four-Door Car,Medsize
LY17372,Arizona,6901.61,No,Extended,College,2011-02-28,Employed,M,"$60,403.00",Suburban,Divorced,$185.00,22,74,4,1,Personal Auto,Personal L3,1,Branch,"$1,000.76",SUV,Small
CD71502,Arizona,4946.7,No,Basic,High School or Below,2011-02-28,Unemployed,M,$0.00,Suburban,Divorced,$139.00,11,101,0,1,Personal Auto,Personal L3,1,Branch,$867.74,SUV,Medsize
LC23144,California,11445.71,No,Basic,High School or Below,2011-02-28,Medical Leave,F,"$18,725.00",Suburban,Married,$147.00,1,105,0,5,Personal Auto,Personal L3,3,Web,$743.08,SUV,Medsize
TK61994,Oregon,8241.08,No,Extended,College,2011-02-28,Disabled,F,"$25,232.00",Rural,Married,$108.00,14,85,0,5,Personal Auto,Personal L2,1,Agent,$24.56,Four-Door Car,Medsize
WP58797,Oregon,5314.66,No,Basic,Bachelor,2011-02-28,Disabled,M,"$25,981.00",Suburban,Married,$143.00,38,82,0,1,Personal Auto,Personal L3,3,Web,$686.88,SUV,Large
QR53727,Arizona,10765.43,No,Basic,High School or Below,2011-02-28,Unemployed,F,$0.00,Suburban,Single,$147.00,7,86,0,4,Personal Auto,Personal L3,1,Web,$706.32,SUV,Medsize
MB63131,Oregon,6281.4,No,Basic,Bachelor,2011-02-28,Unemployed,F,$0.00,Suburban,Married,$86.00,7,24,1,6,Corporate Auto,Corporate L2,1,Call Center,$414.72,Four-Door Car,Medsize
VD19899,California,37182.2,No,Premium,Doctor,2011-02-28,Employed,F,"$68,167.00",Urban,Married,$154.00,26,20,0,2,Personal Auto,Personal L3,2,Call Center,$663.29,Two-Door Car,Medsize
NL17031,Washington,4012.82,No,Extended,High School or Below,2011-02-28,Unemployed,M,$0.00,Suburban,Single,$113.00,42,38,0,1,Personal Auto,Personal L3,2,Agent,$816.48,Two-Door Car,Medsize
HU81007,Oregon,11064.7,No,Basic,Bachelor,2011-02-28,Disabled,F,"$29,303.00",Suburban,Divorced,$146.00,26,38,0,3,Personal Auto,Personal L3,1,Agent,$699.84,SUV,Medsize
WG26617,Oregon,13138.99,No,Extended,Bachelor,2011-02-28,Employed,M,"$51,677.00",Rural,Married,$111.00,7,55,0,2,Personal Auto,Personal L3,1,Web,$86.94,Two-Door Car,Medsize
NC34154,California,10889.2,No,Basic,High School or Below,2011-02-28,Disabled,F,"$24,233.00",Suburban,Married,$96.00,22,84,2,2,Special Auto,Special L2,2,Web,$460.08,Two-Door Car,Medsize
OD70577,Arizona,3835.21,No,Extended,College,2011-02-28,Unemployed,F,$0.00,Suburban,Single,$108.00,4,134,1,1,Personal Auto,Personal L3,1,Branch,"$1,299.41",Two-Door Car,Medsize
SB83749,California,6368.8,No,Basic,High School or Below,2011-02-28,Employed,M,"$27,479.00",Suburban,Married,$82.00,5,8,1,3,Personal Auto,Personal L1,2,Branch,$592.92,Four-Door Car,Large
XN18885,Oregon,9834.79,Yes,Basic,High School or Below,2011-02-28,Employed,M,"$60,464.00",Suburban,Married,$82.00,8,65,0,2,Personal Auto,Personal L2,2,Agent,$521.14,Four-Door Car,Small
NX62002,Oregon,23621.65,Yes,Basic,College,2011-02-28,Unemployed,M,$0.00,Suburban,Divorced,$99.00,12,127,0,2,Corporate Auto,Corporate L3,1,Agent,$473.04,Two-Door Car,Medsize
YZ60434,Oregon,7263.12,No,Basic,Master,2011-02-28,Unemployed,M,$0.00,Rural,Divorced,$100.00,26,55,0,8,Personal Auto,Personal L2,1,Web,$79.69,Four-Door Car,Medsize
AX36597,Arizona,7974.66,No,Extended,College,2011-02-28,Unemployed,F,$0.00,Suburban,Married,$109.00,11,63,0,8,Personal Auto,Personal L3,4,Branch,$526.72,Four-Door Car,Medsize
PL33465,Arizona,5908.09,Yes,Premium,Bachelor,2011-02-28,Employed,F,"$86,095.00",Rural,Divorced,$150.00,24,85,0,1,Personal Auto,Personal L2,2,Agent,$81.05,Four-Door Car,Medsize
LM50087,Arizona,3352.92,No,Basic,College,2011-02-28,Employed,F,"$68,353.00",Rural,Married,$84.00,35,57,0,1,Corporate Auto,Corporate L2,3,Agent,$74.20,Two-Door Car,Medsize
OS95734,California,9550.44,No,Extended,Bachelor,2011-02-28,Employed,F,"$1,27,586.00",Suburban,Married,$119.00,36,73,0,3,Personal Auto,Personal L3,4,Agent,$663.37,Four-Door Car,Medsize
HT64629,Washington,16516.39,No,Basic,High School or Below,2011-02-28,Unemployed,F,$0.00,Suburban,Single,$158.00,20,92,0,2,Personal Auto,Personal L2,2,Branch,"$1,256.30",SUV,Medsize
SL71970,Oregon,3153.84,No,Basic,High School or Below,2011-02-28,Unemployed,F,$0.00,Suburban,Single,$90.00,28,38,0,1,Special Auto,Special L3,2,Agent,$619.19,Four-Door Car,Medsize
LT16517,Oregon,14617.63,No,Extended,High School or Below,2011-02-28,Employed,F,"$83,772.00",Urban,Married,$181.00,4,120,0,5,Personal Auto,Personal L3,1,Web,$828.94,SUV,Medsize
RQ78687,Oregon,3977.1,No,Basic,College,2011-02-28,Employed,M,"$1,20,704.00",Rural,Divorced,$100.00,15,68,0,1,Personal Auto,Personal L2,2,Agent,$129.60,Four-Door Car,Medsize
UQ71296,Washington,7594.17,No,Basic,College,2011-02-28,Employed,M,"$1,31,078.00",Urban,Married,$95.00,5,11,0,5,Personal Auto,Personal L1,4,Branch,$280.85,Four-Door Car,Large
BC77846,Nevada,8538.79,No,Extended,High School or Below,2011-02-28,Unemployed,M,$0.00,Suburban,Married,$120.00,5,116,0,7,Personal Auto,Personal L2,3,Agent,$829.67,Two-Door Car,Medsize
LE74625,California,3997.77,No,Extended,Master,2011-02-28,Medical Leave,M,"$30,521.00",Suburban,Married,$104.00,7,14,0,1,Personal Auto,Personal L1,2,Agent,$498.96,Four-Door Car,Small
VV35420,Arizona,9834.79,Yes,Basic,High School or Below,2011-02-28,Employed,M,"$60,464.00",Suburban,Married,$82.00,8,65,0,2,Personal Auto,Personal L1,2,Agent,$521.14,Four-Door Car,Small
HW19141,Oregon,4660.76,No,Extended,Bachelor,2011-02-28,Employed,F,"$88,794.00",Urban,Married,$120.00,32,47,4,1,Corporate Auto,Corporate L2,2,Call Center,$331.17,Four-Door Car,Medsize
PF88939,Nevada,10611.12,No,Basic,Doctor,2011-02-28,Disabled,M,"$29,330.00",Suburban,Married,$140.00,27,107,0,8,Personal Auto,Personal L2,2,Branch,$940.96,SUV,Medsize
HL14274,California,16058.5,No,Extended,College,2011-02-28,Employed,F,"$1,19,094.00",Rural,Divorced,$134.00,12,34,0,2,Personal Auto,Personal L3,2,Web,$67.94,Two-Door Car,Large
XC77244,Oregon,9834.79,Yes,Basic,High School or Below,2011-02-28,Employed,M,"$60,464.00",Suburban,Married,$82.00,8,65,0,2,Personal Auto,Personal L3,2,Agent,$521.14,Four-Door Car,Small
RU75949,Oregon,16648.9,No,Basic,College,2011-02-28,Employed,M,"$1,15,815.00",Rural,Married,$142.00,24,73,2,2,Personal Auto,Personal L1,1,Agent,$165.11,Sports Car,Medsize
CK29372,California,6844.98,No,Basic,College,2011-02-28,Employed,F,"$32,184.00",Suburban,Married,$86.00,43,89,0,7,Personal Auto,Personal L2,4,Call Center,$414.72,Four-Door Car,Small
RZ98310,Nevada,23421.19,No,Extended,Bachelor,2011-02-28,Unemployed,F,$0.00,Suburban,Married,$124.00,4,9,0,2,Personal Auto,Personal L3,1,Call Center,$596.16,Four-Door Car,Medsize
YP38413,Oregon,34837.43,No,Basic,College,2011-02-28,Employed,F,"$1,17,316.00",Urban,Single,$97.00,32,99,0,2,Personal Auto,Personal L2,1,Agent,$423.04,Two-Door Car,Medsize
LJ35581,Washington,13534.99,No,Premium,Bachelor,2011-02-28,Unemployed,F,$0.00,Suburban,Single,$190.00,34,36,0,3,Personal Auto,Personal L3,2,Agent,"$1,370.52",SUV,Medsize
AZ15952,Oregon,11811.82,No,Premium,Bachelor,2011-02-28,Employed,M,"$70,704.00",Rural,Divorced,$150.00,3,50,0,9,Personal Auto,Personal L3,1,Web,$251.32,Four-Door Car,Medsize
ER51965,Washington,5725.25,No,Premium,College,2011-02-28,Employed,M,"$67,157.00",Suburban,Married,$150.00,5,115,3,1,Corporate Auto,Corporate L2,1,Agent,$795.55,Four-Door Car,Medsize
CJ59481,Washington,3830.1,No,Basic,College,2011-02-28,Employed,M,"$1,22,706.00",Rural,Married,$95.00,11,111,0,1,Personal Auto,Personal L3,1,Agent,$95.46,Two-Door Car,Medsize
JZ76788,Nevada,4459.17,No,Extended,College,2011-02-28,Employed,M,"$39,670.00",Suburban,Single,$119.00,24,11,2,1,Personal Auto,Personal L2,1,Agent,$570.24,Two-Door Car,Small
IU95336,Arizona,3811.73,No,Basic,High School or Below,2011-02-28,Employed,M,"$32,873.00",Suburban,Married,$99.00,8,120,3,1,Corporate Auto,Corporate L2,2,Branch,$473.04,Four-Door Car,Medsize
NN44612,Nevada,6628.29,No,Basic,Bachelor,2011-02-28,Employed,F,"$82,893.00",Urban,Divorced,$84.00,1,93,0,3,Personal Auto,Personal L3,1,Agent,$340.41,Two-Door Car,Medsize
KM65135,Oregon,6430.49,No,Basic,College,2011-02-28,Disabled,M,"$20,192.00",Suburban,Single,$89.00,32,92,0,8,Corporate Auto,Corporate L3,1,Branch,$427.68,Four-Door Car,Small
UR27848,California,23621.65,Yes,Basic,College,2011-02-28,Unemployed,M,$0.00,Suburban,Divorced,$99.00,12,127,0,2,Personal Auto,Personal L1,1,Agent,$473.04,Two-Door Car,Medsize
SG53084,California,6434.97,No,Basic,Bachelor,2011-02-28,Employed,F,"$95,083.00",Rural,Married,$82.00,22,66,3,4,Personal Auto,Personal L2,4,Web,$8.67,Four-Door Car,Medsize
AT18041,California,3621.65,No,Basic,High School or Below,2011-02-28,Employed,F,"$85,686.00",Suburban,Married,$90.00,0,96,0,1,Personal Auto,Personal L1,2,Agent,$523.42,Two-Door Car,Large
BT68954,Oregon,4807.4,No,Extended,Bachelor,2011-02-28,Unemployed,M,$0.00,Suburban,Single,$134.00,47,20,0,1,Special Auto,Special L2,1,Agent,$962.28,Four-Door Car,Medsize
UO12263,Oregon,6284.19,No,Basic,High School or Below,2011-02-28,Unemployed,F,$0.00,Suburban,Married,$93.00,42,103,4,3,Corporate Auto,Corporate L1,1,Agent,$447.12,Four-Door Car,Medsize
VQ48245,Washington,4349.41,No,Extended,Master,2011-02-28,Employed,F,"$1,05,141.00",Suburban,Married,$107.00,23,49,0,1,Personal Auto,Personal L3,3,Web,$511.92,Four-Door Car,Small
FL50532,Arizona,11120.29,No,Basic,Master,2011-02-28,Employed,M,"$65,969.00",Suburban,Married,$139.00,7,103,0,3,Personal Auto,Personal L1,3,Web,$667.44,Sports Car,Medsize
YC45944,Arizona,5245.37,Yes,Premium,College,2011-02-28,Unemployed,M,$0.00,Suburban,Married,$142.00,4,124,0,1,Personal Auto,Personal L2,1,Branch,$680.40,Four-Door Car,Large
PB16956,Oregon,10587.21,No,Extended,College,2011-02-28,Employed,F,"$68,851.00",Urban,Married,$134.00,18,66,1,3,Personal Auto,Personal L1,1,Agent,$394.05,Four-Door Car,Medsize
UZ95992,California,5908.09,Yes,Premium,Bachelor,2011-02-28,Employed,F,"$86,095.00",Rural,Divorced,$150.00,24,85,0,1,Personal Auto,Personal L3,2,Agent,$81.05,Four-Door Car,Medsize
LX74249,Oregon,3967.4,No,Basic,Bachelor,2011-02-28,Employed,F,"$1,30,633.00",Urban,Married,$97.00,38,82,0,1,Personal Auto,Personal L3,3,Call Center,$291.61,Two-Door Car,Medsize
QI11566,Oregon,3422.24,No,Basic,Bachelor,2011-02-28,Disabled,F,"$33,970.00",Suburban,Married,$90.00,43,24,0,1,Corporate Auto,Corporate L2,2,Branch,$434.16,Two-Door Car,Small
LK39646,Washington,10824.98,No,Basic,Bachelor,2011-02-28,Employed,F,"$79,438.00",Urban,Single,$92.00,1,130,0,2,Corporate Auto,Corporate L1,3,Call Center,$270.66,Two-Door Car,Large
UA53326,Oregon,4461.42,No,Extended,College,2011-02-28,Retired,F,"$32,307.00",Suburban,Single,$128.00,5,32,0,1,Personal Auto,Personal L3,4,Web,$615.60,Four-Door Car,Large
ZF81243,Nevada,5908.09,Yes,Premium,Bachelor,2011-02-28,Employed,F,"$86,095.00",Rural,Divorced,$150.00,24,85,0,1,Personal Auto,Personal L1,2,Agent,$81.05,Four-Door Car,Medsize
GE49670,Arizona,10029.26,No,Premium,High School or Below,2011-02-28,Unemployed,M,$0.00,Suburban,Married,$136.00,8,58,0,9,Personal Auto,Personal L3,3,Branch,$742.08,Four-Door Car,Medsize
CR76145,California,5245.37,Yes,Premium,College,2011-02-28,Unemployed,M,$0.00,Suburban,Married,$142.00,4,124,0,1,Personal Auto,Personal L2,1,Branch,$680.40,Four-Door Car,Large
XY57950,California,4884.88,No,Extended,College,2011-02-28,Unemployed,M,$0.00,Suburban,Divorced,$134.00,0,96,0,1,Special Auto,Special L2,1,Branch,$641.52,Four-Door Car,Medsize
RM31359,Oregon,4224.3,No,Extended,High School or Below,2011-02-28,Employed,F,"$64,876.00",Suburban,Married,$105.00,20,124,0,1,Corporate Auto,Corporate L3,3,Agent,$505.44,Four-Door Car,Small
SN26999,Oregon,14749.86,No,Extended,High School or Below,2011-02-28,Employed,F,"$1,33,032.00",Suburban,Single,$122.00,1,126,0,2,Personal Auto,Personal L3,2,Agent,$583.20,Two-Door Car,Small
PQ35034,Oregon,13390.24,No,Basic,College,2011-02-28,Employed,F,"$50,741.00",Rural,Divorced,$85.00,39,122,0,2,Corporate Auto,Corporate L3,1,Branch,$207.21,Two-Door Car,Medsize
QV76563,Arizona,6844.81,No,Basic,Doctor,2011-02-28,Unemployed,F,$0.00,Suburban,Divorced,$93.00,11,32,0,6,Personal Auto,Personal L2,4,Agent,$447.12,Four-Door Car,Small
EA55071,Arizona,5908.09,Yes,Premium,Bachelor,2011-02-28,Employed,F,"$86,095.00",Rural,Divorced,$150.00,24,85,0,1,Personal Auto,Personal L2,2,Agent,$81.05,Four-Door Car,Medsize
SY36127,California,3880.02,No,Basic,Master,2011-02-28,Employed,F,"$45,174.00",Rural,Married,$97.00,16,12,0,1,Personal Auto,Personal L3,2,Branch,$151.77,Four-Door Car,Medsize
MB12747,Nevada,13214.76,No,Extended,Bachelor,2011-02-28,Employed,M,"$43,106.00",Rural,Married,$112.00,26,41,0,2,Personal Auto,Personal L3,1,Branch,$50.89,Four-Door Car,Medsize
FT61724,California,6255.29,No,Basic,Bachelor,2011-02-28,Employed,F,"$39,292.00",Rural,Married,$158.00,38,42,0,1,Personal Auto,Personal L3,2,Branch,$368.03,Sports Car,Medsize
DV62119,Arizona,4790,No,Extended,Doctor,2011-02-28,Employed,F,"$1,02,754.00",Suburban,Married,$119.00,8,131,0,1,Personal Auto,Personal L3,2,Agent,$570.24,Four-Door Car,Medsize
KQ98040,California,10795.41,No,Extended,Bachelor,2011-02-28,Employed,F,"$94,582.00",Suburban,Married,$134.00,3,77,0,3,Corporate Auto,Corporate L2,3,Agent,$944.35,Four-Door Car,Small
XK20264,Washington,12457.73,No,Extended,High School or Below,2011-02-28,Unemployed,F,$0.00,Urban,Married,$111.00,30,84,0,2,Personal Auto,Personal L3,1,Call Center,$400.46,Two-Door Car,Medsize
RD53171,Arizona,4135.2,No,Extended,College,2011-02-28,Unemployed,F,$0.00,Suburban,Single,$128.00,19,77,2,1,Personal Auto,Personal L2,1,Agent,$615.60,Two-Door Car,Medsize
CT84535,California,5245.37,Yes,Premium,College,2011-02-28,Unemployed,M,$0.00,Suburban,Married,$142.00,4,124,0,1,Personal Auto,Personal L3,1,Branch,$680.40,Four-Door Car,Large
CH76379,Oregon,5719.7,No,Basic,Bachelor,2011-02-28,Unemployed,M,$0.00,Suburban,Single,$82.00,28,18,0,3,Personal Auto,Personal L3,1,Agent,$395.28,Four-Door Car,Medsize
TA35356,California,13046.85,No,Extended,College,2011-02-28,Employed,F,"$1,16,173.00",Rural,Married,$323.00,16,15,0,1,Personal Auto,Personal L3,2,Branch,$155.47,Luxury Car,Medsize
OF38237,California,6586.42,No,Basic,Doctor,2011-02-28,Disabled,F,"$40,433.00",Suburban,Married,$82.00,0,103,0,4,Personal Auto,Personal L1,1,Call Center,$395.28,Two-Door Car,Medsize
MN74944,Arizona,8484.96,No,Extended,College,2011-02-28,Employed,M,"$70,484.00",Suburban,Married,$108.00,8,100,0,9,Personal Auto,Personal L1,1,Branch,$518.40,Four-Door Car,Medsize
QT84069,Oregon,68267.15,No,Extended,Master,2011-02-28,Employed,M,"$1,10,809.00",Urban,Married,$336.00,1,84,0,2,Personal Auto,Personal L1,2,Branch,"$1,017.58",Luxury SUV,Small
VP84987,California,23621.65,Yes,Basic,College,2011-02-28,Unemployed,M,$0.00,Suburban,Divorced,$99.00,12,127,0,2,Personal Auto,Personal L3,1,Agent,$473.04,Two-Door Car,Medsize
DN46994,California,7294.84,No,Basic,Bachelor,2011-02-28,Employed,F,"$98,055.00",Rural,Married,$90.00,38,123,0,8,Personal Auto,Personal L3,1,Agent,$210.28,Four-Door Car,Medsize
GY23881,Oregon,6456.17,No,Basic,High School or Below,2011-02-28,Employed,M,"$1,10,277.00",Suburban,Single,$82.00,9,104,0,6,Personal Auto,Personal L2,2,Call Center,$395.28,Four-Door Car,Medsize
IX46908,California,7394.23,No,Basic,College,2011-02-28,Medical Leave,F,"$28,740.00",Suburban,Married,$96.00,20,132,0,3,Corporate Auto,Corporate L2,2,Branch,$460.08,Four-Door Car,Large
WH24638,California,9556.88,No,Extended,College,2011-02-28,Employed,F,"$33,008.00",Urban,Married,$122.00,5,88,0,4,Personal Auto,Personal L2,3,Agent,$338.79,Four-Door Car,Medsize
EB61889,California,12806.15,No,Extended,High School or Below,2011-02-28,Medical Leave,M,"$34,185.00",Suburban,Divorced,$170.00,31,70,0,3,Corporate Auto,Corporate L3,3,Call Center,"$1,196.15",Sports Car,Medsize
SZ94413,California,4436.7,No,Extended,High School or Below,2011-02-28,Employed,M,"$41,453.00",Urban,Married,$113.00,8,46,0,1,Personal Auto,Personal L2,2,Agent,$304.63,Four-Door Car,Medsize
FV63234,California,6692.17,No,Basic,Bachelor,2011-02-28,Unemployed,F,$0.00,Suburban,Divorced,$90.00,4,93,0,7,Personal Auto,Personal L2,2,Branch,$434.16,Four-Door Car,Medsize
MQ84363,California,14947.24,No,Extended,Bachelor,2011-02-28,Employed,M,"$79,611.00",Urban,Divorced,$127.00,16,101,1,2,Corporate Auto,Corporate L1,1,Agent,$430.49,Four-Door Car,Medsize
US30122,California,82531.82,No,Basic,College,2011-02-28,Unemployed,M,$0.00,Suburban,Single,$267.00,3,101,0,2,Corporate Auto,Corporate L3,2,Branch,"$3,071.61",Luxury Car,Medsize
RM93459,California,23621.65,Yes,Basic,College,2011-02-28,Unemployed,M,$0.00,Suburban,Divorced,$99.00,12,127,0,2,Personal Auto,Personal L3,1,Agent,$473.04,Two-Door Car,Medsize
SP29219,California,5245.37,Yes,Premium,College,2011-02-28,Unemployed,M,$0.00,Suburban,Married,$142.00,4,124,0,1,Personal Auto,Personal L3,1,Branch,$680.40,Four-Door Car,Large
QC35222,California,3622.69,No,Basic,Bachelor,2024-01-01,Employed,F,"$65,163.00",Urban,Married,$93.00,4,107,3,1,Corporate Auto,Corporate L2,3,Web,$380.90,Four-Door Car,Medsize
AE98193,Washington,10610.21,No,Basic,High School or Below,2024-01-01,Unemployed,M,$0.00,Suburban,Single,$153.00,26,14,0,7,Personal Auto,Personal L1,1,Branch,"$1,098.36",SUV,Medsize
TM23514,Oregon,13868.02,No,Extended,College,2024-01-01,Employed,M,"$81,196.00",Urban,Single,$178.00,11,38,0,3,Personal Auto,Personal L3,3,Web,$783.64,SUV,Medsize
WB38524,California,4008.95,No,Basic,High School or Below,2024-01-01,Employed,M,"$62,277.00",Suburban,Married,$100.00,36,38,0,1,Personal Auto,Personal L3,2,Branch,$479.52,Two-Door Car,Small
QZ42725,Washington,3119.69,No,Basic,Bachelor,2024-01-01,Unemployed,F,$0.00,Suburban,Single,$86.00,16,32,0,1,Personal Auto,Personal L3,2,Agent,$622.08,Four-Door Car,Medsize
SG81493,Arizona,5999.04,No,Premium,Bachelor,2024-01-01,Employed,M,"$62,618.00",Rural,Married,$153.00,45,126,0,1,Corporate Auto,Corporate L1,2,Web,$339.90,Four-Door Car,Medsize
QP80741,Washington,8165.58,No,Basic,College,2024-01-01,Unemployed,F,$0.00,Suburban,Married,$82.00,23,96,3,2,Corporate Auto,Corporate L1,3,Agent,$395.28,Four-Door Car,Medsize
FN69743,California,6259.34,Yes,Basic,College,2024-01-01,Retired,M,"$36,183.00",Suburban,Married,$89.00,9,58,1,5,Corporate Auto,Corporate L1,2,Agent,$427.68,Two-Door Car,Medsize
BW52697,California,7431.83,No,Basic,College,2024-01-01,Employed,F,"$1,16,278.00",Urban,Married,$92.00,41,14,0,3,Personal Auto,Personal L3,2,Call Center,$406.94,Two-Door Car,Medsize
WP41146,California,7210.94,No,Basic,High School or Below,2024-01-01,Unemployed,F,$0.00,Suburban,Married,$97.00,5,15,1,7,Personal Auto,Personal L2,1,Branch,$466.56,Four-Door Car,Medsize
HP55391,Oregon,7325.28,No,Basic,Master,2024-01-01,Unemployed,M,$0.00,Suburban,Married,$96.00,45,112,0,3,Corporate Auto,Corporate L3,1,Agent,$550.80,Four-Door Car,Medsize
US45383,California,16579.03,Yes,Premium,College,2024-01-01,Employed,M,"$1,19,259.00",Suburban,Married,$138.00,22,1,0,2,Personal Auto,Personal L3,1,Branch,$660.96,Two-Door Car,Medsize
XC16387,Arizona,6804.56,No,Basic,High School or Below,2024-01-01,Employed,F,"$62,197.00",Rural,Single,$86.00,0,82,0,4,Personal Auto,Personal L3,1,Branch,$35.01,Four-Door Car,Medsize
VU53417,Arizona,5180.43,No,Extended,High School or Below,2024-01-01,Medical Leave,M,"$31,119.00",Suburban,Divorced,$134.00,42,116,0,1,Personal Auto,Personal L1,1,Agent,$641.52,Two-Door Car,Medsize
KR62797,Arizona,6198.7,No,Basic,High School or Below,2024-01-01,Employed,F,"$1,12,451.00",Suburban,Married,$153.00,8,38,0,1,Personal Auto,Personal L2,2,Call Center,$732.24,SUV,Medsize
SV34223,California,27644.1,No,Basic,College,2024-01-01,Employed,F,"$78,728.00",Suburban,Married,$99.00,0,76,0,2,Personal Auto,Personal L2,4,Call Center,$473.04,Four-Door Car,Medsize
JO13576,California,3554.57,No,Basic,High School or Below,2024-01-01,Retired,F,"$29,512.00",Suburban,Married,$93.00,4,15,0,1,Personal Auto,Personal L3,2,Agent,$470.18,Four-Door Car,Medsize
AC75391,Arizona,7786.92,No,Basic,College,2024-01-01,Employed,F,"$47,373.00",Suburban,Divorced,$100.00,36,26,0,9,Corporate Auto,Corporate L1,1,Branch,$565.55,Two-Door Car,Medsize
LP47259,Arizona,11237.71,No,Extended,High School or Below,2024-01-01,Unemployed,M,$0.00,Suburban,Single,$163.00,15,124,0,5,Corporate Auto,Corporate L3,2,Branch,"$1,176.12",Sports Car,Medsize
VF21395,Oregon,3581.14,No,Basic,Bachelor,2024-01-01,Employed,M,"$1,11,584.00",Suburban,Married,$89.00,11,126,0,1,Personal Auto,Personal L2,2,Web,$427.68,Two-Door Car,Medsize
JG36165,California,8157.53,No,Extended,Bachelor,2024-01-01,Unemployed,M,$0.00,Suburban,Single,$112.00,16,28,0,5,Personal Auto,Personal L1,4,Web,"$1,220.92",Two-Door Car,Medsize
TC84427,Oregon,6817.08,No,Basic,High School or Below,2024-01-01,Employed,F,"$82,458.00",Urban,Single,$89.00,9,55,2,9,Personal Auto,Personal L3,1,Call Center,$397.28,Four-Door Car,Medsize
LI85491,Oregon,5055.18,No,Basic,High School or Below,2024-01-01,Unemployed,F,$0.00,Suburban,Single,$136.00,4,43,0,1,Personal Auto,Personal L3,1,Agent,$981.72,SUV,Small
VE55982,Nevada,3570.32,No,Basic,Bachelor,2024-01-01,Employed,M,"$72,900.00",Suburban,Divorced,$89.00,20,61,0,1,Corporate Auto,Corporate L1,1,Call Center,$504.74,Two-Door Car,Medsize
EF87528,Arizona,6259.34,Yes,Basic,College,2024-01-01,Retired,M,"$36,183.00",Suburban,Married,$89.00,9,58,1,5,Special Auto,Special L3,2,Agent,$427.68,Two-Door Car,Medsize
EP18940,Oregon,12788.51,No,Extended,Bachelor,2024-01-01,Unemployed,F,$0.00,Suburban,Married,$116.00,41,43,0,2,Personal Auto,Personal L3,1,Call Center,$557.28,Four-Door Car,Medsize
TH68362,California,3205.99,No,Basic,College,2024-01-01,Unemployed,F,$0.00,Suburban,Married,$86.00,3,70,0,1,Corporate Auto,Corporate L3,3,Agent,$514.11,Four-Door Car,Medsize
OH83248,California,11419.02,No,Premium,Master,2024-01-01,Employed,M,"$77,482.00",Urban,Married,$143.00,11,15,0,3,Personal Auto,Personal L3,4,Call Center,$427.26,Four-Door Car,Medsize
VM34210,Washington,9988.69,No,Basic,College,2024-01-01,Unemployed,F,$0.00,Urban,Married,$136.00,38,46,0,6,Personal Auto,Personal L2,1,Web,$455.78,SUV,Medsize
ZM28138,Arizona,9756.61,No,Basic,Bachelor,2024-01-01,Employed,F,"$54,207.00",Suburban,Single,$82.00,1,134,0,2,Personal Auto,Personal L3,1,Agent,$459.10,Four-Door Car,Medsize
EL70257,California,11345.93,No,Basic,High School or Below,2024-01-01,Employed,F,"$65,225.00",Suburban,Divorced,$96.00,46,76,0,2,Personal Auto,Personal L1,1,Agent,$460.08,Four-Door Car,Medsize
XE10977,Oregon,3614.62,No,Basic,High School or Below,2024-01-01,Employed,F,"$96,773.00",Urban,Married,$89.00,9,23,0,1,Personal Auto,Personal L3,2,Web,$264.69,Two-Door Car,Medsize
WE19034,Oregon,3277.49,No,Basic,College,2024-01-01,Employed,M,"$32,952.00",Suburban,Married,$84.00,5,18,0,1,Corporate Auto,Corporate L2,4,Agent,$401.76,Four-Door Car,Small
XZ81226,Arizona,8703.34,No,Extended,Bachelor,2024-01-01,Employed,F,"$58,695.00",Suburban,Married,$108.00,36,107,0,9,Personal Auto,Personal L1,1,Branch,$518.40,Four-Door Car,Medsize
RA63927,Oregon,9710.69,No,Extended,High School or Below,2024-01-01,Employed,M,"$41,696.00",Rural,Married,$123.00,9,72,0,4,Personal Auto,Personal L1,3,Web,$139.62,Two-Door Car,Medsize
YQ50209,Arizona,6543.78,No,Basic,High School or Below,2024-01-01,Unemployed,M,$0.00,Suburban,Single,$93.00,0,43,0,7,Corporate Auto,Corporate L1,2,Agent,$808.86,Four-Door Car,Small
QT46430,California,11061.56,No,Basic,College,2024-01-01,Medical Leave,F,"$17,253.00",Rural,Married,$150.00,23,72,2,6,Personal Auto,Personal L1,2,Call Center,$304.34,Sports Car,Medsize
ZZ22858,Arizona,20271.85,No,Basic,Bachelor,2024-01-01,Employed,F,"$95,336.00",Rural,Married,$252.00,3,113,0,3,Personal Auto,Personal L3,3,Branch,$396.83,Luxury Car,Medsize
IG94072,Oregon,13403.98,No,Extended,High School or Below,2024-01-01,Employed,F,"$1,01,824.00",Suburban,Married,$166.00,4,66,0,6,Personal Auto,Personal L1,1,Branch,"$1,112.13",Sports Car,Large
HQ32112,Arizona,7079.95,No,Extended,High School or Below,2024-01-01,Employed,M,"$91,977.00",Rural,Married,$176.00,30,36,0,1,Personal Auto,Personal L2,4,Branch,$305.92,SUV,Medsize
OL27257,Nevada,5915.54,No,Premium,College,2024-01-01,Medical Leave,F,"$27,532.00",Urban,Married,$155.00,38,113,0,1,Personal Auto,Personal L3,1,Branch,$686.63,Two-Door Car,Medsize
ZU96776,California,8355.32,No,Extended,Bachelor,2024-01-01,Unemployed,M,$0.00,Suburban,Single,$122.00,5,24,0,5,Personal Auto,Personal L1,1,Call Center,$874.80,Two-Door Car,Large
HO40387,California,3470.53,No,Basic,Master,2024-01-01,Unemployed,M,$0.00,Suburban,Married,$97.00,0,126,3,1,Personal Auto,Personal L3,4,Call Center,$466.56,Two-Door Car,Small
BW94308,Washington,27130.81,Yes,Basic,High School or Below,2024-01-01,Employed,F,"$1,25,234.00",Suburban,Married,$96.00,23,20,0,2,Personal Auto,Personal L2,2,Agent,$511.69,Two-Door Car,Large
EV78251,Oregon,9670.78,No,Basic,Doctor,2024-01-01,Unemployed,F,$0.00,Suburban,Single,$89.00,11,15,0,2,Personal Auto,Personal L3,4,Branch,$427.68,Two-Door Car,Small
IB39821,Arizona,12165.02,No,Basic,Bachelor,2024-01-01,Employed,M,"$1,19,756.00",Urban,Married,$151.00,8,96,0,9,Personal Auto,Personal L2,2,Agent,$674.55,Sports Car,Small
NU64028,Nevada,16558.56,No,Basic,Bachelor,2024-01-01,Employed,M,"$48,186.00",Suburban,Divorced,$139.00,11,85,0,2,Personal Auto,Personal L1,1,Branch,$667.44,Sports Car,Small
XS17260,Oregon,16579.03,Yes,Premium,College,2024-01-01,Employed,M,"$1,19,259.00",Suburban,Married,$138.00,22,1,0,2,Personal Auto,Personal L3,1,Branch,$660.96,Two-Door Car,Medsize
UQ73252,Arizona,6259.34,Yes,Basic,College,2024-01-01,Retired,M,"$36,183.00",Suburban,Married,$89.00,9,58,1,5,Personal Auto,Personal L3,2,Agent,$427.68,Two-Door Car,Medsize
LK91880,California,11308.05,No,Basic,College,2024-01-01,Employed,F,"$35,705.00",Rural,Married,$142.00,9,57,0,3,Personal Auto,Personal L3,3,Agent,$101.70,Sports Car,Medsize
PO56357,California,7240.76,No,Basic,High School or Below,2024-01-01,Employed,F,"$87,215.00",Urban,Married,$90.00,24,96,1,8,Personal Auto,Personal L3,1,Web,$367.80,Four-Door Car,Medsize
HA82735,Arizona,5208.23,No,Extended,Bachelor,2024-01-01,Unemployed,F,$0.00,Suburban,Single,$163.00,16,90,2,1,Personal Auto,Personal L2,1,Web,"$1,393.48",SUV,Medsize
PB63095,Washington,7518.08,Yes,Extended,High School or Below,2024-01-01,Unemployed,M,$0.00,Suburban,Single,$107.00,28,72,1,7,Personal Auto,Personal L2,1,Agent,$550.04,Two-Door Car,Medsize
UK29448,Oregon,3331.07,No,Basic,Bachelor,2024-01-01,Unemployed,M,$0.00,Suburban,Single,$99.00,39,19,0,1,Personal Auto,Personal L2,1,Agent,$709.56,Two-Door Car,Medsize
ST78006,Oregon,6202.26,No,Basic,High School or Below,2024-01-01,Unemployed,F,$0.00,Rural,Married,$85.00,15,14,1,3,Personal Auto,Personal L2,4,Call Center,$188.10,Four-Door Car,Medsize
PY98628,Arizona,7518.08,Yes,Extended,High School or Below,2024-01-01,Unemployed,M,$0.00,Suburban,Single,$107.00,28,72,1,7,Personal Auto,Personal L2,1,Agent,$550.04,Two-Door Car,Medsize
AM89558,Nevada,6259.34,Yes,Basic,College,2024-01-01,Retired,M,"$36,183.00",Suburban,Married,$89.00,9,58,1,5,Corporate Auto,Corporate L3,2,Agent,$427.68,Two-Door Car,Medsize
TP20456,Arizona,12271.86,No,Extended,High School or Below,2024-01-01,Employed,M,"$61,169.00",Suburban,Married,$309.00,38,95,0,1,Personal Auto,Personal L2,3,Agent,"$2,093.01",Luxury SUV,Medsize
SP56326,Arizona,10061.55,No,Premium,High School or Below,2024-01-01,Medical Leave,F,"$16,463.00",Suburban,Divorced,$136.00,39,47,0,7,Personal Auto,Personal L3,1,Branch,$905.29,Four-Door Car,Medsize
RA27021,Nevada,37212.4,No,Extended,Bachelor,2024-01-01,Disabled,F,"$35,654.00",Rural,Married,$123.00,23,122,0,2,Corporate Auto,Corporate L1,2,Agent,$249.10,Four-Door Car,Large
XJ97760,California,6398.81,No,Basic,Master,2024-01-01,Employed,M,"$47,303.00",Urban,Single,$82.00,9,117,0,8,Personal Auto,Personal L1,1,Call Center,$343.32,Four-Door Car,Medsize
RY23571,California,3352.96,No,Basic,Bachelor,2024-01-01,Employed,F,"$1,02,080.00",Rural,Married,$88.00,22,53,5,1,Personal Auto,Personal L3,2,Branch,$211.34,Four-Door Car,Medsize
JT47995,Arizona,81750.86,No,Extended,College,2024-01-01,Unemployed,F,$0.00,Suburban,Married,$275.00,47,61,0,2,Personal Auto,Personal L3,1,Web,"$1,321.92",Luxury SUV,Large
NK53938,Oregon,3509.96,No,Basic,Master,2024-01-01,Employed,M,"$60,994.00",Suburban,Married,$88.00,28,92,0,1,Personal Auto,Personal L2,4,Call Center,$421.20,Four-Door Car,Medsize
IB36843,California,7513.95,No,Basic,Master,2024-01-01,Employed,M,"$1,22,319.00",Urban,Single,$95.00,11,120,0,3,Personal Auto,Personal L2,2,Web,$420.54,Four-Door Car,Medsize
YR85283,Nevada,20363.11,No,Extended,High School or Below,2024-01-01,Employed,F,"$35,128.00",Urban,Married,$170.00,8,43,0,2,Personal Auto,Personal L2,4,Agent,$447.99,SUV,Small
CO25601,Washington,5552.04,No,Basic,High School or Below,2024-01-01,Unemployed,M,$0.00,Suburban,Single,$96.00,22,122,3,9,Personal Auto,Personal L2,1,Agent,$769.18,Four-Door Car,Medsize
HB29169,Washington,57325.01,No,Premium,Bachelor,2024-01-01,Unemployed,F,$0.00,Suburban,Married,$379.00,22,124,1,2,Personal Auto,Personal L3,1,Branch,"$2,024.74",Luxury SUV,Medsize
RH97231,Washington,11736.89,No,Basic,Bachelor,2024-01-01,Employed,M,"$66,006.00",Suburban,Married,$149.00,12,35,0,3,Personal Auto,Personal L3,1,Branch,"$1,063.65",SUV,Medsize
XL80761,California,12547.02,No,Basic,College,2024-01-01,Employed,M,"$91,184.00",Suburban,Married,$157.00,3,20,0,3,Corporate Auto,Corporate L3,1,Branch,$751.68,SUV,Small
UD27331,Nevada,4376.48,No,Extended,Bachelor,2024-01-01,Employed,M,"$45,496.00",Suburban,Single,$119.00,19,30,3,1,Personal Auto,Personal L3,1,Agent,$622.10,Four-Door Car,Medsize
SG71810,Oregon,15673.84,No,Basic,College,2024-01-01,Employed,F,"$56,029.00",Rural,Married,$99.00,38,93,0,2,Personal Auto,Personal L3,1,Agent,$20.25,Two-Door Car,Small
LR32149,Arizona,30969.52,No,Basic,Bachelor,2024-01-01,Employed,F,"$71,541.00",Urban,Married,$86.00,22,116,0,2,Personal Auto,Personal L1,1,Call Center,$411.34,Four-Door Car,Medsize
FC68244,Oregon,8270.87,No,Extended,High School or Below,2024-01-01,Employed,M,"$82,538.00",Suburban,Married,$103.00,5,22,0,4,Personal Auto,Personal L2,2,Web,$492.48,Four-Door Car,Medsize
LO15516,California,3633.8,No,Basic,Bachelor,2024-01-01,Employed,M,"$46,335.00",Suburban,Married,$95.00,27,62,2,1,Corporate Auto,Corporate L2,2,Agent,$453.60,Four-Door Car,Medsize
ET47892,Oregon,16579.03,Yes,Premium,College,2024-01-01,Employed,M,"$1,19,259.00",Suburban,Married,$138.00,22,1,0,2,Personal Auto,Personal L3,1,Branch,$660.96,Two-Door Car,Medsize
ZS35830,Oregon,3625.97,No,Basic,College,2024-01-01,Employed,F,"$78,524.00",Rural,Married,$90.00,4,26,0,1,Personal Auto,Personal L2,2,Call Center,$124.09,Four-Door Car,Medsize
AY55759,California,27130.81,Yes,Basic,High School or Below,2024-01-01,Employed,F,"$1,25,234.00",Suburban,Married,$96.00,23,20,0,2,Personal Auto,Personal L2,2,Agent,$511.69,Two-Door Car,Large
ZO30377,California,4687.7,No,Premium,High School or Below,2024-01-01,Unemployed,M,$0.00,Suburban,Single,$138.00,34,65,0,1,Personal Auto,Personal L3,2,Agent,"$1,317.75",Four-Door Car,Medsize
FV15346,Arizona,47849.82,No,Extended,College,2024-01-01,Employed,M,"$1,30,752.00",Suburban,Divorced,$132.00,46,92,0,2,Personal Auto,Personal L3,1,Call Center,$763.43,Two-Door Car,Medsize
AX28231,Washington,7332.35,No,Basic,High School or Below,2024-01-01,Employed,M,"$66,616.00",Urban,Married,$93.00,14,16,0,7,Personal Auto,Personal L3,2,Agent,$338.95,Two-Door Car,Medsize
UM94104,Oregon,7040.21,No,Basic,High School or Below,2024-01-01,Employed,M,"$88,256.00",Rural,Married,$88.00,12,113,0,3,Personal Auto,Personal L3,4,Branch,$8.20,Four-Door Car,Medsize
TG70775,California,27130.81,Yes,Basic,High School or Below,2024-01-01,Employed,F,"$1,25,234.00",Suburban,Married,$96.00,23,20,0,2,Personal Auto,Personal L3,2,Agent,$511.69,Two-Door Car,Large
YK60829,Oregon,27130.81,Yes,Basic,High School or Below,2024-01-01,Employed,F,"$1,25,234.00",Suburban,Married,$96.00,23,20,0,2,Corporate Auto,Corporate L1,2,Agent,$511.69,Two-Door Car,Large
ZT52415,Oregon,10997.08,No,Basic,Bachelor,2024-01-01,Employed,F,"$84,421.00",Suburban,Married,$92.00,14,1,0,2,Personal Auto,Personal L1,2,Branch,$440.64,Two-Door Car,Medsize
YJ16399,California,15158.19,No,Basic,High School or Below,2024-01-01,Unemployed,M,$0.00,Suburban,Single,$86.00,1,85,0,2,Corporate Auto,Corporate L3,3,Branch,"$1,043.33",Four-Door Car,Medsize
QW81912,California,10808.4,No,Extended,High School or Below,2024-01-01,Employed,F,"$86,079.00",Rural,Married,$134.00,18,74,0,4,Personal Auto,Personal L1,2,Branch,$146.02,Four-Door Car,Medsize
IV37346,Oregon,10006.24,No,Basic,College,2024-01-01,Employed,F,"$70,871.00",Suburban,Divorced,$85.00,30,62,0,2,Corporate Auto,Corporate L3,1,Agent,$408.24,Two-Door Car,Small
ZF77631,California,30724.53,No,Basic,Master,2024-01-01,Employed,M,"$1,08,729.00",Rural,Married,$85.00,36,100,0,2,Personal Auto,Personal L2,4,Agent,$88.89,Four-Door Car,Medsize
EZ30537,Oregon,32379.24,No,Premium,Doctor,2024-01-01,Employed,F,"$1,07,534.00",Rural,Married,$400.00,16,23,0,9,Personal Auto,Personal L3,2,Branch,$672.52,Luxury Car,Medsize
ZQ28996,Nevada,7273.83,No,Basic,College,2024-01-01,Employed,M,"$66,008.00",Urban,Married,$92.00,22,36,0,7,Corporate Auto,Corporate L1,1,Web,$438.76,Four-Door Car,Large
UU84036,California,11161.6,No,Basic,High School or Below,2024-01-01,Employed,M,"$80,456.00",Urban,Married,$93.00,8,80,0,2,Special Auto,Special L2,1,Agent,$300.77,Two-Door Car,Medsize
XQ51968,California,7518.08,Yes,Extended,High School or Below,2024-01-01,Unemployed,M,$0.00,Suburban,Single,$107.00,28,72,1,7,Corporate Auto,Corporate L3,1,Agent,$550.04,Two-Door Car,Medsize
OQ45659,Arizona,56355.76,No,Premium,College,2024-01-01,Employed,F,"$61,332.00",Suburban,Married,$157.00,31,109,0,2,Personal Auto,Personal L3,2,Branch,$751.68,Four-Door Car,Medsize
DY92795,Oregon,4356.25,No,Extended,Bachelor,2024-01-01,Employed,F,"$1,12,390.00",Suburban,Married,$108.00,5,132,0,1,Personal Auto,Personal L1,2,Call Center,$518.40,Four-Door Car,Medsize
VU79621,Oregon,10989,No,Basic,Master,2024-01-01,Unemployed,M,$0.00,Suburban,Divorced,$146.00,14,57,0,6,Personal Auto,Personal L2,2,Branch,$699.84,Sports Car,Large
NU57274,California,12628.07,No,Extended,Bachelor,2024-01-01,Unemployed,M,$0.00,Suburban,Single,$182.00,32,90,0,8,Personal Auto,Personal L1,1,Branch,"$1,312.20",SUV,Large
JO64353,Oregon,7157.48,No,Basic,High School or Below,2024-01-01,Employed,F,"$27,363.00",Suburban,Married,$89.00,19,107,0,3,Personal Auto,Personal L3,1,Agent,$641.52,Two-Door Car,Small
WR88041,Washington,6809.13,No,Basic,High School or Below,2024-01-01,Employed,M,"$48,373.00",Urban,Divorced,$88.00,1,59,0,7,Personal Auto,Personal L3,1,Agent,$239.24,Four-Door Car,Medsize
CY30418,Washington,7807.29,No,Basic,College,2024-01-01,Employed,M,"$97,678.00",Rural,Divorced,$99.00,12,14,0,8,Personal Auto,Personal L3,1,Agent,$18.83,Four-Door Car,Medsize
HJ21793,Oregon,6275.53,No,Extended,Bachelor,2024-01-01,Unemployed,F,$0.00,Suburban,Married,$163.00,15,14,0,1,Personal Auto,Personal L1,3,Call Center,"$1,458.75",SUV,Medsize
TU67471,Washington,27130.81,Yes,Basic,High School or Below,2024-01-01,Employed,F,"$1,25,234.00",Suburban,Married,$96.00,23,20,0,2,Personal Auto,Personal L2,2,Agent,$511.69,Two-Door Car,Large
FD45309,Oregon,7518.08,Yes,Extended,High School or Below,2024-01-01,Unemployed,M,$0.00,Suburban,Single,$107.00,28,72,1,7,Personal Auto,Personal L2,1,Agent,$550.04,Two-Door Car,Medsize
LC92080,Oregon,9784.44,No,Basic,College,2024-01-01,Employed,M,"$31,780.00",Rural,Married,$84.00,16,51,0,2,Personal Auto,Personal L3,2,Agent,$133.55,Two-Door Car,Medsize
DJ27518,California,13621.22,No,Extended,High School or Below,2024-01-01,Employed,F,"$85,937.00",Suburban,Single,$173.00,1,35,0,7,Corporate Auto,Corporate L3,4,Agent,$829.44,Sports Car,Medsize
RK63095,California,4216.03,No,Extended,College,2024-01-01,Employed,M,"$98,437.00",Suburban,Single,$108.00,34,97,0,1,Personal Auto,Personal L3,2,Web,$518.40,Two-Door Car,Medsize
NP19156,Arizona,6243.15,No,Basic,Master,2024-01-01,Employed,F,"$38,156.00",Urban,Divorced,$82.00,30,16,4,6,Corporate Auto,Corporate L2,1,Agent,$226.65,Four-Door Car,Medsize
DH68319,Oregon,3763.13,No,Basic,College,2024-01-01,Employed,F,"$84,383.00",Suburban,Married,$93.00,4,122,0,1,Personal Auto,Personal L1,1,Branch,$447.12,Two-Door Car,Large
TM12486,Oregon,3995.93,No,Extended,High School or Below,2024-01-01,Retired,M,"$37,989.00",Suburban,Single,$115.00,31,7,0,1,Personal Auto,Personal L3,3,Web,$826.20,Four-Door Car,Small
CS30775,California,5657.93,No,Basic,High School or Below,2024-01-01,Unemployed,M,$0.00,Suburban,Single,$86.00,4,72,1,7,Personal Auto,Personal L3,4,Web,$723.54,Two-Door Car,Small
LX71137,Arizona,4987.1,No,Extended,Bachelor,2024-01-01,Employed,F,"$1,18,105.00",Suburban,Divorced,$124.00,16,77,0,1,Personal Auto,Personal L3,3,Branch,$596.16,Four-Door Car,Medsize
MO82744,California,7635.87,No,Basic,Bachelor,2024-01-01,Employed,F,"$61,541.00",Urban,Divorced,$97.00,23,27,0,4,Personal Auto,Personal L2,1,Branch,$274.62,Four-Door Car,Medsize
GG20671,Nevada,21158.73,No,Extended,College,2024-01-01,Employed,M,"$58,410.00",Suburban,Married,$105.00,11,14,0,2,Special Auto,Special L2,4,Agent,$611.65,Four-Door Car,Large
BA19651,California,8281.42,No,Extended,High School or Below,2024-01-01,Employed,M,"$59,231.00",Urban,Divorced,$105.00,24,45,0,5,Corporate Auto,Corporate L3,3,Agent,$390.78,Four-Door Car,Medsize
FU51754,Arizona,7518.08,Yes,Extended,High School or Below,2024-01-01,Unemployed,M,$0.00,Suburban,Single,$107.00,28,72,1,7,Personal Auto,Personal L2,1,Agent,$550.04,Two-Door Car,Medsize
GB94407,California,16579.03,Yes,Premium,College,2024-01-01,Employed,M,"$1,19,259.00",Suburban,Married,$138.00,22,1,0,2,Corporate Auto,Corporate L2,1,Branch,$660.96,Two-Door Car,Medsize
WX19595,Arizona,19480.36,No,Basic,High School or Below,2024-01-01,Unemployed,M,$0.00,Suburban,Married,$267.00,5,42,0,9,Personal Auto,Personal L2,4,Agent,"$1,298.92",Luxury Car,Small
AH53588,California,6259.34,Yes,Basic,College,2024-01-01,Retired,M,"$36,183.00",Suburban,Married,$89.00,9,58,1,5,Personal Auto,Personal L2,2,Agent,$427.68,Two-Door Car,Medsize
IU83998,Washington,15115.22,No,Premium,Bachelor,2024-01-01,Unemployed,F,$0.00,Suburban,Married,$402.00,35,127,0,1,Personal Auto,Personal L3,1,Branch,"$2,896.56",Luxury Car,Medsize
VQ57815,Oregon,11918.31,No,Basic,Doctor,2024-01-01,Employed,M,"$82,682.00",Rural,Married,$149.00,32,28,0,3,Personal Auto,Personal L2,2,Branch,$214.97,Sports Car,Medsize
PG27422,California,7971.54,No,Basic,Bachelor,2024-01-01,Employed,F,"$1,21,437.00",Urban,Single,$100.00,4,57,0,3,Corporate Auto,Corporate L3,2,Web,$370.12,Four-Door Car,Medsize
VO25412,Washington,12064.71,No,Basic,Master,2024-01-01,Employed,F,"$50,652.00",Rural,Married,$100.00,28,41,0,2,Special Auto,Special L3,1,Agent,$220.83,Two-Door Car,Medsize
FA90739,Oregon,16843.47,No,Extended,High School or Below,2024-01-01,Unemployed,M,$0.00,Suburban,Single,$163.00,9,46,0,2,Corporate Auto,Corporate L3,1,Call Center,"$1,176.12",SUV,Medsize
OG30514,Nevada,27024.58,No,Basic,Bachelor,2024-01-01,Employed,F,"$88,965.00",Suburban,Married,$84.00,23,55,0,2,Personal Auto,Personal L3,1,Agent,$401.76,Four-Door Car,Medsize
GJ44951,Washington,6343.33,No,Basic,Bachelor,2024-01-01,Unemployed,F,$0.00,Suburban,Single,$90.00,36,96,0,6,Personal Auto,Personal L2,1,Agent,$434.16,Two-Door Car,Medsize
QG39997,Arizona,5687.28,No,Premium,College,2024-01-01,Disabled,F,"$13,631.00",Rural,Married,$149.00,23,93,0,1,Personal Auto,Personal L1,1,Web,$295.16,Four-Door Car,Medsize
AL43475,California,9953.86,No,Basic,College,2024-01-01,Employed,F,"$60,666.00",Suburban,Married,$247.00,9,50,0,1,Personal Auto,Personal L3,2,Branch,"$2,793.57",Luxury Car,Large
NF60680,Arizona,27130.81,Yes,Basic,High School or Below,2024-01-01,Employed,F,"$1,25,234.00",Suburban,Married,$96.00,23,20,0,2,Personal Auto,Personal L2,2,Agent,$511.69,Two-Door Car,Large
EC66666,Arizona,9850.27,No,Basic,College,2024-01-01,Unemployed,F,$0.00,Suburban,Divorced,$90.00,39,119,0,2,Personal Auto,Personal L1,1,Web,$434.16,Two-Door Car,Medsize
JV79596,Oregon,19702.51,No,Basic,Bachelor,2024-01-01,Disabled,F,"$37,296.00",Suburban,Married,$85.00,14,58,0,2,Special Auto,Special L2,3,Call Center,$612.36,Two-Door Car,Small
UH22701,Oregon,13130.84,No,Extended,Master,2024-01-01,Employed,F,"$97,519.00",Suburban,Married,$108.00,3,39,0,2,Personal Auto,Personal L3,2,Call Center,$699.39,Four-Door Car,Medsize
UX87150,California,10368.2,No,Extended,College,2024-01-01,Employed,M,"$92,109.00",Suburban,Married,$130.00,15,55,0,5,Corporate Auto,Corporate L2,4,Branch,$622.08,Four-Door Car,Medsize
ZP27971,California,5135.13,No,Extended,High School or Below,2024-01-01,Employed,M,"$35,168.00",Suburban,Married,$131.00,5,69,0,1,Personal Auto,Personal L3,2,Branch,$628.56,Four-Door Car,Small
TG37225,California,6259.34,Yes,Basic,College,2024-01-01,Retired,M,"$36,183.00",Suburban,Married,$89.00,9,58,1,5,Personal Auto,Personal L3,2,Agent,$427.68,Two-Door Car,Medsize
CO68055,Oregon,41804.53,No,Basic,Bachelor,2024-01-01,Unemployed,M,$0.00,Suburban,Married,$147.00,24,3,0,2,Personal Auto,Personal L1,3,Branch,$933.39,SUV,Small
QU69375,Nevada,7518.08,Yes,Extended,High School or Below,2024-01-01,Unemployed,M,$0.00,Suburban,Single,$107.00,28,72,1,7,Corporate Auto,Corporate L2,1,Agent,$550.04,Two-Door Car,Medsize
BK57087,California,5868.67,No,Basic,College,2024-01-01,Employed,F,"$51,601.00",Suburban,Married,$151.00,36,24,2,1,Personal Auto,Personal L3,3,Branch,$725.76,SUV,Medsize
WW41496,Nevada,42167.11,No,Extended,Bachelor,2024-01-01,Employed,F,"$94,721.00",Urban,Divorced,$119.00,46,4,0,2,Personal Auto,Personal L3,2,Agent,$506.79,Two-Door Car,Medsize
LO75919,Arizona,8111.05,No,Extended,Bachelor,2024-01-01,Employed,M,"$58,783.00",Urban,Married,$103.00,15,84,0,8,Personal Auto,Personal L3,1,Call Center,$457.99,Two-Door Car,Medsize
HR28499,California,5252.8,No,Extended,Bachelor,2024-01-01,Employed,M,"$58,830.00",Rural,Married,$132.00,7,62,0,1,Personal Auto,Personal L1,2,Agent,$142.64,Two-Door Car,Medsize
JP10227,California,16579.03,Yes,Premium,College,2024-01-01,Employed,M,"$1,19,259.00",Suburban,Married,$138.00,22,1,0,2,Corporate Auto,Corporate L2,1,Branch,$660.96,Two-Door Car,Medsize
RT36566,California,7101.84,No,Basic,Bachelor,2024-01-01,Employed,F,"$41,858.00",Suburban,Divorced,$90.00,27,22,0,4,Personal Auto,Personal L3,2,Call Center,$434.16,Four-Door Car,Medsize
BD69478,California,7012.78,No,Basic,College,2024-01-01,Employed,M,"$70,042.00",Suburban,Married,$89.00,11,134,0,9,Personal Auto,Personal L2,2,Call Center,$842.06,Two-Door Car,Small
HJ64239,California,11154.55,No,Basic,College,2024-01-01,Unemployed,F,$0.00,Suburban,Single,$153.00,34,74,0,3,Corporate Auto,Corporate L3,1,Agent,"$1,098.36",SUV,Medsize
ZF70768,California,5467.88,No,Premium,High School or Below,2024-01-01,Employed,M,"$1,11,723.00",Rural,Married,$136.00,22,50,0,1,Personal Auto,Personal L2,2,Branch,$242.23,Two-Door Car,Large
OH15780,California,16579.03,Yes,Premium,College,2024-01-01,Employed,M,"$1,19,259.00",Suburban,Married,$138.00,22,1,0,2,Personal Auto,Personal L2,1,Branch,$660.96,Two-Door Car,Medsize
WL28610,California,5597.65,No,Basic,High School or Below,2024-01-01,Unemployed,F,$0.00,Suburban,Divorced,$157.00,34,7,1,1,Corporate Auto,Corporate L3,3,Branch,$751.68,SUV,Medsize
CZ57208,California,20581.09,No,Basic,Bachelor,2024-01-01,Employed,F,"$40,777.00",Suburban,Single,$263.00,32,1,0,4,Personal Auto,Personal L3,1,Agent,"$1,795.44",Luxury SUV,Large
DZ87709,Oregon,7549.42,No,Basic,High School or Below,2024-01-02,Employed,F,"$96,945.00",Rural,Single,$96.00,23,65,0,6,Personal Auto,Personal L1,2,Call Center,$39.20,Four-Door Car,Medsize
CJ15590,Oregon,3638.5,No,Basic,Bachelor,2024-01-02,Employed,F,"$44,172.00",Suburban,Divorced,$90.00,18,16,0,1,Personal Auto,Personal L2,3,Branch,$434.16,Four-Door Car,Medsize
YC43143,Arizona,10784.15,No,Extended,High School or Below,2024-01-02,Employed,F,"$1,04,396.00",Rural,Married,$134.00,0,28,0,3,Personal Auto,Personal L3,2,Web,$134.00,Four-Door Car,Medsize
YM50253,California,3977.31,No,Basic,Bachelor,2024-01-02,Employed,F,"$1,20,515.00",Urban,Single,$100.00,23,122,0,1,Personal Auto,Personal L3,2,Branch,$427.41,Four-Door Car,Medsize
RU49126,Washington,6028.2,No,Basic,College,2024-01-02,Employed,F,"$83,492.00",Rural,Married,$151.00,1,65,0,1,Personal Auto,Personal L2,2,Agent,$291.35,SUV,Medsize
HI14283,Oregon,7636.99,No,Premium,Bachelor,2024-01-02,Unemployed,F,$0.00,Suburban,Married,$205.00,16,120,0,1,Personal Auto,Personal L3,1,Web,$984.96,SUV,Small
WV17090,California,34540.73,No,Basic,Bachelor,2024-01-02,Unemployed,M,$0.00,Suburban,Married,$157.00,0,61,0,2,Corporate Auto,Corporate L1,2,Call Center,"$1,121.34",SUV,Medsize
XV21647,California,10849.21,No,Basic,High School or Below,2024-01-02,Unemployed,F,$0.00,Suburban,Single,$151.00,9,57,0,9,Personal Auto,Personal L1,1,Branch,"$1,088.64",Sports Car,Medsize
QQ90441,Nevada,18590.82,Yes,Premium,High School or Below,2024-01-02,Employed,F,"$79,929.00",Suburban,Single,$157.00,31,28,0,2,Personal Auto,Personal L1,1,Agent,$751.68,Four-Door Car,Medsize
YC80498,California,6440.24,Yes,Basic,College,2024-01-02,Medical Leave,F,"$17,501.00",Suburban,Single,$88.00,3,50,0,4,Personal Auto,Personal L1,1,Web,$489.75,Two-Door Car,Medsize
ZZ97035,California,27965.17,No,Extended,College,2024-01-02,Unemployed,M,$0.00,Suburban,Single,$274.00,27,89,0,2,Corporate Auto,Corporate L1,1,Branch,"$2,737.43",Luxury Car,Small
TA82973,Oregon,10608.45,No,Basic,High School or Below,2024-01-02,Employed,F,"$39,065.00",Rural,Divorced,$140.00,38,31,2,6,Personal Auto,Personal L3,1,Call Center,$159.25,SUV,Medsize
BI38192,Oregon,10715.04,No,Basic,High School or Below,2024-01-02,Employed,F,"$30,864.00",Suburban,Married,$90.00,12,54,0,2,Personal Auto,Personal L3,2,Agent,$434.16,Two-Door Car,Medsize
XT36360,Arizona,9159.61,No,Basic,High School or Below,2024-01-02,Unemployed,F,$0.00,Suburban,Single,$86.00,9,7,1,2,Personal Auto,Personal L2,1,Call Center,$622.08,Four-Door Car,Large
JH73503,Arizona,27232.15,No,Basic,Doctor,2024-01-02,Employed,M,"$33,485.00",Suburban,Married,$99.00,26,132,0,2,Personal Auto,Personal L2,3,Call Center,$473.04,Two-Door Car,Small
KJ86296,Oregon,6151.4,No,Basic,High School or Below,2024-01-02,Unemployed,M,$0.00,Suburban,Single,$99.00,32,54,2,9,Personal Auto,Personal L2,1,Agent,$709.56,Four-Door Car,Medsize
GR26937,Oregon,13237.87,No,Extended,Master,2024-01-02,Employed,F,"$63,716.00",Rural,Married,$109.00,26,123,0,2,Corporate Auto,Corporate L2,2,Agent,$102.75,Four-Door Car,Medsize
QV19964,Oregon,3509.04,No,Basic,Doctor,2024-01-02,Employed,M,"$45,828.00",Urban,Married,$89.00,14,65,1,1,Personal Auto,Personal L3,2,Web,$259.49,Four-Door Car,Medsize
TI47802,California,3501.09,No,Basic,Master,2024-01-02,Unemployed,F,$0.00,Suburban,Married,$93.00,39,47,0,1,Personal Auto,Personal L3,4,Branch,$447.12,Two-Door Car,Medsize
TP41703,Washington,9787.54,No,Basic,Bachelor,2024-01-02,Unemployed,M,$0.00,Suburban,Single,$93.00,23,14,0,2,Personal Auto,Personal L3,4,Call Center,$670.68,Two-Door Car,Medsize
MY88518,Nevada,4762.86,Yes,Extended,Doctor,2024-01-02,Employed,M,"$42,225.00",Suburban,Married,$124.00,32,128,4,1,Personal Auto,Personal L1,1,Branch,$596.16,Two-Door Car,Medsize
YY11432,Oregon,22295.26,No,Extended,High School or Below,2024-01-02,Employed,F,"$69,829.00",Rural,Married,$186.00,12,22,1,2,Personal Auto,Personal L3,1,Agent,$214.66,SUV,Medsize
FS42690,Washington,5104.96,No,Extended,College,2024-01-02,Employed,M,"$77,823.00",Suburban,Married,$127.00,4,134,0,1,Personal Auto,Personal L3,1,Branch,$609.12,Two-Door Car,Medsize
SB99002,Oregon,11230.82,No,Basic,Bachelor,2024-01-02,Employed,F,"$67,141.00",Rural,Married,$93.00,4,55,0,2,Corporate Auto,Corporate L3,4,Call Center,$208.91,Four-Door Car,Medsize
ZN33412,Arizona,11656.38,No,Extended,College,2024-01-02,Disabled,F,"$33,849.00",Suburban,Single,$107.00,4,113,0,2,Personal Auto,Personal L3,1,Branch,$511.92,Four-Door Car,Medsize
MQ15074,Washington,3374.32,No,Basic,High School or Below,2024-01-02,Employed,M,"$37,911.00",Suburban,Married,$86.00,12,85,0,1,Personal Auto,Personal L2,2,Branch,$780.97,Four-Door Car,Medsize
SB44003,Arizona,14154.64,Yes,Extended,College,2024-01-02,Employed,F,"$82,496.00",Rural,Divorced,$120.00,30,126,0,2,Personal Auto,Personal L3,2,Agent,$66.76,Four-Door Car,Medsize
VP89545,Arizona,6105.89,No,Basic,College,2024-01-02,Unemployed,M,$0.00,Suburban,Married,$82.00,11,105,0,9,Personal Auto,Personal L3,1,Web,$395.28,Four-Door Car,Medsize
TS42594,California,18590.82,Yes,Premium,High School or Below,2024-01-02,Employed,F,"$79,929.00",Suburban,Single,$157.00,31,28,0,2,Personal Auto,Personal L3,1,Agent,$751.68,Four-Door Car,Medsize
SV48204,Oregon,14154.64,Yes,Extended,College,2024-01-02,Employed,F,"$82,496.00",Rural,Divorced,$120.00,30,126,0,2,Personal Auto,Personal L3,2,Agent,$66.76,Four-Door Car,Medsize
HV50891,Nevada,4762.86,Yes,Extended,Doctor,2024-01-02,Employed,M,"$42,225.00",Suburban,Married,$124.00,32,128,4,1,Personal Auto,Personal L3,1,Branch,$596.16,Two-Door Car,Medsize
IH54239,California,6871.09,No,Basic,Master,2024-01-02,Employed,M,"$84,340.00",Rural,Married,$85.00,27,85,0,5,Personal Auto,Personal L3,2,Branch,$151.36,Four-Door Car,Medsize
BP92643,Arizona,18590.82,Yes,Premium,High School or Below,2024-01-02,Employed,F,"$79,929.00",Suburban,Single,$157.00,31,28,0,2,Personal Auto,Personal L1,1,Agent,$751.68,Four-Door Car,Medsize
HV85198,Arizona,11436.41,No,Basic,Master,2024-01-02,Employed,M,"$85,743.00",Urban,Married,$95.00,18,103,0,2,Personal Auto,Personal L3,1,Branch,$250.65,Four-Door Car,Small
FQ83162,Washington,46856.98,No,Basic,College,2024-01-02,Unemployed,M,$0.00,Suburban,Divorced,$147.00,4,26,0,2,Personal Auto,Personal L2,1,Agent,$970.25,Sports Car,Medsize
FC70869,Arizona,3976.25,No,Extended,High School or Below,2024-01-02,Employed,F,"$48,825.00",Suburban,Married,$103.00,12,107,3,1,Personal Auto,Personal L2,4,Web,$492.48,Two-Door Car,Medsize
LF55270,Oregon,14154.64,Yes,Extended,College,2024-01-02,Employed,F,"$82,496.00",Rural,Divorced,$120.00,30,126,0,2,Personal Auto,Personal L2,2,Agent,$66.76,Four-Door Car,Medsize
WS53288,Oregon,34377.51,Yes,Extended,College,2024-01-02,Retired,F,"$18,445.00",Suburban,Single,$131.00,1,89,0,2,Personal Auto,Personal L3,1,Branch,$628.56,Four-Door Car,Small
HE84643,California,2937.09,No,Basic,High School or Below,2024-01-02,Unemployed,F,$0.00,Suburban,Single,$85.00,7,107,0,1,Personal Auto,Personal L3,2,Branch,$612.36,Four-Door Car,Medsize
HB48073,Arizona,12651.89,No,Basic,Bachelor,2024-01-02,Employed,F,"$89,539.00",Urban,Married,$158.00,14,14,0,5,Corporate Auto,Corporate L2,1,Agent,$671.92,SUV,Medsize
OQ41280,Nevada,8779.35,No,Extended,High School or Below,2024-01-02,Employed,M,"$62,502.00",Rural,Divorced,$119.00,15,111,3,4,Corporate Auto,Corporate L1,1,Agent,$173.19,Four-Door Car,Medsize
PE66545,Oregon,3436.45,No,Basic,Bachelor,2024-01-02,Employed,M,"$39,488.00",Suburban,Married,$86.00,36,41,0,1,Personal Auto,Personal L3,4,Agent,$416.13,Two-Door Car,Small
WO39817,Oregon,3366.35,No,Basic,High School or Below,2024-01-02,Employed,M,"$50,008.00",Rural,Divorced,$92.00,34,120,3,1,Personal Auto,Personal L2,4,Branch,$41.83,Two-Door Car,Medsize
MI65698,Oregon,6197.6,No,Premium,College,2024-01-02,Employed,F,"$38,278.00",Urban,Divorced,$159.00,45,27,0,1,Personal Auto,Personal L3,2,Agent,$432.44,Two-Door Car,Large
AZ77669,Oregon,11740.82,No,Basic,High School or Below,2024-01-02,Employed,M,"$1,23,421.00",Urban,Married,$147.00,4,96,1,5,Personal Auto,Personal L2,1,Web,$588.32,SUV,Medsize
DJ47372,California,14622.03,No,Extended,Doctor,2024-01-02,Disabled,M,"$31,323.00",Suburban,Divorced,$130.00,39,80,0,2,Personal Auto,Personal L1,3,Call Center,$622.08,Four-Door Car,Medsize
AC40767,Washington,3372.04,No,Basic,Bachelor,2024-01-02,Employed,M,"$91,855.00",Urban,Single,$86.00,14,63,0,1,Personal Auto,Personal L2,4,Branch,$223.52,Two-Door Car,Medsize
XQ74827,Arizona,26238.1,No,Extended,High School or Below,2024-01-02,Employed,F,"$52,229.00",Suburban,Single,$336.00,30,8,0,3,Special Auto,Special L3,1,Agent,"$3,097.75",Luxury Car,Medsize
JX26859,California,4762.86,Yes,Extended,Doctor,2024-01-02,Employed,M,"$42,225.00",Suburban,Married,$124.00,32,128,4,1,Personal Auto,Personal L3,1,Branch,$596.16,Two-Door Car,Medsize
PE63707,Nevada,7360.43,No,Basic,Bachelor,2024-01-02,Employed,M,"$1,19,565.00",Suburban,Married,$90.00,12,120,0,9,Personal Auto,Personal L2,1,Web,$434.16,Four-Door Car,Medsize
ZI73222,California,21195.38,No,Extended,High School or Below,2024-01-02,Unemployed,M,$0.00,Suburban,Married,$285.00,42,70,0,5,Personal Auto,Personal L3,1,Web,"$1,367.28",Luxury SUV,Medsize
HI16452,Oregon,4088.85,No,Extended,High School or Below,2024-01-02,Unemployed,M,$0.00,Suburban,Single,$127.00,36,70,1,1,Special Auto,Special L3,1,Branch,$653.24,Four-Door Car,Medsize
UF74084,Arizona,7615.83,No,Basic,Bachelor,2024-01-02,Employed,M,"$53,283.00",Urban,Divorced,$96.00,1,39,0,4,Personal Auto,Personal L3,2,Call Center,$426.01,Two-Door Car,Large
RK45396,California,7263.43,No,Basic,Bachelor,2024-01-02,Unemployed,M,$0.00,Suburban,Married,$99.00,15,128,0,3,Corporate Auto,Corporate L2,2,Web,$473.04,Four-Door Car,Medsize
YX36936,Arizona,5770.74,No,Basic,College,2024-01-02,Employed,M,"$53,488.00",Rural,Married,$147.00,5,31,1,1,Corporate Auto,Corporate L3,4,Agent,$34.14,SUV,Medsize
IN52645,Oregon,9915.53,No,Premium,High School or Below,2024-01-02,Employed,F,"$86,901.00",Suburban,Married,$244.00,5,68,0,1,Personal Auto,Personal L3,2,Web,"$1,172.88",SUV,Small
KI25980,Washington,19875,No,Extended,Master,2024-01-02,Employed,M,"$59,376.00",Suburban,Divorced,$170.00,27,92,1,2,Personal Auto,Personal L3,1,Web,$816.48,SUV,Small
KB44286,Oregon,63140.78,No,Basic,High School or Below,2024-01-02,Employed,F,"$86,944.00",Rural,Single,$267.00,15,116,0,2,Corporate Auto,Corporate L1,1,Agent,$150.08,Luxury SUV,Small
GX84338,Washington,5162.98,No,Extended,Doctor,2024-01-02,Employed,F,"$84,416.00",Rural,Married,$128.00,47,38,0,1,Personal Auto,Personal L3,4,Agent,$83.29,Four-Door Car,Medsize
YY27420,Arizona,14185.39,No,Extended,Bachelor,2024-01-02,Medical Leave,M,"$27,058.00",Suburban,Married,$124.00,18,12,0,2,Personal Auto,Personal L1,3,Agent,$696.72,Four-Door Car,Medsize
HX31231,Arizona,11047.85,No,Premium,Bachelor,2024-01-02,Medical Leave,F,"$32,866.00",Suburban,Married,$143.00,20,28,0,3,Corporate Auto,Corporate L3,2,Call Center,$860.89,Four-Door Car,Medsize
FG60807,Oregon,6593.61,No,Basic,High School or Below,2024-01-02,Employed,F,"$29,384.00",Urban,Married,$84.00,39,88,0,3,Corporate Auto,Corporate L3,4,Agent,$241.84,Four-Door Car,Medsize
SM54018,California,17130.73,No,Premium,College,2024-01-02,Unemployed,F,$0.00,Suburban,Single,$158.00,5,120,1,2,Personal Auto,Personal L3,1,Web,"$1,570.95",Two-Door Car,Medsize
FM14335,Washington,14154.64,Yes,Extended,College,2024-01-02,Employed,F,"$82,496.00",Rural,Divorced,$120.00,30,126,0,2,Personal Auto,Personal L1,2,Agent,$66.76,Four-Door Car,Medsize
UL10037,Oregon,14154.64,Yes,Extended,College,2024-01-02,Employed,F,"$82,496.00",Rural,Divorced,$120.00,30,126,0,2,Corporate Auto,Corporate L1,2,Agent,$66.76,Four-Door Car,Medsize
QX84402,California,34377.51,Yes,Extended,College,2024-01-02,Retired,F,"$18,445.00",Suburban,Single,$131.00,1,89,0,2,Corporate Auto,Corporate L3,1,Branch,$628.56,Four-Door Car,Small
EV32492,Arizona,3369.83,No,Basic,Bachelor,2024-01-02,Employed,M,"$66,334.00",Suburban,Divorced,$86.00,9,128,0,1,Personal Auto,Personal L1,4,Web,$414.72,Four-Door Car,Medsize
KP51068,Oregon,3564.79,No,Basic,Bachelor,2024-01-02,Employed,M,"$80,947.00",Urban,Single,$92.00,11,9,0,1,Personal Auto,Personal L3,1,Branch,$394.09,Four-Door Car,Medsize
GL99349,California,27640.1,No,Basic,High School or Below,2024-01-02,Employed,M,"$1,29,088.00",Suburban,Married,$89.00,9,122,5,2,Personal Auto,Personal L2,4,Web,$475.03,Two-Door Car,Small
VE72838,Arizona,18590.82,Yes,Premium,High School or Below,2024-01-02,Employed,F,"$79,929.00",Suburban,Single,$157.00,31,28,0,2,Personal Auto,Personal L3,1,Agent,$751.68,Four-Door Car,Medsize
HI60054,California,12696,No,Extended,Bachelor,2024-01-02,Employed,F,"$69,651.00",Urban,Married,$108.00,7,123,2,2,Personal Auto,Personal L2,1,Agent,$273.92,Two-Door Car,Medsize
AP27994,Oregon,5902.86,No,Basic,High School or Below,2024-01-02,Disabled,F,"$31,217.00",Suburban,Married,$151.00,36,80,0,1,Special Auto,Special L2,3,Agent,$725.76,Sports Car,Medsize
No81415,Arizona,4237.88,No,Extended,Bachelor,2024-01-02,Employed,M,"$42,089.00",Suburban,Married,$107.00,19,38,0,1,Personal Auto,Personal L3,4,Call Center,"$1,222.69",Four-Door Car,Small
TF53472,Oregon,7222.79,No,Basic,Bachelor,2024-01-02,Employed,F,"$55,804.00",Urban,Divorced,$92.00,45,34,0,5,Personal Auto,Personal L3,1,Agent,$355.17,Four-Door Car,Medsize
RH71877,Arizona,6440.24,Yes,Basic,College,2024-01-02,Medical Leave,F,"$17,501.00",Suburban,Single,$88.00,3,50,0,4,Personal Auto,Personal L3,1,Web,$489.75,Two-Door Car,Medsize
VP57785,Oregon,6440.24,Yes,Basic,College,2024-01-02,Medical Leave,F,"$17,501.00",Suburban,Single,$88.00,3,50,0,4,Personal Auto,Personal L1,1,Web,$489.75,Two-Door Car,Medsize
PR10005,Oregon,3937.16,No,Basic,Bachelor,2024-01-02,Employed,M,"$1,15,034.00",Rural,Divorced,$100.00,31,103,0,1,Personal Auto,Personal L3,4,Web,$135.70,Four-Door Car,Medsize
KI91500,California,11665.41,No,Basic,High School or Below,2024-01-02,Medical Leave,F,"$29,961.00",Suburban,Married,$100.00,18,100,0,2,Personal Auto,Personal L3,2,Branch,$560.97,Two-Door Car,Small
AX10148,California,3252.65,No,Basic,Bachelor,2024-01-02,Unemployed,F,$0.00,Suburban,Married,$89.00,4,131,0,1,Personal Auto,Personal L2,4,Web,$427.68,Four-Door Car,Medsize
DB28487,California,23005.94,No,Basic,High School or Below,2024-01-02,Disabled,F,"$30,036.00",Suburban,Married,$86.00,5,119,0,2,Personal Auto,Personal L3,4,Call Center,$614.51,Four-Door Car,Medsize
LF19061,Arizona,7327.1,No,Basic,High School or Below,2024-01-02,Employed,F,"$1,00,657.00",Urban,Married,$92.00,0,31,1,5,Personal Auto,Personal L3,3,Web,$316.43,Two-Door Car,Medsize
ED28429,Washington,5615.45,No,Basic,Bachelor,2024-01-02,Unemployed,M,$0.00,Suburban,Single,$84.00,1,86,0,3,Personal Auto,Personal L1,1,Agent,$602.64,Two-Door Car,Medsize
GD84658,Nevada,48578.54,No,Extended,High School or Below,2024-01-02,Unemployed,F,$0.00,Suburban,Single,$174.00,3,93,0,2,Corporate Auto,Corporate L2,1,Agent,"$1,711.19",Sports Car,Medsize
JG77605,Nevada,7755.91,No,Basic,Bachelor,2024-01-02,Employed,F,"$41,025.00",Urban,Married,$99.00,46,89,0,4,Personal Auto,Personal L1,2,Web,$376.56,Four-Door Car,Medsize
EA23961,California,6974.36,No,Basic,College,2024-01-02,Employed,F,"$1,09,076.00",Urban,Married,$86.00,28,63,0,9,Personal Auto,Personal L1,2,Web,$406.27,Four-Door Car,Small
ZH89968,Washington,18590.82,Yes,Premium,High School or Below,2024-01-02,Employed,F,"$79,929.00",Suburban,Single,$157.00,31,28,0,2,Personal Auto,Personal L2,1,Agent,$751.68,Four-Door Car,Medsize
RU75129,Washington,3749.41,No,Basic,High School or Below,2024-01-02,Employed,F,"$88,332.00",Suburban,Married,$93.00,9,122,0,1,Personal Auto,Personal L2,4,Call Center,$447.12,Four-Door Car,Medsize
ZJ90079,Arizona,7459.38,No,Basic,College,2024-01-02,Employed,F,"$87,502.00",Suburban,Married,$93.00,41,45,0,7,Corporate Auto,Corporate L2,3,Agent,$447.12,Four-Door Car,Small
VO87159,Oregon,31166.59,No,Basic,High School or Below,2024-01-02,Employed,F,"$93,474.00",Urban,Single,$262.00,22,39,0,2,Personal Auto,Personal L3,2,Branch,"$1,005.44",Luxury SUV,Medsize
VJ64329,Oregon,34377.51,Yes,Extended,College,2024-01-02,Retired,F,"$18,445.00",Suburban,Single,$131.00,1,89,0,2,Corporate Auto,Corporate L3,1,Branch,$628.56,Four-Door Car,Small
DA79544,Oregon,3444.32,No,Basic,Bachelor,2024-01-02,Employed,M,"$1,18,970.00",Rural,Married,$86.00,36,96,1,1,Personal Auto,Personal L1,2,Branch,$205.16,Four-Door Car,Medsize
RS30611,Arizona,9232.34,No,Extended,High School or Below,2024-01-02,Disabled,M,"$21,426.00",Suburban,Married,$120.00,27,26,0,4,Personal Auto,Personal L2,4,Branch,$576.72,Four-Door Car,Medsize
CG90504,Oregon,6440.24,Yes,Basic,College,2024-01-02,Medical Leave,F,"$17,501.00",Suburban,Single,$88.00,3,50,0,4,Personal Auto,Personal L3,1,Web,$489.75,Two-Door Car,Medsize
DS75515,California,3797.97,No,Basic,Bachelor,2024-01-02,Employed,M,"$97,650.00",Urban,Married,$95.00,14,27,0,1,Personal Auto,Personal L2,2,Agent,$239.25,Two-Door Car,Large
TW42649,Washington,3331.77,No,Basic,College,2024-01-02,Unemployed,F,$0.00,Urban,Married,$90.00,0,19,0,1,Corporate Auto,Corporate L2,2,Call Center,$300.92,Two-Door Car,Medsize
MR39613,California,49762.23,No,Extended,Bachelor,2024-01-02,Medical Leave,M,"$30,853.00",Suburban,Married,$165.00,38,72,0,2,Special Auto,Special L2,1,Branch,"$1,185.84",Sports Car,Small
GO94903,Oregon,6440.24,Yes,Basic,College,2024-01-02,Medical Leave,F,"$17,501.00",Suburban,Single,$88.00,3,50,0,4,Personal Auto,Personal L3,1,Web,$489.75,Two-Door Car,Medsize
QE73187,Oregon,5950.76,No,Basic,High School or Below,2024-01-02,Employed,M,"$89,305.00",Suburban,Married,$150.00,19,24,0,1,Corporate Auto,Corporate L2,2,Call Center,$719.28,SUV,Medsize
XP39695,Arizona,29546.36,No,Basic,Bachelor,2024-01-02,Employed,F,"$58,050.00",Suburban,Married,$147.00,36,12,0,2,Personal Auto,Personal L2,2,Web,$913.69,SUV,Medsize
NH24429,Arizona,3896.41,No,Basic,Doctor,2024-01-02,Employed,M,"$71,512.00",Suburban,Single,$100.00,4,92,0,1,Special Auto,Special L3,2,Call Center,$479.52,Four-Door Car,Medsize
FL74984,Oregon,3704.51,No,Basic,Bachelor,2024-01-02,Employed,M,"$1,06,909.00",Suburban,Divorced,$95.00,15,100,0,1,Personal Auto,Personal L3,2,Call Center,$453.60,Two-Door Car,Small
MN98042,California,10667.29,No,Basic,College,2024-01-02,Employed,M,"$84,093.00",Suburban,Married,$135.00,1,72,0,3,Personal Auto,Personal L1,2,Web,$648.00,Sports Car,Medsize
XU63766,Oregon,10942.93,No,Basic,Bachelor,2024-01-02,Unemployed,F,$0.00,Urban,Married,$100.00,20,82,0,2,Personal Auto,Personal L3,1,Branch,$313.22,Four-Door Car,Medsize
CD38665,California,19589.1,No,Basic,High School or Below,2024-01-02,Employed,M,"$55,935.00",Suburban,Married,$247.00,32,54,0,9,Personal Auto,Personal L2,2,Call Center,"$1,778.76",Luxury Car,Medsize
XM96138,California,15224.93,No,Extended,Master,2024-01-02,Employed,M,"$1,32,486.00",Urban,Married,$126.00,41,14,1,2,Personal Auto,Personal L1,3,Agent,$577.16,Four-Door Car,Medsize
QC93181,California,34377.51,Yes,Extended,College,2024-01-02,Retired,F,"$18,445.00",Suburban,Single,$131.00,1,89,0,2,Corporate Auto,Corporate L1,1,Branch,$628.56,Four-Door Car,Small
FF31523,Washington,10491.64,No,Premium,Master,2024-01-02,Employed,F,"$37,873.00",Urban,Married,$263.00,1,85,1,1,Corporate Auto,Corporate L1,3,Agent,$771.75,SUV,Medsize
UV57184,California,10131.33,No,Basic,Bachelor,2024-01-02,Employed,F,"$1,32,096.00",Urban,Married,$84.00,43,61,0,2,Special Auto,Special L3,4,Agent,$247.21,Four-Door Car,Small
DG68667,Arizona,10967.34,No,Basic,Doctor,2024-01-02,Medical Leave,M,"$17,033.00",Suburban,Divorced,$146.00,7,58,0,8,Personal Auto,Personal L3,1,Branch,$876.05,SUV,Medsize
WH41496,Washington,6509.68,No,Extended,College,2024-01-02,Unemployed,M,$0.00,Suburban,Married,$184.00,38,117,0,1,Personal Auto,Personal L3,2,Web,$881.28,SUV,Large
OE14751,Oregon,4762.86,Yes,Extended,Doctor,2024-01-02,Employed,M,"$42,225.00",Suburban,Married,$124.00,32,128,4,1,Personal Auto,Personal L3,1,Branch,$596.16,Two-Door Car,Medsize
QS36363,Arizona,17084.96,No,Premium,High School or Below,2024-01-02,Employed,F,"$35,301.00",Suburban,Married,$212.00,3,23,0,7,Personal Auto,Personal L3,4,Web,"$1,017.36",SUV,Medsize
QQ37605,Washington,3438.95,No,Basic,Master,2024-01-02,Employed,F,"$35,163.00",Urban,Married,$86.00,26,53,1,1,Personal Auto,Personal L2,2,Branch,$253.67,Four-Door Car,Medsize
QT13680,California,3449.95,No,Basic,High School or Below,2024-01-02,Employed,M,"$34,270.00",Suburban,Married,$88.00,1,130,0,1,Corporate Auto,Corporate L3,4,Branch,$619.39,Four-Door Car,Medsize
QX24179,Oregon,7586.53,No,Basic,Bachelor,2024-01-02,Employed,M,"$56,535.00",Rural,Married,$96.00,7,20,0,8,Personal Auto,Personal L2,1,Agent,$218.29,Four-Door Car,Medsize
LK35963,California,22975.66,No,Basic,Bachelor,2024-01-02,Employed,F,"$1,20,961.00",Rural,Married,$95.00,1,11,0,2,Personal Auto,Personal L3,2,Branch,$157.97,Two-Door Car,Medsize
YK92080,California,4639.2,No,Extended,College,2024-01-02,Employed,F,"$41,187.00",Suburban,Single,$119.00,20,103,0,1,Personal Auto,Personal L2,1,Branch,$598.00,Four-Door Car,Medsize
GN18675,California,6858.32,No,Basic,Bachelor,2024-01-02,Employed,M,"$95,558.00",Rural,Married,$86.00,0,126,0,7,Special Auto,Special L3,2,Branch,$145.70,Four-Door Car,Medsize
WL24392,Arizona,7911.23,No,Basic,Bachelor,2024-01-02,Employed,M,"$1,27,611.00",Rural,Married,$99.00,22,43,0,3,Personal Auto,Personal L1,1,Agent,$55.98,Four-Door Car,Medsize
VG43444,Oregon,5180.61,No,Extended,Bachelor,2024-01-02,Employed,M,"$49,672.00",Suburban,Single,$134.00,0,101,0,1,Personal Auto,Personal L3,1,Agent,$962.28,Four-Door Car,Large
ME80331,California,12669.04,No,Extended,High School or Below,2024-01-02,Unemployed,M,$0.00,Suburban,Single,$180.00,9,57,0,4,Personal Auto,Personal L3,1,Call Center,"$1,292.76",SUV,Medsize
QY41855,Arizona,14154.64,Yes,Extended,College,2024-01-02,Employed,F,"$82,496.00",Rural,Divorced,$120.00,30,126,0,2,Personal Auto,Personal L3,2,Agent,$66.76,Four-Door Car,Medsize
QO61775,California,6171.67,No,Basic,Master,2024-01-02,Employed,M,"$1,07,262.00",Rural,Single,$155.00,15,63,0,1,Personal Auto,Personal L2,2,Agent,$326.83,SUV,Medsize
ES21306,California,11554.55,No,Extended,Bachelor,2024-01-02,Unemployed,M,$0.00,Suburban,Single,$169.00,14,58,0,9,Personal Auto,Personal L3,1,Branch,$831.01,SUV,Small
PZ95949,Arizona,4762.86,Yes,Extended,Doctor,2024-01-02,Employed,M,"$42,225.00",Suburban,Married,$124.00,32,128,4,1,Personal Auto,Personal L3,1,Branch,$596.16,Two-Door Car,Medsize
FI65786,Oregon,9560.28,No,Extended,Master,2024-01-02,Employed,F,"$1,26,703.00",Suburban,Married,$117.00,24,55,0,9,Corporate Auto,Corporate L2,4,Web,$563.76,Two-Door Car,Large
BG30513,California,34377.51,Yes,Extended,College,2024-01-02,Retired,F,"$18,445.00",Suburban,Single,$131.00,1,89,0,2,Personal Auto,Personal L2,1,Branch,$628.56,Four-Door Car,Small
CJ64468,Oregon,6440.24,Yes,Basic,College,2024-01-02,Medical Leave,F,"$17,501.00",Suburban,Single,$88.00,3,50,0,4,Personal Auto,Personal L2,1,Web,$489.75,Two-Door Car,Medsize
UK49045,Oregon,14936.79,No,Extended,High School or Below,2024-01-02,Employed,M,"$39,803.00",Suburban,Married,$126.00,26,69,0,2,Personal Auto,Personal L2,2,Branch,$602.64,Two-Door Car,Medsize
AX99820,Arizona,3387.84,No,Basic,Bachelor,2024-01-02,Unemployed,F,$0.00,Suburban,Single,$96.00,27,65,0,1,Personal Auto,Personal L3,1,Agent,$690.12,Four-Door Car,Small
ER20865,California,11681.08,No,Premium,Bachelor,2024-01-02,Employed,M,"$88,567.00",Urban,Married,$150.00,3,97,2,7,Corporate Auto,Corporate L2,3,Branch,$510.01,Two-Door Car,Medsize
UI84849,Arizona,11561.36,No,Basic,College,2024-01-02,Employed,M,"$1,23,048.00",Rural,Married,$144.00,5,107,0,7,Personal Auto,Personal L1,3,Agent,$68.14,Sports Car,Small
ZP26168,Washington,13078.97,No,Basic,College,2024-01-02,Medical Leave,F,"$33,188.00",Urban,Single,$89.00,15,100,0,2,Corporate Auto,Corporate L3,1,Agent,$377.60,Four-Door Car,Medsize
EB86696,California,6419.74,No,Basic,Bachelor,2024-01-02,Employed,M,"$29,441.00",Suburban,Married,$161.00,0,96,0,1,Special Auto,Special L3,2,Call Center,$771.12,SUV,Medsize
ED91989,Arizona,10798.99,No,Basic,College,2024-01-02,Unemployed,M,$0.00,Suburban,Married,$144.00,18,23,0,5,Personal Auto,Personal L1,1,Branch,$693.36,SUV,Large
AM26598,Arizona,3933.22,No,Basic,College,2024-01-02,Employed,F,"$1,21,057.00",Urban,Married,$97.00,9,124,0,1,Personal Auto,Personal L3,2,Agent,$417.92,Four-Door Car,Medsize
JG31799,California,11149.8,No,Extended,Bachelor,2024-01-02,Disabled,F,"$27,412.00",Suburban,Single,$103.00,19,85,1,2,Personal Auto,Personal L2,2,Call Center,$670.24,Two-Door Car,Medsize
LK57934,Nevada,14268.99,No,Extended,Bachelor,2024-01-02,Employed,M,"$61,798.00",Rural,Married,$120.00,3,23,0,2,Personal Auto,Personal L2,1,Agent,$129.53,Four-Door Car,Medsize
PK79296,California,3512.99,No,Basic,College,2024-01-02,Disabled,F,"$39,143.00",Suburban,Married,$90.00,38,57,0,1,Personal Auto,Personal L3,2,Branch,$434.16,Four-Door Car,Medsize
BE69929,Arizona,6507.95,No,Basic,College,2024-01-02,Employed,F,"$37,627.00",Urban,Married,$82.00,26,105,0,3,Personal Auto,Personal L3,2,Branch,$252.26,Two-Door Car,Medsize
BC90645,California,3611.29,No,Basic,Master,2024-01-02,Employed,F,"$74,897.00",Rural,Single,$92.00,7,9,1,1,Personal Auto,Personal L2,2,Branch,$159.25,Four-Door Car,Medsize
MD45928,Arizona,18590.82,Yes,Premium,High School or Below,2024-01-02,Employed,F,"$79,929.00",Suburban,Single,$157.00,31,28,0,2,Personal Auto,Personal L3,1,Agent,$751.68,Four-Door Car,Medsize
ZL53118,Arizona,3169.25,No,Basic,High School or Below,2024-01-02,Unemployed,M,$0.00,Suburban,Single,$93.00,19,14,1,1,Personal Auto,Personal L3,1,Branch,"$1,023.15",Four-Door Car,Medsize
CV13878,California,3361.16,No,Basic,High School or Below,2024-01-02,Employed,F,"$1,01,890.00",Suburban,Married,$84.00,16,9,0,1,Personal Auto,Personal L3,2,Call Center,$401.76,Two-Door Car,Medsize
LX95134,California,4960.67,No,Extended,College,2024-01-02,Employed,F,"$1,14,499.00",Suburban,Married,$122.00,34,81,0,1,Corporate Auto,Corporate L3,4,Call Center,$692.30,Four-Door Car,Medsize
QS65968,California,11379.81,No,Basic,Master,2024-01-02,Employed,M,"$1,33,375.00",Suburban,Married,$140.00,30,43,0,3,Personal Auto,Personal L3,4,Agent,$673.92,SUV,Medsize
IM15403,California,12647.17,No,Extended,College,2024-01-02,Employed,M,"$60,723.00",Urban,Divorced,$109.00,3,36,0,2,Corporate Auto,Corporate L2,3,Agent,$450.20,Two-Door Car,Medsize
FS31523,California,11519.17,No,Extended,High School or Below,2024-01-02,Unemployed,F,$0.00,Suburban,Married,$165.00,43,8,2,7,Personal Auto,Personal L3,2,Call Center,$790.56,SUV,Small
BU71528,California,10871.91,No,Premium,College,2024-01-02,Disabled,M,"$23,356.00",Suburban,Married,$142.00,1,15,0,5,Personal Auto,Personal L1,2,Call Center,$862.03,Four-Door Car,Small
OH83983,California,4762.86,Yes,Extended,Doctor,2024-01-02,Employed,M,"$42,225.00",Suburban,Married,$124.00,32,128,4,1,Personal Auto,Personal L2,1,Branch,$596.16,Two-Door Car,Medsize
CV70978,California,10471.19,No,Basic,Bachelor,2024-01-02,Employed,M,"$1,31,749.00",Suburban,Divorced,$88.00,14,9,0,2,Personal Auto,Personal L2,4,Agent,$421.20,Four-Door Car,Medsize
LX30483,California,4551.56,No,Basic,College,2024-01-02,Unemployed,F,$0.00,Suburban,Single,$138.00,3,49,3,1,Personal Auto,Personal L2,1,Agent,$660.96,SUV,Medsize
IX18485,California,12952.24,No,Extended,High School or Below,2024-01-02,Retired,F,"$37,048.00",Suburban,Divorced,$116.00,4,1,2,2,Personal Auto,Personal L2,1,Agent,$924.82,Four-Door Car,Medsize
FH43628,California,34377.51,Yes,Extended,College,2024-01-02,Retired,F,"$18,445.00",Suburban,Single,$131.00,1,89,0,2,Personal Auto,Personal L2,1,Branch,$628.56,Four-Door Car,Small
XM45289,Oregon,7444.36,No,Basic,High School or Below,2024-02-01,Employed,F,"$31,344.00",Suburban,Single,$96.00,9,14,0,4,Personal Auto,Personal L2,4,Agent,$604.52,Two-Door Car,Medsize
CD86811,Arizona,6018.45,Yes,Basic,Bachelor,2024-02-01,Retired,M,"$23,790.00",Suburban,Divorced,$88.00,1,49,1,3,Personal Auto,Personal L1,1,Agent,$421.20,Four-Door Car,Medsize
TQ13499,Arizona,6387.86,No,Premium,College,2024-02-01,Employed,M,"$94,275.00",Suburban,Married,$159.00,43,134,0,1,Personal Auto,Personal L3,1,Agent,"$1,118.69",Four-Door Car,Small
TS11219,California,16291.07,No,Basic,College,2024-02-01,Unemployed,M,$0.00,Suburban,Single,$157.00,19,47,0,2,Personal Auto,Personal L2,1,Agent,"$1,733.53",SUV,Medsize
KY33386,Washington,10809.99,Yes,Basic,High School or Below,2024-02-01,Unemployed,F,$0.00,Suburban,Divorced,$151.00,16,126,0,3,Personal Auto,Personal L3,1,Web,$725.76,Sports Car,Medsize
CO44221,California,3955.39,No,Basic,College,2024-02-01,Employed,M,"$1,32,939.00",Suburban,Married,$97.00,26,93,0,1,Personal Auto,Personal L1,2,Branch,$466.56,Four-Door Car,Medsize
UA84837,Arizona,11650.57,No,Premium,College,2024-02-01,Employed,M,"$32,488.00",Suburban,Divorced,$150.00,41,1,0,5,Corporate Auto,Corporate L2,1,Branch,$719.28,Four-Door Car,Medsize
VQ38776,Oregon,7160.08,No,Extended,College,2024-02-01,Unemployed,F,$0.00,Suburban,Single,$103.00,24,85,0,3,Personal Auto,Personal L3,2,Agent,$533.71,Four-Door Car,Large
QG45324,Oregon,11076.57,No,Basic,High School or Below,2024-02-01,Unemployed,F,$0.00,Suburban,Married,$99.00,12,19,0,2,Personal Auto,Personal L2,1,Agent,$473.04,Four-Door Car,Medsize
YH61661,California,11151.86,No,Basic,High School or Below,2024-02-01,Employed,M,"$44,983.00",Suburban,Married,$142.00,8,3,0,3,Special Auto,Special L1,2,Branch,$680.40,SUV,Medsize
TN79487,California,6018.45,Yes,Basic,Bachelor,2024-02-01,Retired,M,"$23,790.00",Suburban,Divorced,$88.00,1,49,1,3,Personal Auto,Personal L3,1,Agent,$421.20,Four-Door Car,Medsize
EU68825,Oregon,10800.74,No,Basic,Master,2024-02-01,Employed,F,"$86,176.00",Rural,Married,$135.00,31,26,1,3,Personal Auto,Personal L3,4,Agent,$290.56,Sports Car,Small
LN26837,California,3499.79,Yes,Basic,High School or Below,2024-02-01,Employed,M,"$97,768.00",Suburban,Married,$88.00,11,31,0,1,Personal Auto,Personal L2,2,Call Center,$421.20,Four-Door Car,Small
SS59521,Oregon,6439.85,No,Basic,College,2024-02-01,Unemployed,F,$0.00,Suburban,Married,$92.00,3,38,1,4,Personal Auto,Personal L3,3,Agent,$440.64,Two-Door Car,Medsize
CP98451,Oregon,12228.21,No,Basic,College,2024-02-01,Employed,F,"$1,22,884.00",Urban,Married,$151.00,35,50,0,9,Personal Auto,Personal L3,1,Agent,$442.37,SUV,Medsize
NX52648,California,5132.36,No,Extended,High School or Below,2024-02-01,Employed,F,"$44,608.00",Suburban,Married,$128.00,20,122,0,1,Personal Auto,Personal L3,1,Branch,$615.60,Two-Door Car,Medsize
GI82355,Arizona,6956.31,No,Basic,Bachelor,2024-02-01,Unemployed,M,$0.00,Suburban,Married,$92.00,9,42,0,7,Corporate Auto,Corporate L1,2,Web,$440.64,Four-Door Car,Medsize
VO26340,Nevada,8792.52,No,Extended,College,2024-02-01,Unemployed,M,$0.00,Suburban,Single,$126.00,41,95,0,6,Personal Auto,Personal L2,3,Agent,$903.96,Two-Door Car,Medsize
BB11622,Nevada,14245.43,No,Extended,Master,2024-02-01,Employed,M,"$64,477.00",Rural,Married,$177.00,3,73,0,6,Personal Auto,Personal L3,1,Agent,$314.16,SUV,Small
EA27048,California,11672.78,Yes,Basic,High School or Below,2024-02-01,Employed,F,"$86,569.00",Urban,Married,$146.00,4,59,0,3,Personal Auto,Personal L3,2,Branch,$499.26,SUV,Large
OQ90898,California,18840.02,No,Basic,Master,2024-02-01,Employed,M,"$1,21,877.00",Urban,Divorced,$155.00,9,86,0,2,Personal Auto,Personal L1,3,Call Center,$502.44,SUV,Medsize
BB82067,Oregon,13170.66,No,Extended,Doctor,2024-02-01,Employed,M,"$91,303.00",Rural,Married,$163.00,0,59,0,4,Personal Auto,Personal L3,1,Branch,$36.38,Sports Car,Medsize
IX55883,California,26298.67,No,Extended,College,2024-02-01,Employed,F,"$68,592.00",Urban,Single,$112.00,39,78,0,2,Personal Auto,Personal L1,1,Branch,$392.02,Four-Door Car,Medsize
OB49075,Arizona,6018.45,Yes,Basic,Bachelor,2024-02-01,Retired,M,"$23,790.00",Suburban,Divorced,$88.00,1,49,1,3,Personal Auto,Personal L3,1,Agent,$421.20,Four-Door Car,Medsize
EM27919,California,6018.45,Yes,Basic,Bachelor,2024-02-01,Retired,M,"$23,790.00",Suburban,Divorced,$88.00,1,49,1,3,Personal Auto,Personal L3,1,Agent,$421.20,Four-Door Car,Medsize
HW62747,Oregon,3102.81,No,Basic,College,2024-02-01,Unemployed,M,$0.00,Suburban,Married,$85.00,26,12,0,1,Corporate Auto,Corporate L1,2,Branch,$408.24,Four-Door Car,Small
TJ11671,Oregon,5420.54,No,Premium,Bachelor,2024-02-01,Unemployed,F,$0.00,Suburban,Married,$147.00,47,101,0,1,Personal Auto,Personal L2,1,Branch,$706.32,Four-Door Car,Small
YN10988,California,8524.71,No,Extended,High School or Below,2024-02-01,Unemployed,M,$0.00,Suburban,Married,$117.00,20,62,0,6,Personal Auto,Personal L2,2,Web,$563.76,Four-Door Car,Medsize
WE60408,Arizona,5858.83,No,Basic,College,2024-02-01,Employed,F,"$1,23,877.00",Suburban,Married,$147.00,45,27,2,1,Personal Auto,Personal L1,3,Branch,"$1,051.72",SUV,Medsize
IG68709,Oregon,4723.16,No,Extended,High School or Below,2024-02-01,Employed,F,"$56,310.00",Urban,Single,$122.00,4,120,0,1,Personal Auto,Personal L2,1,Agent,$474.24,Four-Door Car,Medsize
JE13986,Arizona,14004.75,No,Extended,College,2024-02-01,Employed,F,"$84,492.00",Suburban,Married,$116.00,41,63,0,2,Personal Auto,Personal L1,2,Branch,$557.28,Four-Door Car,Medsize
MP76478,Washington,11672.78,Yes,Basic,High School or Below,2024-02-01,Employed,F,"$86,569.00",Urban,Married,$146.00,4,59,0,3,Corporate Auto,Corporate L3,2,Branch,$499.26,SUV,Large
YA80645,Oregon,3914.08,No,Basic,High School or Below,2024-02-01,Employed,F,"$45,546.00",Urban,Divorced,$100.00,8,68,1,1,Corporate Auto,Corporate L1,2,Agent,$410.93,Four-Door Car,Medsize
EC44438,Nevada,3331.29,No,Basic,Bachelor,2024-02-01,Medical Leave,F,"$26,125.00",Suburban,Married,$88.00,22,0,0,1,Personal Auto,Personal L3,1,Branch,$978.03,Four-Door Car,Small
PR41853,Arizona,5884.05,No,Basic,Bachelor,2024-02-01,Unemployed,F,$0.00,Rural,Married,$159.00,24,123,0,1,Corporate Auto,Corporate L2,1,Agent,$137.47,Sports Car,Medsize
IL83479,Oregon,4702.9,No,Extended,College,2024-02-01,Employed,F,"$58,027.00",Suburban,Married,$116.00,38,24,0,1,Personal Auto,Personal L3,3,Call Center,$557.28,Four-Door Car,Medsize
PU95227,Washington,4539.26,No,Extended,Bachelor,2024-02-01,Employed,M,"$30,852.00",Urban,Married,$117.00,22,120,0,1,Personal Auto,Personal L1,4,Agent,$427.08,Four-Door Car,Medsize
IL43607,California,3702.84,No,Basic,High School or Below,2024-02-01,Employed,F,"$87,101.00",Suburban,Married,$93.00,8,39,1,1,Corporate Auto,Corporate L3,3,Branch,$447.12,Four-Door Car,Medsize
XM11175,Arizona,8092.47,No,Extended,College,2024-02-01,Unemployed,M,$0.00,Suburban,Single,$123.00,35,120,0,6,Personal Auto,Personal L1,1,Web,$884.52,Four-Door Car,Small
QU20310,Arizona,12484.08,No,Extended,High School or Below,2024-02-01,Employed,F,"$1,30,991.00",Suburban,Married,$103.00,19,32,0,2,Corporate Auto,Corporate L3,3,Call Center,$562.46,Four-Door Car,Small
RC11491,Oregon,14027.4,No,Extended,College,2024-02-01,Employed,F,"$39,080.00",Rural,Married,$177.00,9,77,0,3,Corporate Auto,Corporate L3,1,Call Center,$399.37,SUV,Medsize
WL45773,California,3791.62,No,Basic,Doctor,2024-02-01,Employed,F,"$1,12,721.00",Urban,Married,$93.00,38,20,0,1,Special Auto,Special L2,2,Call Center,$265.31,Four-Door Car,Medsize
SK79760,Washington,18569.98,No,Extended,Bachelor,2024-02-01,Medical Leave,M,"$20,709.00",Suburban,Divorced,$163.00,16,63,0,2,Corporate Auto,Corporate L2,1,Branch,$926.78,SUV,Medsize
YB70005,Oregon,13186.71,No,Extended,College,2024-02-01,Employed,M,"$48,904.00",Rural,Married,$166.00,9,113,0,8,Special Auto,Special L2,1,Branch,$298.42,SUV,Large
PW51793,Oregon,9889.96,No,Extended,Bachelor,2024-02-01,Employed,M,"$71,442.00",Suburban,Divorced,$126.00,24,128,0,3,Personal Auto,Personal L2,1,Branch,"$1,486.42",Four-Door Car,Small
HM41195,Arizona,7757.54,No,Extended,High School or Below,2024-02-01,Medical Leave,M,"$30,923.00",Suburban,Married,$103.00,23,36,0,8,Personal Auto,Personal L3,4,Branch,$701.84,Four-Door Car,Large
BH43379,Oregon,4249.76,No,Extended,Bachelor,2024-02-01,Employed,F,"$40,092.00",Urban,Divorced,$112.00,23,120,2,1,Personal Auto,Personal L3,3,Branch,$291.44,Four-Door Car,Large
HH55884,Arizona,4719.45,No,Extended,College,2024-02-01,Disabled,M,"$13,871.00",Suburban,Single,$131.00,14,11,0,1,Personal Auto,Personal L1,1,Agent,$628.56,Four-Door Car,Medsize
UF44021,California,2846.47,No,Basic,Bachelor,2024-02-01,Unemployed,M,$0.00,Suburban,Single,$82.00,11,123,0,1,Personal Auto,Personal L2,1,Agent,$475.01,Two-Door Car,Medsize
AY18433,Washington,36966.81,No,Extended,High School or Below,2024-02-01,Employed,F,"$61,389.00",Rural,Married,$103.00,14,39,0,2,Special Auto,Special L2,4,Branch,$255.07,Two-Door Car,Medsize
NG94479,Arizona,3687.55,No,Basic,High School or Below,2024-02-01,Employed,F,"$94,289.00",Urban,Married,$92.00,7,12,0,1,Corporate Auto,Corporate L1,2,Branch,$248.91,Four-Door Car,Medsize
RT64920,Oregon,7931.3,No,Basic,Master,2024-02-01,Employed,M,"$75,379.00",Urban,Married,$99.00,11,117,0,7,Personal Auto,Personal L3,1,Web,$425.16,Four-Door Car,Medsize
QX67584,Nevada,11672.78,Yes,Basic,High School or Below,2024-02-01,Employed,F,"$86,569.00",Urban,Married,$146.00,4,59,0,3,Personal Auto,Personal L3,2,Branch,$499.26,SUV,Large
MW48891,Washington,10809.99,Yes,Basic,High School or Below,2024-02-01,Unemployed,F,$0.00,Suburban,Divorced,$151.00,16,126,0,3,Personal Auto,Personal L3,1,Web,$725.76,Sports Car,Medsize
GV47847,California,5880.2,No,Basic,High School or Below,2024-02-01,Unemployed,M,$0.00,Suburban,Single,$86.00,30,30,0,4,Personal Auto,Personal L2,4,Branch,$622.08,Two-Door Car,Medsize
LE85123,Oregon,25970.99,No,Basic,Bachelor,2024-02-01,Employed,M,"$48,092.00",Urban,Single,$89.00,8,74,2,2,Personal Auto,Personal L1,1,Call Center,$307.05,Four-Door Car,Medsize
QF76244,Oregon,3936.13,No,Basic,Doctor,2024-02-01,Employed,F,"$1,12,344.00",Urban,Married,$97.00,8,57,0,1,Personal Auto,Personal L3,4,Agent,$330.89,Four-Door Car,Medsize
GB59748,Arizona,8379.68,No,Extended,College,2024-02-01,Employed,F,"$66,716.00",Urban,Married,$104.00,4,46,0,4,Personal Auto,Personal L2,2,Web,$274.45,Four-Door Car,Medsize
US82810,California,24663.87,No,Extended,Bachelor,2024-02-01,Unemployed,F,$0.00,Suburban,Single,$171.00,24,131,0,2,Corporate Auto,Corporate L3,1,Agent,$822.96,SUV,Medsize
PO80505,Nevada,5701.42,No,Basic,College,2024-02-01,Disabled,F,"$19,130.00",Suburban,Married,$147.00,12,14,0,1,Personal Auto,Personal L3,1,Agent,$706.32,SUV,Medsize
ZZ49347,Oregon,3499.79,Yes,Basic,High School or Below,2024-02-01,Employed,M,"$97,768.00",Suburban,Married,$88.00,11,31,0,1,Personal Auto,Personal L3,2,Call Center,$421.20,Four-Door Car,Small
GU60969,Arizona,3161.72,No,Basic,Bachelor,2024-02-01,Retired,M,"$26,434.00",Suburban,Single,$90.00,3,127,0,1,Corporate Auto,Corporate L2,1,Agent,$434.16,Four-Door Car,Large
YA71207,California,11756.18,No,Basic,High School or Below,2024-02-01,Employed,F,"$40,622.00",Urban,Married,$99.00,14,4,0,2,Corporate Auto,Corporate L3,2,Web,$444.85,Two-Door Car,Large
CQ76030,Oregon,9416.15,No,Extended,High School or Below,2024-02-01,Disabled,M,"$35,794.00",Suburban,Married,$123.00,22,78,0,3,Personal Auto,Personal L3,2,Agent,$884.52,Four-Door Car,Small
OU88023,California,11422.09,No,Basic,High School or Below,2024-02-01,Unemployed,F,$0.00,Suburban,Single,$155.00,18,58,0,4,Personal Auto,Personal L3,1,Agent,$745.20,SUV,Large
GR42174,Oregon,2962.8,No,Basic,College,2024-02-01,Unemployed,M,$0.00,Suburban,Single,$84.00,15,65,0,1,Personal Auto,Personal L3,4,Call Center,$841.76,Four-Door Car,Medsize
CA29908,Oregon,25005.1,No,Basic,High School or Below,2024-02-01,Employed,M,"$88,969.00",Suburban,Married,$89.00,5,132,0,2,Personal Auto,Personal L3,3,Agent,$427.68,Four-Door Car,Medsize
OC39051,California,8314.44,No,Basic,College,2024-02-01,Unemployed,M,$0.00,Suburban,Single,$90.00,27,39,2,2,Personal Auto,Personal L3,1,Agent,$434.16,Four-Door Car,Medsize
FI75266,Oregon,10653.64,No,Basic,Bachelor,2024-02-01,Employed,M,"$38,370.00",Suburban,Married,$92.00,7,85,1,2,Corporate Auto,Corporate L1,3,Agent,$612.78,Four-Door Car,Large
BJ26599,Oregon,5671.11,No,Basic,Bachelor,2024-02-01,Retired,M,"$27,355.00",Suburban,Single,$85.00,42,3,0,7,Personal Auto,Personal L3,1,Agent,$504.16,Four-Door Car,Small
TQ24692,Oregon,11713.54,No,Basic,High School or Below,2024-02-01,Employed,M,"$1,02,889.00",Urban,Married,$97.00,9,65,0,2,Special Auto,Special L2,2,Web,$273.80,Four-Door Car,Medsize
UI73924,Oregon,3333.92,No,Basic,Bachelor,2024-02-01,Employed,F,"$74,597.00",Urban,Married,$86.00,0,104,3,1,Personal Auto,Personal L3,3,Agent,$282.95,Two-Door Car,Medsize
PK66498,California,11871.25,No,Basic,High School or Below,2024-02-01,Employed,M,"$98,411.00",Suburban,Married,$99.00,35,130,0,2,Personal Auto,Personal L3,1,Call Center,$685.41,Two-Door Car,Medsize
LD95617,California,6521.73,No,Basic,Bachelor,2024-02-01,Unemployed,M,$0.00,Suburban,Divorced,$97.00,4,86,0,3,Corporate Auto,Corporate L1,3,Agent,$466.56,Four-Door Car,Large
PD66941,Arizona,6018.45,Yes,Basic,Bachelor,2024-02-01,Retired,M,"$23,790.00",Suburban,Divorced,$88.00,1,49,1,3,Personal Auto,Personal L3,1,Agent,$421.20,Four-Door Car,Medsize
DO18118,Oregon,14845.56,No,Basic,High School or Below,2024-02-01,Unemployed,F,$0.00,Suburban,Single,$140.00,39,99,0,2,Personal Auto,Personal L2,3,Branch,"$1,010.88",SUV,Medsize
EW73451,Arizona,3499.79,Yes,Basic,High School or Below,2024-02-01,Employed,M,"$97,768.00",Suburban,Married,$88.00,11,31,0,1,Personal Auto,Personal L2,2,Call Center,$421.20,Four-Door Car,Small
QJ65091,Arizona,10809.99,Yes,Basic,High School or Below,2024-02-01,Unemployed,F,$0.00,Suburban,Divorced,$151.00,16,126,0,3,Corporate Auto,Corporate L1,1,Web,$725.76,Sports Car,Medsize
UH32376,Nevada,5450.69,No,Premium,Bachelor,2024-02-01,Medical Leave,M,"$29,141.00",Suburban,Married,$143.00,8,7,0,1,Personal Auto,Personal L3,1,Branch,"$1,425.99",Two-Door Car,Small
YU72630,Arizona,3499.79,Yes,Basic,High School or Below,2024-02-01,Employed,M,"$97,768.00",Suburban,Married,$88.00,11,31,0,1,Personal Auto,Personal L2,2,Call Center,$421.20,Four-Door Car,Small
HF15113,Oregon,6592.79,No,Basic,Bachelor,2024-02-01,Disabled,F,"$25,780.00",Suburban,Divorced,$86.00,23,7,0,3,Personal Auto,Personal L3,1,Web,$506.11,Two-Door Car,Medsize
RW61528,Nevada,18787.86,No,Premium,College,2024-02-01,Employed,F,"$70,771.00",Suburban,Single,$161.00,3,108,1,2,Corporate Auto,Corporate L1,1,Web,$771.12,Four-Door Car,Medsize
ID58230,California,6790.06,No,Basic,College,2024-02-01,Employed,F,"$84,066.00",Rural,Married,$85.00,41,70,0,3,Personal Auto,Personal L3,4,Agent,$34.40,Four-Door Car,Medsize
JM67025,Nevada,7060.63,No,Basic,High School or Below,2024-02-01,Employed,M,"$44,051.00",Urban,Married,$89.00,35,54,0,3,Personal Auto,Personal L2,1,Call Center,$274.00,Four-Door Car,Medsize
DS46955,California,3941.61,No,Basic,Master,2024-02-01,Employed,F,"$55,966.00",Urban,Married,$99.00,15,26,0,1,Personal Auto,Personal L2,4,Branch,$347.46,Four-Door Car,Medsize
WE88728,Arizona,9005.65,No,Premium,High School or Below,2024-02-01,Employed,F,"$76,317.00",Suburban,Married,$230.00,46,32,3,1,Corporate Auto,Corporate L3,2,Web,"$1,101.60",SUV,Medsize
ZX85480,Washington,10793.85,No,Basic,High School or Below,2024-02-01,Employed,F,"$90,025.00",Rural,Married,$90.00,47,68,2,2,Personal Auto,Personal L2,2,Call Center,$52.33,Two-Door Car,Large
RA14734,Arizona,11672.78,Yes,Basic,High School or Below,2024-02-01,Employed,F,"$86,569.00",Urban,Married,$146.00,4,59,0,3,Personal Auto,Personal L3,2,Branch,$499.26,SUV,Large
CD55111,California,40708.82,No,Extended,Master,2024-02-01,Employed,M,"$99,035.00",Rural,Married,$127.00,23,32,0,2,Corporate Auto,Corporate L3,2,Call Center,$144.70,Two-Door Car,Medsize
KT92231,Oregon,10403.14,No,Basic,Bachelor,2024-02-01,Unemployed,M,$0.00,Suburban,Single,$144.00,20,85,0,8,Personal Auto,Personal L1,1,Agent,"$1,711.41",Sports Car,Medsize
XR75319,Arizona,6462.3,No,Basic,College,2024-02-01,Employed,M,"$61,445.00",Urban,Married,$82.00,19,45,0,9,Personal Auto,Personal L3,2,Call Center,$319.82,Two-Door Car,Large
FW43809,Oregon,10809.99,Yes,Basic,High School or Below,2024-02-01,Unemployed,F,$0.00,Suburban,Divorced,$151.00,16,126,0,3,Personal Auto,Personal L2,1,Web,$725.76,Sports Car,Medsize
SO55284,Nevada,11672.78,Yes,Basic,High School or Below,2024-02-01,Employed,F,"$86,569.00",Urban,Married,$146.00,4,59,0,3,Personal Auto,Personal L1,2,Branch,$499.26,SUV,Large
OY34553,Nevada,32832.87,No,Basic,Bachelor,2024-02-01,Employed,F,"$81,298.00",Urban,Married,$90.00,4,23,0,2,Personal Auto,Personal L1,3,Agent,$322.06,Four-Door Car,Medsize
VZ43707,Nevada,11830.66,No,Extended,High School or Below,2024-02-01,Disabled,M,"$27,178.00",Suburban,Divorced,$116.00,7,82,3,2,Corporate Auto,Corporate L3,1,Branch,$557.28,Four-Door Car,Small
EW27959,California,10237.24,No,Basic,Bachelor,2024-02-01,Employed,F,"$60,300.00",Urban,Single,$88.00,34,72,0,2,Personal Auto,Personal L2,1,Web,$331.64,Four-Door Car,Medsize
MH14039,California,3499.79,Yes,Basic,High School or Below,2024-02-01,Employed,M,"$97,768.00",Suburban,Married,$88.00,11,31,0,1,Personal Auto,Personal L2,2,Call Center,$421.20,Four-Door Car,Small
KF80571,Arizona,3049.37,No,Basic,High School or Below,2024-02-01,Unemployed,M,$0.00,Suburban,Single,$88.00,11,63,0,1,Personal Auto,Personal L3,3,Agent,$844.40,Four-Door Car,Medsize
IA78643,Washington,10809.99,Yes,Basic,High School or Below,2024-02-01,Unemployed,F,$0.00,Suburban,Divorced,$151.00,16,126,0,3,Personal Auto,Personal L3,1,Web,$725.76,Sports Car,Medsize
TN61016,California,11802.34,No,Basic,High School or Below,2024-02-01,Employed,F,"$50,252.00",Suburban,Divorced,$100.00,11,31,0,2,Personal Auto,Personal L2,3,Agent,$479.52,Four-Door Car,Small
HQ87008,California,3547.27,No,Basic,Bachelor,2024-02-01,Employed,F,"$1,28,199.00",Suburban,Married,$90.00,14,65,4,1,Personal Auto,Personal L2,2,Agent,$434.16,Two-Door Car,Large
JV38934,Washington,3043.44,No,Basic,Bachelor,2024-02-01,Unemployed,F,$0.00,Suburban,Single,$88.00,4,128,1,1,Personal Auto,Personal L3,1,Branch,"$1,037.88",Four-Door Car,Medsize
HG60406,California,3808.96,No,Extended,College,2024-02-01,Unemployed,M,$0.00,Suburban,Single,$109.00,28,105,0,1,Personal Auto,Personal L1,3,Call Center,$787.32,Four-Door Car,Medsize
ED44765,Oregon,9946.33,No,Basic,High School or Below,2024-02-01,Employed,F,"$34,179.00",Suburban,Married,$85.00,5,11,2,2,Personal Auto,Personal L2,2,Call Center,$408.24,Four-Door Car,Small
HA56889,Nevada,5244.55,No,Basic,Bachelor,2024-02-01,Unemployed,F,$0.00,Suburban,Single,$154.00,47,12,0,1,Personal Auto,Personal L3,1,Agent,"$1,148.89",Sports Car,Small
UN50538,Oregon,8633.72,No,Extended,Bachelor,2024-02-01,Employed,F,"$98,100.00",Urban,Married,$108.00,3,78,0,9,Personal Auto,Personal L1,1,Agent,$517.36,Four-Door Car,Large
AX39008,Oregon,35253.04,No,Basic,Bachelor,2024-02-01,Employed,M,"$1,08,552.00",Urban,Divorced,$100.00,38,97,0,2,Personal Auto,Personal L3,3,Call Center,$355.03,Two-Door Car,Medsize
XT58648,Arizona,11672.78,Yes,Basic,High School or Below,2024-02-01,Employed,F,"$86,569.00",Urban,Married,$146.00,4,59,0,3,Personal Auto,Personal L2,2,Branch,$499.26,SUV,Large
LW50691,Nevada,12899.48,No,Premium,College,2024-02-01,Employed,F,"$1,29,963.00",Rural,Divorced,$159.00,3,70,0,8,Personal Auto,Personal L2,2,Web,$79.35,Four-Door Car,Medsize
KO73340,Oregon,3564.43,No,Basic,College,2024-02-01,Employed,M,"$1,04,354.00",Rural,Married,$89.00,15,96,0,1,Personal Auto,Personal L1,2,Branch,$205.03,Four-Door Car,Medsize
JR84006,Washington,3313.38,No,Basic,High School or Below,2024-02-01,Employed,M,"$1,00,742.00",Suburban,Married,$84.00,22,96,1,1,Personal Auto,Personal L2,2,Branch,$401.76,Four-Door Car,Medsize
RZ50353,California,8428.24,No,Extended,High School or Below,2024-02-01,Employed,M,"$77,941.00",Suburban,Divorced,$105.00,3,86,0,3,Personal Auto,Personal L2,4,Web,$505.44,Four-Door Car,Medsize
KL27226,California,8656.7,No,Extended,Bachelor,2024-02-01,Employed,M,"$79,348.00",Suburban,Divorced,$112.00,27,68,2,4,Personal Auto,Personal L3,3,Branch,$646.31,Four-Door Car,Medsize
QU75179,California,9649.29,No,Extended,Bachelor,2024-02-01,Employed,M,"$1,18,063.00",Rural,Married,$120.00,41,119,0,6,Personal Auto,Personal L3,1,Call Center,$82.24,Four-Door Car,Medsize
QG61936,California,6097.7,No,Extended,Master,2024-02-01,Unemployed,M,$0.00,Suburban,Married,$167.00,39,12,0,1,Corporate Auto,Corporate L3,2,Call Center,$803.52,SUV,Medsize
CJ63667,Oregon,42934.47,No,Basic,Master,2024-02-01,Disabled,F,"$34,645.00",Suburban,Married,$154.00,27,120,0,2,Corporate Auto,Corporate L3,2,Branch,$895.23,Sports Car,Medsize
GM88979,Oregon,6408.13,No,Premium,College,2024-02-01,Employed,F,"$72,968.00",Suburban,Married,$161.00,7,20,0,1,Personal Auto,Personal L2,3,Call Center,$771.12,Two-Door Car,Large
HW94513,Nevada,11449.77,No,Basic,High School or Below,2024-02-01,Employed,M,"$90,716.00",Urban,Divorced,$100.00,39,24,3,2,Personal Auto,Personal L3,1,Branch,$372.07,Two-Door Car,Medsize
SG46572,California,40271.02,No,Basic,High School or Below,2024-02-01,Unemployed,F,$0.00,Suburban,Divorced,$138.00,14,115,0,2,Personal Auto,Personal L3,2,Agent,$660.96,Sports Car,Medsize
YB57848,Oregon,13404.13,No,Extended,Doctor,2024-02-01,Employed,F,"$1,02,217.00",Rural,Single,$333.00,3,43,0,1,Personal Auto,Personal L3,1,Branch,$758.82,Luxury Car,Medsize
NB86692,Nevada,3632.14,No,Basic,College,2024-02-01,Employed,F,"$81,081.00",Urban,Married,$90.00,32,16,0,1,Personal Auto,Personal L3,4,Web,$432.85,Four-Door Car,Medsize
HG93801,Arizona,6958.93,No,Extended,High School or Below,2024-02-01,Employed,M,"$1,11,686.00",Urban,Married,$171.00,18,42,0,1,Corporate Auto,Corporate L3,2,Branch,$597.40,SUV,Large
CR40615,Arizona,4193.75,No,Extended,Bachelor,2024-02-01,Disabled,M,"$29,803.00",Suburban,Single,$115.00,41,72,0,1,Personal Auto,Personal L2,1,Web,$570.73,Four-Door Car,Medsize
NE52009,California,53407.45,No,Basic,College,2024-02-01,Employed,M,"$81,675.00",Suburban,Married,$149.00,36,124,0,2,Personal Auto,Personal L1,3,Branch,"$1,040.14",Sports Car,Small
DU68331,Oregon,9877.48,No,Basic,College,2024-02-01,Employed,F,"$41,166.00",Rural,Married,$84.00,20,76,1,2,Personal Auto,Personal L3,1,Branch,$145.93,Two-Door Car,Medsize
UF36353,Oregon,14734.18,No,Extended,College,2024-02-01,Employed,M,"$96,736.00",Rural,Married,$185.00,4,119,0,8,Special Auto,Special L3,3,Branch,$83.59,SUV,Medsize
YY12812,Nevada,11324.77,No,Basic,Bachelor,2024-02-01,Employed,F,"$1,17,616.00",Rural,Married,$93.00,18,117,0,2,Corporate Auto,Corporate L3,1,Agent,$159.93,Four-Door Car,Large
CE17855,Oregon,4372.55,No,Extended,Master,2024-02-01,Employed,F,"$92,806.00",Suburban,Married,$108.00,7,57,0,1,Personal Auto,Personal L3,4,Branch,$639.38,Four-Door Car,Medsize
NW14895,Arizona,17392.21,No,Basic,Bachelor,2024-02-01,Employed,M,"$1,04,583.00",Suburban,Divorced,$147.00,3,132,1,2,Personal Auto,Personal L2,1,Agent,"$1,022.18",SUV,Small
CK35310,Nevada,3833.42,No,Basic,High School or Below,2024-02-01,Employed,F,"$36,562.00",Suburban,Divorced,$99.00,20,78,1,1,Personal Auto,Personal L1,2,Web,$709.56,Four-Door Car,Small
NL75739,Arizona,10246.57,No,Basic,High School or Below,2024-02-01,Disabled,M,"$14,006.00",Suburban,Married,$89.00,14,128,0,2,Personal Auto,Personal L3,1,Branch,$427.68,Two-Door Car,Medsize
FW35631,Oregon,6567.11,No,Extended,Bachelor,2024-02-01,Employed,M,"$50,498.00",Suburban,Married,$165.00,31,51,1,1,Corporate Auto,Corporate L3,3,Call Center,"$1,532.20",SUV,Small
UE13511,Oregon,3460.84,No,Basic,High School or Below,2024-02-01,Unemployed,F,$0.00,Suburban,Married,$93.00,15,81,0,1,Corporate Auto,Corporate L1,1,Agent,$447.12,Four-Door Car,Small
ZK58906,California,22396.11,No,Premium,Bachelor,2024-02-01,Employed,M,"$80,209.00",Rural,Married,$189.00,46,76,0,2,Personal Auto,Personal L3,1,Call Center,$87.78,SUV,Medsize
SQ70457,Oregon,31497.97,No,Basic,Bachelor,2024-02-01,Employed,M,"$60,371.00",Suburban,Single,$89.00,8,74,0,2,Personal Auto,Personal L2,2,Branch,$427.68,Four-Door Car,Medsize
PK35830,Oregon,16682.11,No,Basic,Bachelor,2024-02-01,Unemployed,M,$0.00,Suburban,Single,$246.00,5,46,0,5,Personal Auto,Personal L2,1,Branch,"$2,637.74",Luxury SUV,Medsize
LX67597,Nevada,7715.67,No,Basic,Bachelor,2024-02-01,Employed,M,"$1,13,647.00",Urban,Single,$97.00,39,116,0,4,Personal Auto,Personal L1,1,Agent,$345.01,Four-Door Car,Small
AJ69060,California,19252.23,No,Extended,College,2024-02-01,Unemployed,M,$0.00,Rural,Married,$134.00,3,41,0,2,Personal Auto,Personal L1,4,Branch,$275.56,Two-Door Car,Medsize
GR32910,California,6985.83,No,Basic,College,2024-02-01,Employed,F,"$74,642.00",Rural,Married,$88.00,35,45,0,4,Personal Auto,Personal L3,2,Branch,$18.73,Four-Door Car,Medsize
MZ89625,California,12505.29,No,Premium,Bachelor,2024-02-01,Employed,F,"$31,559.00",Suburban,Married,$157.00,20,26,0,3,Personal Auto,Personal L3,2,Web,$751.68,Four-Door Car,Medsize
PG20605,Arizona,12583.73,No,Basic,College,2024-02-01,Unemployed,M,$0.00,Suburban,Single,$86.00,35,134,0,2,Personal Auto,Personal L3,3,Agent,$772.91,Four-Door Car,Large
MQ46375,Oregon,20682.3,No,Basic,Bachelor,2024-02-01,Employed,M,"$49,460.00",Suburban,Married,$259.00,38,70,0,3,Corporate Auto,Corporate L2,4,Branch,"$1,244.16",Luxury Car,Medsize
IK64989,Washington,6018.45,Yes,Basic,Bachelor,2024-02-01,Retired,M,"$23,790.00",Suburban,Divorced,$88.00,1,49,1,3,Personal Auto,Personal L2,1,Agent,$421.20,Four-Door Car,Medsize
ID30085,Arizona,10809.99,Yes,Basic,High School or Below,2024-02-01,Unemployed,F,$0.00,Suburban,Divorced,$151.00,16,126,0,3,Personal Auto,Personal L2,1,Web,$725.76,Sports Car,Medsize
XN25550,Oregon,7216.02,No,Extended,College,2024-02-01,Employed,M,"$75,021.00",Suburban,Married,$182.00,5,62,0,1,Personal Auto,Personal L2,4,Agent,"$1,221.50",SUV,Medsize
LF94282,Nevada,3894.26,No,Basic,Bachelor,2024-02-01,Employed,M,"$85,641.00",Rural,Married,$97.00,43,90,0,1,Personal Auto,Personal L2,2,Branch,$49.59,Two-Door Car,Medsize
MZ84108,Arizona,13302.59,No,Extended,Bachelor,2024-02-01,Employed,M,"$59,408.00",Urban,Single,$176.00,24,35,0,4,Personal Auto,Personal L3,1,Branch,$667.80,Sports Car,Medsize
UI62725,Oregon,7452.64,No,Basic,Bachelor,2024-02-01,Employed,M,"$1,27,813.00",Suburban,Divorced,$93.00,36,19,0,3,Corporate Auto,Corporate L3,2,Agent,$447.12,Four-Door Car,Medsize
JL95389,California,21003.9,No,Basic,Bachelor,2024-02-01,Employed,F,"$84,945.00",Suburban,Married,$262.00,35,108,0,7,Corporate Auto,Corporate L3,1,Agent,"$1,514.21",Luxury Car,Medsize
TT63451,California,28249.96,No,Basic,High School or Below,2024-02-01,Employed,F,"$59,862.00",Suburban,Married,$100.00,32,81,0,2,Personal Auto,Personal L3,4,Branch,$479.52,Four-Door Car,Medsize
IN28584,California,22276.44,No,Extended,Bachelor,2024-02-01,Employed,F,"$1,12,788.00",Rural,Married,$185.00,8,19,1,2,Personal Auto,Personal L2,1,Call Center,$102.15,SUV,Medsize
WK55963,California,10976.38,No,Basic,College,2024-02-01,Employed,M,"$82,399.00",Suburban,Married,$92.00,3,101,0,2,Corporate Auto,Corporate L3,3,Web,$557.89,Two-Door Car,Medsize
WT65970,California,9732.27,No,Extended,High School or Below,2024-02-01,Unemployed,F,$0.00,Suburban,Single,$134.00,0,72,0,5,Personal Auto,Personal L2,1,Agent,$965.30,Four-Door Car,Medsize
KU85991,California,3499.79,Yes,Basic,High School or Below,2024-02-01,Employed,M,"$97,768.00",Suburban,Married,$88.00,11,31,0,1,Corporate Auto,Corporate L3,2,Call Center,$421.20,Four-Door Car,Small
HJ62427,California,4755.35,No,Extended,College,2024-02-01,Employed,F,"$1,22,585.00",Rural,Married,$117.00,1,128,0,1,Personal Auto,Personal L1,1,Agent,$228.67,Four-Door Car,Medsize
VV57998,California,3451.51,No,Basic,Bachelor,2024-02-01,Unemployed,M,$0.00,Suburban,Single,$96.00,23,30,0,1,Corporate Auto,Corporate L2,1,Agent,$460.08,Four-Door Car,Medsize
SJ30138,California,5595.78,No,Basic,High School or Below,2024-02-01,Unemployed,M,$0.00,Suburban,Divorced,$159.00,16,119,0,1,Corporate Auto,Corporate L3,1,Call Center,$764.64,SUV,Medsize
AO77635,California,5407.72,No,Basic,College,2024-02-01,Employed,F,"$39,132.00",Rural,Married,$138.00,11,132,0,1,Personal Auto,Personal L2,3,Branch,$331.69,SUV,Medsize
WN91223,California,14948.69,No,Extended,Master,2024-02-01,Employed,M,"$1,11,789.00",Urban,Divorced,$124.00,20,27,0,2,Personal Auto,Personal L3,3,Agent,$408.32,Four-Door Car,Medsize
YP16210,California,7935.9,No,Basic,College,2024-02-01,Employed,F,"$34,287.00",Suburban,Married,$100.00,31,3,0,3,Personal Auto,Personal L3,4,Branch,$628.99,Four-Door Car,Large
GE62437,Arizona,17418.46,No,Premium,College,2024-02-02,Employed,F,"$1,16,888.00",Suburban,Single,$150.00,45,73,2,2,Personal Auto,Personal L3,1,Call Center,$719.28,Four-Door Car,Large
CR48975,Washington,32514.12,No,Basic,High School or Below,2024-02-02,Employed,M,"$88,015.00",Suburban,Married,$90.00,0,73,0,2,Personal Auto,Personal L2,4,Branch,$534.71,Four-Door Car,Medsize
DE21533,California,7388.77,No,Basic,Bachelor,2024-02-02,Employed,M,"$1,26,725.00",Suburban,Divorced,$93.00,1,130,0,8,Personal Auto,Personal L2,1,Call Center,$447.12,Four-Door Car,Medsize
IA63417,Arizona,5402.05,No,Premium,High School or Below,2024-02-02,Retired,F,"$26,706.00",Suburban,Divorced,$146.00,18,89,0,1,Personal Auto,Personal L3,3,Web,"$1,044.19",Two-Door Car,Medsize
GU66096,Arizona,7367.41,No,Basic,High School or Below,2024-02-02,Employed,M,"$1,27,887.00",Suburban,Married,$90.00,31,88,0,4,Personal Auto,Personal L2,2,Agent,$434.16,Four-Door Car,Medsize
NB79936,Washington,11268.43,No,Premium,Bachelor,2024-02-02,Employed,M,"$65,150.00",Rural,Single,$146.00,19,107,0,3,Personal Auto,Personal L2,1,Branch,$99.50,Two-Door Car,Medsize
YR34119,Washington,42068.36,No,Basic,College,2024-02-02,Employed,F,"$41,737.00",Rural,Married,$151.00,9,88,0,2,Personal Auto,Personal L1,1,Agent,$270.16,SUV,Small
YM18992,California,3826.77,No,Basic,College,2024-02-02,Employed,F,"$33,083.00",Suburban,Divorced,$96.00,9,63,0,1,Personal Auto,Personal L1,1,Agent,$690.12,Two-Door Car,Medsize
JA34909,California,3674.98,Yes,Basic,College,2024-02-02,Medical Leave,F,"$23,728.00",Suburban,Married,$96.00,39,95,0,1,Corporate Auto,Corporate L3,2,Call Center,$537.98,Four-Door Car,Medsize
LL45497,Washington,3358.44,No,Basic,College,2024-02-02,Employed,F,"$90,831.00",Suburban,Married,$84.00,39,36,0,1,Personal Auto,Personal L2,2,Web,$401.76,Two-Door Car,Medsize
CU26127,California,21135.65,No,Extended,Bachelor,2024-02-02,Employed,F,"$96,837.00",Urban,Single,$176.00,16,68,0,2,Corporate Auto,Corporate L2,1,Branch,$809.53,SUV,Medsize
JQ56711,Oregon,7996.21,No,Basic,Master,2024-02-02,Employed,F,"$1,24,420.00",Rural,Married,$99.00,4,107,0,6,Personal Auto,Personal L3,3,Web,$89.87,Two-Door Car,Medsize
QV59143,Washington,11119.84,No,Premium,High School or Below,2024-02-02,Unemployed,F,$0.00,Suburban,Married,$143.00,15,20,0,6,Special Auto,Special L2,1,Web,$814.13,Four-Door Car,Large
EJ19449,California,3674.98,Yes,Basic,College,2024-02-02,Medical Leave,F,"$23,728.00",Suburban,Married,$96.00,39,95,0,1,Special Auto,Special L2,2,Call Center,$537.98,Four-Door Car,Medsize
GO77248,Oregon,6752.06,No,Basic,College,2024-02-02,Unemployed,F,$0.00,Suburban,Single,$97.00,4,76,0,3,Personal Auto,Personal L3,1,Agent,$731.89,Four-Door Car,Small
OU79745,California,10286.3,No,Premium,College,2024-02-02,Unemployed,M,$0.00,Suburban,Divorced,$142.00,7,57,0,5,Personal Auto,Personal L3,1,Agent,$680.40,Four-Door Car,Medsize
MB51200,Washington,25743.82,No,Premium,College,2024-02-02,Unemployed,M,$0.00,Suburban,Single,$138.00,39,97,2,2,Personal Auto,Personal L3,1,Branch,$991.44,Four-Door Car,Medsize
TV25678,Washington,4780.22,No,Basic,College,2024-02-02,Unemployed,M,$0.00,Suburban,Single,$136.00,32,15,0,1,Personal Auto,Personal L3,4,Web,$981.72,SUV,Medsize
JH62891,Oregon,6991.25,No,Basic,College,2024-02-02,Employed,F,"$90,373.00",Rural,Married,$88.00,45,14,1,7,Special Auto,Special L2,3,Call Center,$71.66,Four-Door Car,Medsize
CU36986,California,5622.97,No,Premium,High School or Below,2024-02-02,Employed,F,"$75,461.00",Suburban,Married,$140.00,45,7,0,1,Personal Auto,Personal L1,1,Branch,$673.92,Four-Door Car,Medsize
OT52034,California,5217.45,No,Extended,Bachelor,2024-02-02,Employed,M,"$32,675.00",Suburban,Married,$134.00,34,55,1,1,Personal Auto,Personal L3,2,Branch,$954.86,Four-Door Car,Medsize
WL99637,Arizona,10279.09,No,Extended,Bachelor,2024-02-02,Employed,M,"$36,846.00",Suburban,Married,$130.00,27,74,0,6,Personal Auto,Personal L3,2,Web,$633.19,Two-Door Car,Medsize
PP80817,California,11236.77,No,Basic,High School or Below,2024-02-02,Employed,F,"$80,846.00",Rural,Married,$140.00,41,1,0,4,Personal Auto,Personal L2,1,Agent,$96.83,Sports Car,Medsize
GW14109,California,51970.88,No,Extended,High School or Below,2024-02-02,Employed,F,"$65,352.00",Urban,Single,$167.00,18,81,0,2,Special Auto,Special L3,1,Agent,$466.04,SUV,Medsize
QI37869,California,10222.52,No,Premium,College,2024-02-02,Disabled,M,"$17,383.00",Urban,Married,$144.00,11,122,2,3,Corporate Auto,Corporate L3,1,Call Center,$575.05,Four-Door Car,Large
YF80144,Washington,27979.26,No,Premium,Bachelor,2024-02-02,Disabled,M,"$20,964.00",Suburban,Married,$369.00,1,86,0,9,Personal Auto,Personal L3,3,Branch,"$2,653.56",Luxury SUV,Small
WT71621,Washington,4428.62,No,Extended,Bachelor,2024-02-02,Employed,F,"$85,451.00",Urban,Married,$111.00,1,45,0,1,Personal Auto,Personal L3,2,Web,$339.87,Four-Door Car,Medsize
HB99061,Arizona,7225.45,No,Extended,High School or Below,2024-02-02,Employed,F,"$1,31,952.00",Rural,Married,$178.00,8,70,0,1,Corporate Auto,Corporate L3,4,Branch,$269.45,SUV,Medsize
BU53191,Arizona,11926.34,No,Basic,Bachelor,2024-02-02,Employed,F,"$46,080.00",Rural,Divorced,$150.00,0,97,0,7,Personal Auto,Personal L1,1,Call Center,$306.41,SUV,Small
SG73822,California,11804.2,No,Premium,Bachelor,2024-02-02,Employed,F,"$1,34,348.00",Rural,Divorced,$147.00,3,126,0,3,Personal Auto,Personal L2,2,Agent,$323.87,Four-Door Car,Medsize
PG42834,Arizona,8495.19,No,Extended,Bachelor,2024-02-02,Employed,F,"$35,879.00",Rural,Married,$107.00,12,54,0,7,Personal Auto,Personal L2,3,Agent,$99.52,Four-Door Car,Medsize
KA32645,Nevada,7790.42,No,Extended,College,2024-02-02,Unemployed,M,$0.00,Suburban,Single,$112.00,28,90,0,8,Personal Auto,Personal L2,1,Branch,"$1,277.57",Four-Door Car,Medsize
IH48064,Washington,12258.38,No,Basic,High School or Below,2024-02-02,Employed,M,"$91,899.00",Suburban,Married,$154.00,22,85,0,8,Personal Auto,Personal L3,3,Agent,$738.72,SUV,Medsize
ZG19911,California,3445.51,No,Basic,Bachelor,2024-02-02,Employed,F,"$47,451.00",Rural,Married,$86.00,35,45,0,1,Personal Auto,Personal L2,4,Web,$162.64,Two-Door Car,Medsize
NY91328,California,12190.11,No,Extended,Bachelor,2024-02-02,Retired,F,"$22,912.00",Suburban,Divorced,$169.00,23,120,0,5,Personal Auto,Personal L3,1,Agent,$810.00,SUV,Large
UI53874,Arizona,9848.04,No,Basic,Doctor,2024-02-02,Unemployed,F,$0.00,Suburban,Divorced,$90.00,18,123,0,2,Personal Auto,Personal L3,1,Agent,$434.16,Four-Door Car,Medsize
XK11432,Arizona,6297.92,No,Basic,Bachelor,2024-02-02,Unemployed,M,$0.00,Suburban,Married,$84.00,35,84,0,3,Personal Auto,Personal L2,1,Branch,$401.76,Two-Door Car,Small
AJ89107,Arizona,9921.59,No,Extended,High School or Below,2024-02-02,Employed,M,"$36,547.00",Suburban,Married,$126.00,32,36,0,8,Personal Auto,Personal L3,4,Branch,$763.20,Four-Door Car,Large
MC38650,Nevada,5350.58,No,Extended,High School or Below,2024-02-02,Employed,M,"$1,19,746.00",Rural,Married,$134.00,9,5,0,1,Personal Auto,Personal L3,2,Call Center,$231.97,Two-Door Car,Medsize
UP60200,California,35878.03,No,Premium,Bachelor,2024-02-02,Employed,M,"$1,17,453.00",Rural,Married,$149.00,36,41,0,2,Personal Auto,Personal L2,1,Call Center,$269.80,Two-Door Car,Medsize
NQ71171,California,6894.55,No,Basic,Bachelor,2024-02-02,Employed,M,"$94,735.00",Rural,Married,$86.00,24,108,0,7,Personal Auto,Personal L2,1,Agent,$174.02,Four-Door Car,Medsize
HB43486,Washington,13090.34,No,Extended,College,2024-02-02,Employed,F,"$1,17,221.00",Urban,Single,$166.00,24,7,0,3,Personal Auto,Personal L2,1,Agent,$648.72,SUV,Medsize
VG74039,Oregon,3225.08,No,Basic,Bachelor,2024-02-02,Unemployed,F,$0.00,Suburban,Married,$88.00,11,7,0,1,Personal Auto,Personal L2,1,Agent,$615.12,Four-Door Car,Small
YG11074,Arizona,6473.16,No,Extended,Bachelor,2024-02-02,Employed,F,"$62,293.00",Rural,Divorced,$165.00,20,115,0,1,Personal Auto,Personal L2,1,Call Center,$301.09,SUV,Medsize
JM93892,Arizona,8036.84,No,Basic,College,2024-02-02,Employed,M,"$82,358.00",Rural,Married,$100.00,8,134,0,9,Corporate Auto,Corporate L3,2,Branch,$99.79,Four-Door Car,Medsize
XX53620,Oregon,3903.22,No,Basic,Bachelor,2024-02-02,Employed,F,"$1,08,797.00",Rural,Married,$96.00,5,26,0,1,Corporate Auto,Corporate L3,4,Branch,$181.11,Four-Door Car,Small
IM41800,Nevada,11162.17,No,Basic,College,2024-02-02,Employed,M,"$1,28,816.00",Suburban,Married,$95.00,8,82,3,2,Personal Auto,Personal L3,3,Web,$453.60,Four-Door Car,Medsize
HB24005,California,3168.51,No,Basic,College,2024-02-02,Employed,M,"$42,683.00",Urban,Single,$84.00,23,39,1,1,Personal Auto,Personal L1,1,Agent,$329.76,Four-Door Car,Small
QW40898,Arizona,3674.98,Yes,Basic,College,2024-02-02,Medical Leave,F,"$23,728.00",Suburban,Married,$96.00,39,95,0,1,Personal Auto,Personal L1,2,Call Center,$537.98,Four-Door Car,Medsize
UR34922,California,7605.55,No,Basic,Doctor,2024-02-02,Employed,M,"$88,094.00",Urban,Divorced,$97.00,4,88,2,3,Personal Auto,Personal L3,1,Agent,$433.97,Four-Door Car,Small
NP88319,Oregon,9375.77,No,Basic,High School or Below,2024-02-02,Disabled,F,"$21,398.00",Suburban,Married,$82.00,38,19,0,2,Corporate Auto,Corporate L3,4,Call Center,$424.61,Two-Door Car,Medsize
GD86131,California,3674.98,Yes,Basic,College,2024-02-02,Medical Leave,F,"$23,728.00",Suburban,Married,$96.00,39,95,0,1,Corporate Auto,Corporate L2,2,Call Center,$537.98,Four-Door Car,Medsize
FT65961,California,6698.98,No,Basic,College,2024-02-02,Employed,F,"$31,455.00",Suburban,Married,$85.00,4,47,1,4,Corporate Auto,Corporate L3,3,Branch,$458.87,Four-Door Car,Small
TF77410,Arizona,6505.9,No,Basic,College,2024-02-02,Employed,M,"$1,00,886.00",Suburban,Single,$82.00,24,113,0,6,Personal Auto,Personal L3,2,Branch,$568.67,Four-Door Car,Small
MT41386,Washington,3881.83,No,Basic,Bachelor,2024-02-02,Employed,M,"$1,14,437.00",Rural,Married,$97.00,8,42,0,1,Personal Auto,Personal L3,4,Agent,$149.15,Two-Door Car,Medsize
SG96896,Oregon,19849.23,No,Basic,High School or Below,2024-02-02,Unemployed,M,$0.00,Suburban,Single,$96.00,22,41,1,2,Personal Auto,Personal L3,1,Call Center,"$1,106.43",Four-Door Car,Small
NX18821,Oregon,7512.39,No,Basic,Master,2024-02-02,Employed,M,"$67,275.00",Suburban,Married,$93.00,7,100,0,7,Personal Auto,Personal L3,3,Agent,$447.12,Four-Door Car,Small
KZ95954,Arizona,7257.14,No,Extended,High School or Below,2024-02-02,Unemployed,M,$0.00,Suburban,Single,$108.00,18,77,1,4,Personal Auto,Personal L2,3,Branch,"$1,011.33",Four-Door Car,Medsize
DQ71306,Oregon,4927.04,No,Extended,High School or Below,2024-02-02,Medical Leave,M,"$25,668.00",Suburban,Married,$128.00,1,78,0,1,Corporate Auto,Corporate L1,3,Call Center,$615.60,Four-Door Car,Medsize
GN64199,Oregon,3580.59,No,Basic,Doctor,2024-02-02,Unemployed,F,$0.00,Suburban,Single,$99.00,3,47,0,1,Personal Auto,Personal L2,1,Branch,$662.43,Four-Door Car,Medsize
OJ41819,Oregon,6546.02,No,Basic,College,2024-02-02,Unemployed,F,$0.00,Suburban,Divorced,$89.00,15,81,0,3,Personal Auto,Personal L1,3,Call Center,$427.68,Four-Door Car,Small
SB44315,Arizona,4065.32,No,Extended,College,2024-02-02,Employed,M,"$52,664.00",Suburban,Married,$105.00,36,134,2,1,Personal Auto,Personal L3,1,Agent,$505.44,Four-Door Car,Medsize
RI52095,Washington,10274.23,No,Basic,High School or Below,2024-02-02,Employed,M,"$70,035.00",Suburban,Single,$89.00,14,22,1,2,Personal Auto,Personal L3,2,Branch,$427.68,Four-Door Car,Medsize
TJ90326,California,18265.54,No,Extended,Doctor,2024-02-02,Employed,F,"$1,01,300.00",Rural,Married,$115.00,7,36,2,2,Personal Auto,Personal L3,2,Call Center,$243.75,Four-Door Car,Small
BN14307,Oregon,6335.09,No,Basic,College,2024-02-02,Unemployed,M,$0.00,Suburban,Single,$93.00,32,31,0,8,Personal Auto,Personal L2,2,Call Center,$741.52,Two-Door Car,Medsize
CW27031,Washington,18158.79,No,Extended,High School or Below,2024-02-02,Unemployed,F,$0.00,Suburban,Single,$170.00,9,108,0,2,Corporate Auto,Corporate L2,1,Agent,"$1,224.72",SUV,Medsize
MY98825,California,10876.81,No,Basic,Bachelor,2024-02-02,Employed,F,"$86,810.00",Rural,Divorced,$92.00,47,95,0,2,Corporate Auto,Corporate L2,3,Web,$88.39,Two-Door Car,Medsize
AA10041,California,10667.35,No,Basic,High School or Below,2024-02-02,Unemployed,M,$0.00,Suburban,Single,$153.00,47,112,0,5,Personal Auto,Personal L3,1,Call Center,"$1,698.74",SUV,Medsize
CH81088,Oregon,5023.43,No,Extended,Bachelor,2024-02-02,Employed,F,"$96,300.00",Urban,Married,$126.00,12,124,0,1,Personal Auto,Personal L3,2,Call Center,$464.07,Four-Door Car,Medsize
NN76284,California,3263.98,No,Basic,College,2024-02-02,Unemployed,F,$0.00,Suburban,Married,$88.00,22,122,0,1,Corporate Auto,Corporate L2,1,Branch,$631.80,Four-Door Car,Medsize
CG33085,Oregon,18032.55,No,Extended,Doctor,2024-02-02,Unemployed,M,$0.00,Suburban,Divorced,$167.00,18,1,0,2,Personal Auto,Personal L3,3,Agent,$939.65,SUV,Medsize
QL18084,Nevada,24980.78,No,Extended,Master,2024-02-02,Employed,M,"$1,23,212.00",Urban,Married,$309.00,43,84,0,5,Corporate Auto,Corporate L2,2,Agent,$995.95,Luxury Car,Small
HW97280,California,26302.37,No,Extended,High School or Below,2024-02-02,Employed,M,"$1,00,305.00",Urban,Married,$165.00,31,51,0,2,Personal Auto,Personal L3,2,Web,$478.65,SUV,Medsize
AP90638,Arizona,19270.65,No,Extended,High School or Below,2024-02-02,Unemployed,M,$0.00,Suburban,Single,$113.00,47,57,0,2,Personal Auto,Personal L1,4,Call Center,$816.48,Four-Door Car,Medsize
YV73432,Oregon,31302.65,No,Basic,College,2024-02-02,Employed,M,"$78,929.00",Suburban,Married,$89.00,9,107,1,2,Personal Auto,Personal L3,4,Branch,$427.68,Two-Door Car,Medsize
HU99414,Oregon,19232.3,No,Extended,High School or Below,2024-02-02,Unemployed,M,$0.00,Suburban,Single,$279.00,18,92,0,6,Personal Auto,Personal L3,2,Agent,"$2,012.04",Luxury Car,Small
ZQ96022,Oregon,12952.95,No,Extended,College,2024-02-02,Employed,F,"$42,418.00",Suburban,Married,$109.00,7,128,0,2,Personal Auto,Personal L3,3,Web,$524.88,Two-Door Car,Medsize
SM42728,California,21498.83,No,Extended,College,2024-02-02,Employed,M,"$46,514.00",Suburban,Married,$182.00,11,93,0,2,Personal Auto,Personal L2,2,Call Center,$874.80,SUV,Medsize
ZM52280,Arizona,16163.26,No,Basic,Bachelor,2024-02-02,Unemployed,M,$0.00,Suburban,Single,$251.00,0,90,2,5,Personal Auto,Personal L2,1,Web,"$1,946.49",Luxury SUV,Large
JO63956,California,11686.14,No,Basic,College,2024-02-02,Employed,M,"$1,12,543.00",Suburban,Married,$147.00,36,9,1,4,Personal Auto,Personal L1,2,Branch,$706.32,SUV,Medsize
NT75612,Oregon,26107.01,No,Basic,College,2024-02-02,Employed,F,"$30,758.00",Urban,Married,$95.00,15,92,0,2,Personal Auto,Personal L2,2,Agent,$303.62,Four-Door Car,Medsize
YL91288,California,12046.26,No,Basic,Master,2024-02-02,Employed,F,"$1,32,359.00",Urban,Single,$99.00,7,72,0,2,Personal Auto,Personal L2,3,Branch,$468.90,Four-Door Car,Small
JF73533,Nevada,13480.24,No,Extended,College,2024-02-02,Employed,M,"$48,962.00",Suburban,Single,$116.00,3,30,1,2,Personal Auto,Personal L3,2,Agent,$717.07,Four-Door Car,Small
DZ48278,Nevada,3852.24,No,Basic,High School or Below,2024-02-02,Employed,M,"$52,377.00",Urban,Married,$97.00,32,65,0,1,Personal Auto,Personal L3,2,Web,$449.48,Four-Door Car,Medsize
EE98024,California,5719.01,No,Premium,College,2024-02-02,Medical Leave,F,"$34,919.00",Suburban,Married,$147.00,27,76,0,1,Personal Auto,Personal L2,1,Agent,$706.32,Four-Door Car,Small
VA35421,Nevada,6996.97,No,Basic,Master,2024-02-02,Employed,F,"$1,12,761.00",Rural,Married,$86.00,26,36,1,3,Personal Auto,Personal L1,2,Branch,$52.82,Two-Door Car,Large
DO83789,Arizona,7028.14,No,Basic,College,2024-02-02,Employed,F,"$96,742.00",Suburban,Married,$88.00,9,124,0,4,Personal Auto,Personal L3,4,Branch,$421.20,Four-Door Car,Small
KA77514,Washington,3691.1,No,Basic,High School or Below,2024-02-02,Employed,M,"$47,068.00",Urban,Married,$93.00,20,22,0,1,Corporate Auto,Corporate L1,3,Call Center,$345.53,Four-Door Car,Medsize
BC34309,California,3287.45,No,Basic,Master,2024-02-02,Employed,F,"$86,860.00",Rural,Single,$82.00,5,109,0,1,Personal Auto,Personal L2,1,Agent,$107.91,Four-Door Car,Small
ON34922,Oregon,7227.81,No,Basic,High School or Below,2024-02-02,Employed,M,"$83,557.00",Urban,Married,$90.00,30,51,0,4,Personal Auto,Personal L3,3,Branch,$360.45,Four-Door Car,Small
UH76090,California,11904.37,No,Extended,Bachelor,2024-02-02,Unemployed,F,$0.00,Suburban,Single,$184.00,42,101,4,3,Personal Auto,Personal L1,1,Call Center,"$1,670.30",SUV,Medsize
KJ48497,Oregon,10147.66,No,Basic,High School or Below,2024-02-02,Unemployed,F,$0.00,Suburban,Single,$143.00,9,53,0,6,Personal Auto,Personal L2,1,Agent,"$1,148.30",SUV,Medsize
TS31001,Oregon,35429.21,No,Basic,Bachelor,2024-02-02,Employed,M,"$75,202.00",Rural,Divorced,$153.00,11,78,0,2,Personal Auto,Personal L3,2,Branch,$202.38,SUV,Medsize
MU97512,Oregon,9988.48,No,Basic,Bachelor,2024-02-02,Employed,M,"$36,967.00",Suburban,Married,$254.00,45,34,0,1,Corporate Auto,Corporate L2,4,Branch,"$1,218.24",Luxury Car,Medsize
JS64688,Oregon,3504.4,No,Basic,High School or Below,2024-02-02,Employed,M,"$65,621.00",Suburban,Divorced,$90.00,24,16,0,1,Personal Auto,Personal L1,2,Agent,$434.16,Four-Door Car,Medsize
XT55646,Arizona,5978.64,No,Basic,Bachelor,2024-02-02,Medical Leave,M,"$24,655.00",Suburban,Married,$158.00,1,24,0,1,Personal Auto,Personal L2,1,Branch,"$1,023.75",SUV,Medsize
JW44963,Arizona,7354.58,No,Basic,College,2024-02-02,Employed,F,"$74,902.00",Urban,Single,$95.00,35,62,0,3,Personal Auto,Personal L1,4,Web,$311.73,Four-Door Car,Medsize
MF65419,Oregon,5372.44,No,Basic,Bachelor,2024-02-02,Unemployed,M,$0.00,Suburban,Single,$157.00,43,77,0,1,Personal Auto,Personal L3,1,Branch,"$1,127.52",Sports Car,Medsize
GI14815,Washington,21275.49,No,Basic,College,2024-02-02,Employed,M,"$75,330.00",Suburban,Married,$89.00,16,123,0,2,Personal Auto,Personal L3,4,Agent,$638.99,Two-Door Car,Medsize
EK87467,Arizona,3674.98,Yes,Basic,College,2024-02-02,Medical Leave,F,"$23,728.00",Suburban,Married,$96.00,39,95,0,1,Personal Auto,Personal L3,2,Call Center,$537.98,Four-Door Car,Medsize
EY19523,Washington,3150.37,No,Basic,Bachelor,2024-02-02,Disabled,M,"$34,792.00",Suburban,Divorced,$86.00,18,70,0,1,Personal Auto,Personal L2,1,Call Center,$414.72,Four-Door Car,Large
JG74360,Arizona,6154.61,No,Basic,College,2024-02-02,Employed,M,"$50,907.00",Suburban,Married,$157.00,26,53,0,1,Corporate Auto,Corporate L2,2,Call Center,$751.68,SUV,Medsize
CX58204,Nevada,10907.77,No,Basic,High School or Below,2024-02-02,Disabled,F,"$17,618.00",Suburban,Married,$138.00,1,104,0,6,Personal Auto,Personal L1,1,Agent,$991.44,SUV,Medsize
FK17363,Washington,6957.97,No,Extended,High School or Below,2024-02-02,Employed,F,"$75,121.00",Suburban,Divorced,$174.00,31,45,0,1,Personal Auto,Personal L1,1,Call Center,$835.92,SUV,Medsize
RH96816,Arizona,3965.17,No,Extended,Bachelor,2024-02-02,Unemployed,F,$0.00,Suburban,Divorced,$109.00,22,93,0,1,Personal Auto,Personal L2,1,Call Center,$524.88,Two-Door Car,Medsize
YD71702,Oregon,4262.69,No,Extended,Bachelor,2024-02-02,Employed,M,"$62,984.00",Urban,Single,$111.00,36,27,0,1,Personal Auto,Personal L2,1,Agent,$454.81,Four-Door Car,Medsize
YQ42353,Oregon,7201.15,No,Basic,Doctor,2024-02-02,Employed,M,"$98,496.00",Rural,Single,$92.00,15,23,1,5,Personal Auto,Personal L2,1,Branch,$193.77,Four-Door Car,Medsize
CP67787,California,21514.38,No,Extended,Bachelor,2024-02-02,Unemployed,F,$0.00,Suburban,Divorced,$103.00,9,113,0,2,Personal Auto,Personal L1,2,Agent,$492.48,Four-Door Car,Medsize
OX61728,California,39159.01,No,Basic,High School or Below,2024-02-02,Employed,F,"$54,340.00",Suburban,Divorced,$140.00,16,81,0,2,Personal Auto,Personal L3,1,Agent,$673.92,Sports Car,Medsize
VI55112,Oregon,18988.16,No,Basic,College,2024-02-02,Employed,M,"$34,121.00",Urban,Single,$82.00,7,108,0,2,Corporate Auto,Corporate L1,3,Agent,$289.23,Four-Door Car,Medsize
TP12436,Oregon,7194.32,No,Basic,Master,2024-02-02,Unemployed,F,$0.00,Suburban,Divorced,$97.00,24,53,0,4,Personal Auto,Personal L2,2,Agent,$466.56,Four-Door Car,Large
WU76366,Arizona,6728.26,No,Basic,Bachelor,2024-02-02,Employed,M,"$38,780.00",Suburban,Divorced,$88.00,18,119,0,3,Personal Auto,Personal L1,1,Agent,$631.80,Four-Door Car,Small
US29010,Oregon,4786.31,No,Basic,Bachelor,2024-02-02,Unemployed,M,$0.00,Suburban,Single,$157.00,31,19,3,1,Corporate Auto,Corporate L2,2,Call Center,"$1,127.52",SUV,Medsize
JM35350,California,7431.98,No,Basic,College,2024-02-02,Retired,F,"$21,125.00",Suburban,Married,$99.00,39,92,1,5,Special Auto,Special L3,2,Agent,$557.91,Two-Door Car,Medsize
YB91420,Oregon,10599.32,No,Basic,Bachelor,2024-02-02,Employed,F,"$43,504.00",Suburban,Married,$89.00,31,122,0,2,Personal Auto,Personal L1,3,Agent,$427.68,Four-Door Car,Medsize
XX73066,Arizona,7102.49,No,Basic,Master,2024-02-02,Employed,M,"$58,479.00",Rural,Married,$89.00,47,38,0,5,Personal Auto,Personal L2,2,Branch,$66.06,Four-Door Car,Medsize
OH69760,Arizona,6994.42,No,Basic,College,2024-02-02,Unemployed,F,$0.00,Suburban,Married,$95.00,5,86,0,7,Personal Auto,Personal L1,1,Branch,$453.60,Four-Door Car,Large
MR52230,Oregon,14349.61,No,Extended,Doctor,2024-02-02,Employed,M,"$76,407.00",Rural,Married,$119.00,39,39,0,2,Personal Auto,Personal L2,4,Web,$125.51,Four-Door Car,Medsize
DY81347,California,6365.88,No,Extended,High School or Below,2024-02-02,Unemployed,F,$0.00,Suburban,Married,$170.00,18,123,0,1,Personal Auto,Personal L3,2,Web,$937.38,SUV,Medsize
LJ88616,Arizona,13322.6,No,Extended,High School or Below,2024-02-02,Unemployed,M,$0.00,Suburban,Single,$134.00,34,31,0,2,Personal Auto,Personal L1,2,Agent,$962.28,Four-Door Car,Medsize
JL70559,Arizona,7169.66,No,Basic,College,2024-02-02,Unemployed,F,$0.00,Suburban,Married,$97.00,23,15,1,3,Personal Auto,Personal L1,1,Branch,$466.56,Four-Door Car,Small
YK83904,Nevada,3490.51,No,Basic,High School or Below,2024-02-02,Employed,F,"$87,199.00",Suburban,Married,$86.00,16,77,0,1,Personal Auto,Personal L2,2,Branch,$414.72,Four-Door Car,Medsize
CN53343,Arizona,3845.56,No,Extended,Bachelor,2024-02-02,Unemployed,F,$0.00,Suburban,Single,$109.00,35,78,0,1,Personal Auto,Personal L3,1,Branch,$787.32,Four-Door Car,Medsize
EK58626,Oregon,4808.15,No,Basic,Bachelor,2024-02-02,Unemployed,M,$0.00,Suburban,Single,$142.00,4,41,0,1,Personal Auto,Personal L3,4,Web,$680.40,SUV,Medsize
TY59969,Arizona,3242.93,No,Basic,College,2024-02-02,Employed,M,"$58,382.00",Rural,Single,$84.00,26,120,0,1,Personal Auto,Personal L2,1,Agent,$70.79,Four-Door Car,Medsize
KN32615,Arizona,5823.01,No,Extended,College,2024-02-02,Unemployed,F,$0.00,Suburban,Single,$170.00,3,130,2,1,Personal Auto,Personal L2,1,Branch,$886.37,SUV,Large
HX96638,Arizona,2771.48,No,Basic,College,2024-02-02,Unemployed,M,$0.00,Suburban,Single,$90.00,45,28,2,1,Personal Auto,Personal L3,3,Agent,"$1,088.34",Four-Door Car,Large
ME35315,Washington,10471.02,No,Basic,College,2024-02-02,Unemployed,M,$0.00,Suburban,Single,$100.00,32,85,0,2,Corporate Auto,Corporate L1,1,Agent,$719.28,Two-Door Car,Small
DM42912,California,6723.25,No,Extended,College,2024-02-02,Disabled,F,"$28,532.00",Suburban,Married,$176.00,19,80,0,1,Personal Auto,Personal L2,3,Call Center,$916.58,SUV,Medsize
UY81122,Oregon,5626.79,No,Basic,College,2024-02-02,Unemployed,F,$0.00,Suburban,Single,$93.00,30,132,3,8,Personal Auto,Personal L3,1,Agent,$585.85,Four-Door Car,Medsize
PK58026,Nevada,7744.22,No,Basic,Bachelor,2024-02-02,Employed,F,"$1,30,838.00",Suburban,Married,$96.00,42,22,0,9,Personal Auto,Personal L3,2,Agent,$503.61,Two-Door Car,Medsize
SU31072,Washington,6508.56,No,Basic,Bachelor,2024-02-02,Employed,M,"$1,15,771.00",Rural,Divorced,$82.00,24,100,0,3,Personal Auto,Personal L3,4,Branch,$158.00,Four-Door Car,Medsize
XE17270,California,4752.94,No,Extended,High School or Below,2024-02-02,Employed,M,"$42,806.00",Suburban,Single,$127.00,4,58,1,1,Personal Auto,Personal L1,1,Agent,$609.12,Two-Door Car,Medsize
FL59259,Nevada,8528.45,No,Extended,High School or Below,2024-02-02,Medical Leave,F,"$18,619.00",Suburban,Divorced,$117.00,3,4,2,3,Personal Auto,Personal L3,1,Web,$837.26,Four-Door Car,Medsize
IO57824,Arizona,3987.63,No,Extended,Bachelor,2024-02-02,Unemployed,M,$0.00,Urban,Married,$117.00,34,8,2,1,Personal Auto,Personal L2,2,Web,$559.16,Four-Door Car,Medsize
UI36597,Oregon,42804.35,No,Extended,Bachelor,2024-02-02,Employed,M,"$68,471.00",Suburban,Married,$177.00,45,107,0,2,Personal Auto,Personal L2,1,Call Center,"$1,175.35",SUV,Small
KE91683,California,11157.41,No,Basic,High School or Below,2024-02-02,Employed,F,"$56,761.00",Rural,Married,$139.00,9,16,0,3,Personal Auto,Personal L2,1,Agent,$55.13,SUV,Medsize
OI39301,California,12023.78,No,Basic,High School or Below,2024-02-02,Unemployed,F,$0.00,Suburban,Single,$159.00,38,45,0,3,Personal Auto,Personal L2,2,Agent,$764.64,SUV,Medsize
KA67497,California,8620.58,No,Basic,High School or Below,2024-02-02,Unemployed,F,$0.00,Suburban,Single,$85.00,22,47,1,2,Personal Auto,Personal L3,1,Agent,$408.24,Two-Door Car,Medsize
PA20570,California,8876.86,No,Extended,Bachelor,2024-02-02,Employed,M,"$1,13,597.00",Suburban,Married,$111.00,0,107,0,7,Personal Auto,Personal L1,4,Agent,$627.36,Four-Door Car,Medsize
GM54723,California,12233.21,No,Basic,Bachelor,2024-02-02,Unemployed,M,$0.00,Suburban,Single,$88.00,26,117,0,2,Corporate Auto,Corporate L2,1,Branch,$557.94,Four-Door Car,Small
TV35668,California,3674.98,Yes,Basic,College,2024-02-02,Medical Leave,F,"$23,728.00",Suburban,Married,$96.00,39,95,0,1,Personal Auto,Personal L3,2,Call Center,$537.98,Four-Door Car,Medsize
ZR81759,California,3808,No,Basic,Master,2024-02-02,Employed,M,"$48,404.00",Urban,Married,$95.00,18,69,0,1,Personal Auto,Personal L3,3,Web,$375.58,Two-Door Car,Medsize
LK49091,California,4937.74,No,Extended,Bachelor,2024-02-02,Employed,F,"$84,578.00",Rural,Married,$124.00,0,57,0,1,Personal Auto,Personal L2,2,Branch,$200.91,Four-Door Car,Large
KA69047,California,4657.6,No,Extended,Bachelor,2024-02-02,Employed,M,"$91,911.00",Rural,Single,$119.00,32,72,0,1,Personal Auto,Personal L3,2,Web,$53.43,Four-Door Car,Medsize
GQ42004,California,15164.53,No,Basic,College,2024-02-02,Unemployed,M,$0.00,Suburban,Married,$100.00,16,92,0,2,Personal Auto,Personal L3,2,Call Center,$479.52,Four-Door Car,Small
CK14803,California,5839.41,No,Basic,College,2024-02-02,Employed,M,"$1,27,227.00",Rural,Divorced,$144.00,20,95,0,1,Personal Auto,Personal L2,2,Branch,$70.36,SUV,Large
XN28388,California,5576.02,No,Basic,College,2024-02-02,Unemployed,F,$0.00,Suburban,Single,$89.00,41,39,2,3,Corporate Auto,Corporate L3,1,Agent,$706.09,Four-Door Car,Small
AF36894,California,5930.53,No,Basic,Bachelor,2024-02-02,Employed,M,"$45,414.00",Suburban,Married,$153.00,27,27,0,1,Corporate Auto,Corporate L3,4,Agent,$732.24,SUV,Medsize
FH85960,Oregon,42149.36,No,Premium,College,2024-03-01,Employed,M,"$57,753.00",Suburban,Divorced,$153.00,14,36,1,2,Personal Auto,Personal L2,1,Call Center,$732.24,Four-Door Car,Medsize
QH48047,Oregon,15917.17,Yes,Basic,College,2024-03-01,Retired,M,"$34,089.00",Suburban,Divorced,$89.00,18,58,0,2,Personal Auto,Personal L2,2,Web,$427.68,Four-Door Car,Medsize
LW93867,Oregon,6496.91,No,Basic,College,2024-03-01,Medical Leave,M,"$22,317.00",Rural,Married,$85.00,0,54,0,4,Corporate Auto,Corporate L1,1,Web,$138.89,Four-Door Car,Medsize
RR77985,Oregon,3898.45,No,Extended,Bachelor,2024-03-01,Unemployed,F,$0.00,Suburban,Single,$108.00,32,128,0,1,Personal Auto,Personal L1,1,Call Center,$913.87,Four-Door Car,Medsize
QA17596,California,5269.69,No,Extended,Bachelor,2024-03-01,Employed,F,"$81,092.00",Suburban,Married,$132.00,23,101,0,1,Personal Auto,Personal L3,2,Agent,$635.04,Two-Door Car,Small
DI30528,California,3679.23,Yes,Basic,Master,2024-03-01,Employed,F,"$49,478.00",Rural,Married,$93.00,3,95,1,1,Personal Auto,Personal L3,2,Web,$76.41,Four-Door Car,Large
RO30676,California,10479.5,No,Premium,College,2024-03-01,Disabled,F,"$32,166.00",Rural,Married,$143.00,24,104,2,3,Personal Auto,Personal L3,1,Agent,$51.18,Four-Door Car,Medsize
DB42794,California,5889.96,Yes,Premium,College,2024-03-01,Employed,M,"$79,437.00",Suburban,Married,$149.00,8,100,0,1,Personal Auto,Personal L1,2,Branch,$712.80,Four-Door Car,Medsize
ZY90118,Washington,5623.23,No,Premium,College,2024-03-01,Medical Leave,M,"$23,167.00",Suburban,Married,$153.00,1,30,1,1,Corporate Auto,Corporate L1,1,Call Center,$732.24,Four-Door Car,Small
KY14688,Oregon,3685.92,No,Basic,Master,2024-03-01,Employed,F,"$48,894.00",Rural,Married,$92.00,8,112,0,1,Personal Auto,Personal L1,3,Branch,$196.09,Four-Door Car,Large
CR92802,California,3679.23,Yes,Basic,Master,2024-03-01,Employed,F,"$49,478.00",Rural,Married,$93.00,3,95,1,1,Special Auto,Special L2,2,Web,$76.41,Four-Door Car,Large
RB34917,Arizona,6968.86,No,Basic,Bachelor,2024-03-01,Unemployed,F,$0.00,Suburban,Single,$99.00,28,117,0,4,Personal Auto,Personal L2,2,Branch,"$1,092.87",Four-Door Car,Small
FF28650,Oregon,11222.12,No,Basic,Bachelor,2024-03-01,Retired,M,"$28,947.00",Suburban,Divorced,$159.00,43,113,0,3,Personal Auto,Personal L3,2,Web,$764.64,SUV,Medsize
NS45347,Oregon,7602.46,No,Basic,College,2024-03-01,Medical Leave,F,"$23,343.00",Suburban,Married,$99.00,4,34,0,5,Personal Auto,Personal L2,1,Agent,$473.04,Four-Door Car,Medsize
NX18774,Oregon,11361.17,No,Basic,Bachelor,2024-03-01,Employed,M,"$74,666.00",Suburban,Divorced,$144.00,23,100,0,6,Corporate Auto,Corporate L3,1,Call Center,$693.36,SUV,Medsize
NI44621,Oregon,13338.52,No,Extended,Master,2024-03-01,Employed,F,"$49,378.00",Rural,Married,$169.00,15,99,1,3,Personal Auto,Personal L3,1,Agent,$153.16,SUV,Medsize
EJ44139,Oregon,28921.91,Yes,Basic,Bachelor,2024-03-01,Unemployed,M,$0.00,Suburban,Married,$88.00,12,42,0,2,Personal Auto,Personal L1,2,Agent,$421.20,Two-Door Car,Medsize
XR64251,Nevada,3679.23,Yes,Basic,Master,2024-03-01,Employed,F,"$49,478.00",Rural,Married,$93.00,3,95,1,1,Personal Auto,Personal L1,2,Web,$76.41,Four-Door Car,Large
FT56968,Arizona,3496.63,No,Basic,High School or Below,2024-03-01,Employed,M,"$30,237.00",Suburban,Married,$90.00,31,103,2,1,Personal Auto,Personal L1,1,Agent,$434.16,Four-Door Car,Large
CC91503,Arizona,13728.65,No,Extended,High School or Below,2024-03-01,Unemployed,F,$0.00,Suburban,Married,$182.00,43,82,0,8,Personal Auto,Personal L3,1,Agent,$874.80,Sports Car,Medsize
QO65264,California,6766.31,No,Basic,College,2024-03-01,Employed,M,"$65,243.00",Rural,Married,$85.00,30,16,0,7,Personal Auto,Personal L3,2,Branch,$145.99,Two-Door Car,Small
NF35573,Oregon,14903.08,No,Basic,High School or Below,2024-03-01,Unemployed,M,$0.00,Suburban,Married,$139.00,5,90,0,2,Special Auto,Special L3,2,Call Center,"$1,551.43",SUV,Medsize
ZY99878,California,18552.43,No,Premium,High School or Below,2024-03-01,Employed,M,"$1,21,963.00",Urban,Single,$236.00,15,92,0,3,Personal Auto,Personal L2,1,Branch,"$1,124.65",SUV,Medsize
HS85465,California,3725.97,Yes,Basic,Bachelor,2024-03-01,Employed,M,"$1,24,600.00",Suburban,Married,$93.00,5,88,0,1,Corporate Auto,Corporate L1,2,Agent,$447.12,Two-Door Car,Medsize
SI78985,Oregon,10790.56,No,Premium,Bachelor,2024-03-01,Employed,F,"$53,255.00",Rural,Married,$139.00,14,19,3,5,Personal Auto,Personal L1,3,Web,$89.13,Four-Door Car,Medsize
WB12017,California,24734.52,No,Basic,College,2024-03-01,Employed,F,"$28,605.00",Suburban,Divorced,$89.00,5,3,0,2,Personal Auto,Personal L3,3,Agent,$427.68,Two-Door Car,Medsize
UH62254,Oregon,28921.91,Yes,Basic,Bachelor,2024-03-01,Unemployed,M,$0.00,Suburban,Married,$88.00,12,42,0,2,Personal Auto,Personal L2,2,Agent,$421.20,Two-Door Car,Medsize
RR68322,Nevada,4701.63,No,Extended,High School or Below,2024-03-01,Employed,M,"$87,969.00",Rural,Married,$116.00,15,80,0,1,Personal Auto,Personal L3,2,Call Center,$181.48,Four-Door Car,Medsize
VP13613,California,5322.68,No,Extended,Bachelor,2024-03-01,Employed,M,"$88,295.00",Urban,Married,$134.00,22,107,0,1,Personal Auto,Personal L2,2,Branch,$405.95,Four-Door Car,Large
LO68739,Arizona,10448.39,No,Extended,Bachelor,2024-03-01,Employed,F,"$87,560.00",Urban,Married,$130.00,32,15,0,8,Personal Auto,Personal L2,3,Call Center,$360.38,Four-Door Car,Medsize
BW88060,California,11857.27,No,Basic,High School or Below,2024-03-01,Disabled,F,"$22,942.00",Suburban,Married,$151.00,34,16,0,8,Personal Auto,Personal L3,1,Call Center,"$1,088.64",SUV,Medsize
WO70078,Oregon,10106.19,No,Extended,Bachelor,2024-03-01,Employed,F,"$1,32,164.00",Rural,Divorced,$128.00,39,99,3,7,Personal Auto,Personal L3,1,Branch,$5.09,Four-Door Car,Medsize
FI13966,Oregon,29980.57,No,Premium,High School or Below,2024-03-01,Employed,F,"$54,608.00",Suburban,Married,$387.00,11,27,3,7,Personal Auto,Personal L3,3,Branch,"$1,859.76",Luxury SUV,Small
MW54213,Arizona,7660.42,No,Basic,College,2024-03-01,Unemployed,M,$0.00,Suburban,Married,$84.00,18,8,5,2,Personal Auto,Personal L3,1,Agent,$401.76,Four-Door Car,Medsize
QT84720,Oregon,3903.83,No,Basic,Bachelor,2024-03-01,Employed,F,"$76,627.00",Rural,Married,$99.00,42,108,1,1,Corporate Auto,Corporate L2,1,Branch,$114.95,Two-Door Car,Large
RD89159,Oregon,5889.96,Yes,Premium,College,2024-03-01,Employed,M,"$79,437.00",Suburban,Married,$149.00,8,100,0,1,Personal Auto,Personal L3,2,Branch,$712.80,Four-Door Car,Medsize
JI82682,California,3348.53,No,Basic,High School or Below,2024-03-01,Unemployed,F,$0.00,Suburban,Married,$88.00,1,81,0,1,Personal Auto,Personal L1,1,Web,$443.22,Four-Door Car,Medsize
MI62456,Arizona,3870.87,Yes,Extended,Bachelor,2024-03-01,Retired,F,"$31,558.00",Suburban,Divorced,$105.00,26,24,0,1,Personal Auto,Personal L1,2,Call Center,$505.44,Four-Door Car,Medsize
HF65914,Arizona,9370.31,No,Extended,College,2024-03-01,Unemployed,M,$0.00,Suburban,Married,$124.00,5,81,0,3,Personal Auto,Personal L1,1,Branch,$596.16,Two-Door Car,Medsize
AY88788,Oregon,20813.87,No,Basic,College,2024-03-01,Employed,F,"$94,285.00",Urban,Married,$259.00,0,89,0,7,Personal Auto,Personal L3,1,Branch,"$1,186.40",Luxury SUV,Medsize
MV69686,Oregon,5375.94,No,Extended,Doctor,2024-03-01,Employed,F,"$51,975.00",Urban,Married,$134.00,35,66,1,1,Corporate Auto,Corporate L2,1,Agent,$571.44,Four-Door Car,Large
BA40043,California,7829.77,No,Basic,College,2024-03-01,Employed,M,"$81,930.00",Rural,Single,$100.00,39,90,0,7,Corporate Auto,Corporate L2,2,Branch,$7.76,Four-Door Car,Medsize
XE39286,Arizona,13201.29,No,Extended,Bachelor,2024-03-01,Employed,F,"$1,34,141.00",Suburban,Married,$163.00,4,50,0,5,Personal Auto,Personal L2,4,Web,$784.08,Sports Car,Small
BJ65040,Arizona,3690.13,No,Basic,High School or Below,2024-03-01,Employed,F,"$1,26,303.00",Suburban,Married,$90.00,26,7,0,1,Personal Auto,Personal L3,4,Agent,$645.62,Four-Door Car,Medsize
WM95454,California,3870.87,Yes,Extended,Bachelor,2024-03-01,Retired,F,"$31,558.00",Suburban,Divorced,$105.00,26,24,0,1,Personal Auto,Personal L3,2,Call Center,$505.44,Four-Door Car,Medsize
TT36693,Nevada,5889.96,Yes,Premium,College,2024-03-01,Employed,M,"$79,437.00",Suburban,Married,$149.00,8,100,0,1,Personal Auto,Personal L2,2,Branch,$712.80,Four-Door Car,Medsize
HI51182,Oregon,11412.46,No,Premium,College,2024-03-01,Employed,F,"$80,849.00",Suburban,Married,$143.00,8,19,0,3,Personal Auto,Personal L3,1,Branch,$962.12,Four-Door Car,Medsize
JU74347,Oregon,10723.74,No,Basic,Bachelor,2024-03-01,Employed,M,"$81,289.00",Urban,Married,$135.00,11,22,1,4,Corporate Auto,Corporate L3,1,Agent,$393.24,Sports Car,Small
WB96917,California,13331.38,No,Extended,College,2024-03-01,Employed,M,"$39,957.00",Rural,Single,$117.00,3,95,0,2,Personal Auto,Personal L1,4,Call Center,$203.75,Two-Door Car,Medsize
KA58700,Nevada,8215.16,No,Extended,College,2024-03-01,Employed,M,"$60,361.00",Suburban,Single,$111.00,26,19,2,8,Corporate Auto,Corporate L3,1,Agent,$726.01,Four-Door Car,Medsize
SI31035,Arizona,7248,No,Basic,Doctor,2024-03-01,Employed,M,"$80,461.00",Suburban,Married,$90.00,38,3,0,6,Personal Auto,Personal L3,4,Branch,$434.16,Four-Door Car,Medsize
QG27547,Oregon,3870.87,Yes,Extended,Bachelor,2024-03-01,Retired,F,"$31,558.00",Suburban,Divorced,$105.00,26,24,0,1,Personal Auto,Personal L3,2,Call Center,$505.44,Four-Door Car,Medsize
ZU91897,California,17909.05,No,Basic,High School or Below,2024-03-01,Employed,M,"$46,551.00",Rural,Married,$90.00,5,8,0,2,Personal Auto,Personal L2,1,Agent,$113.17,Four-Door Car,Medsize
ZX93551,Arizona,3870.87,Yes,Extended,Bachelor,2024-03-01,Retired,F,"$31,558.00",Suburban,Divorced,$105.00,26,24,0,1,Personal Auto,Personal L3,2,Call Center,$505.44,Four-Door Car,Medsize
NK91656,Oregon,3932.99,No,Extended,Master,2024-03-01,Disabled,M,"$27,101.00",Suburban,Divorced,$107.00,9,3,1,1,Personal Auto,Personal L3,1,Web,$653.04,Two-Door Car,Medsize
WB68229,Arizona,12582.38,No,Premium,Bachelor,2024-03-01,Employed,F,"$28,395.00",Suburban,Married,$159.00,7,30,0,8,Personal Auto,Personal L1,3,Call Center,$997.62,Two-Door Car,Small
HZ62410,Oregon,3742.15,No,Extended,Bachelor,2024-03-01,Unemployed,M,$0.00,Suburban,Single,$107.00,8,74,0,1,Personal Auto,Personal L3,1,Agent,$511.92,Four-Door Car,Medsize
BO42776,Washington,34236.14,No,Basic,Bachelor,2024-03-01,Employed,M,"$28,947.00",Suburban,Married,$146.00,22,112,0,2,Corporate Auto,Corporate L3,1,Agent,$699.84,SUV,Medsize
SP63623,Oregon,6334.33,No,Basic,College,2024-03-01,Unemployed,M,$0.00,Suburban,Single,$93.00,42,120,0,5,Personal Auto,Personal L2,1,Agent,$684.35,Four-Door Car,Large
WI38796,Oregon,12317.28,No,Basic,Bachelor,2024-03-01,Employed,M,"$95,495.00",Suburban,Married,$154.00,34,16,0,4,Corporate Auto,Corporate L3,4,Web,"$1,001.24",SUV,Medsize
BB48165,California,14979.57,No,Basic,Bachelor,2024-03-01,Unemployed,F,$0.00,Suburban,Single,$136.00,14,65,0,2,Personal Auto,Personal L3,1,Agent,$981.72,SUV,Medsize
PG48617,California,3908.96,No,Basic,High School or Below,2024-03-01,Employed,M,"$62,460.00",Urban,Married,$97.00,5,99,0,1,Personal Auto,Personal L3,2,Call Center,$313.16,Four-Door Car,Medsize
AG32304,Nevada,7315.28,No,Basic,College,2024-03-01,Employed,F,"$52,830.00",Rural,Married,$90.00,34,35,0,3,Personal Auto,Personal L3,1,Call Center,$122.21,Four-Door Car,Medsize
KW33804,Nevada,10922.69,No,Basic,High School or Below,2024-03-01,Employed,M,"$1,16,343.00",Rural,Divorced,$93.00,15,58,4,2,Personal Auto,Personal L1,4,Branch,$64.87,Four-Door Car,Large
GJ70481,Arizona,5977.85,No,Basic,High School or Below,2024-03-01,Unemployed,M,$0.00,Suburban,Single,$86.00,8,63,0,8,Personal Auto,Personal L3,3,Agent,$848.88,Four-Door Car,Small
EW46828,Arizona,10881.22,No,Basic,High School or Below,2024-03-01,Employed,M,"$31,956.00",Suburban,Divorced,$93.00,43,61,0,2,Personal Auto,Personal L3,1,Branch,$447.12,Four-Door Car,Medsize
TN66124,California,14246.39,No,Extended,High School or Below,2024-03-01,Employed,M,"$1,04,796.00",Rural,Married,$119.00,19,51,0,2,Corporate Auto,Corporate L2,4,Web,$276.98,Two-Door Car,Medsize
FX65946,Arizona,7768.91,No,Basic,Bachelor,2024-03-01,Employed,M,"$47,043.00",Suburban,Married,$99.00,35,32,0,7,Personal Auto,Personal L3,2,Agent,$709.56,Four-Door Car,Small
LN44535,Washington,9834,No,Extended,College,2024-03-01,Employed,F,"$60,217.00",Suburban,Married,$123.00,4,61,0,7,Personal Auto,Personal L3,1,Branch,$589.68,Four-Door Car,Medsize
LW43115,California,3679.23,Yes,Basic,Master,2024-03-01,Employed,F,"$49,478.00",Rural,Married,$93.00,3,95,1,1,Personal Auto,Personal L2,2,Web,$76.41,Four-Door Car,Large
FH65253,Oregon,32049.16,No,Extended,High School or Below,2024-03-01,Employed,M,"$37,834.00",Suburban,Married,$117.00,38,127,0,2,Personal Auto,Personal L2,2,Branch,$825.39,Four-Door Car,Medsize
UG37492,California,5889.96,Yes,Premium,College,2024-03-01,Employed,M,"$79,437.00",Suburban,Married,$149.00,8,100,0,1,Personal Auto,Personal L3,2,Branch,$712.80,Four-Door Car,Medsize
NJ10602,Washington,11419.72,No,Basic,College,2024-03-01,Employed,F,"$1,25,168.00",Urban,Married,$95.00,32,26,0,2,Personal Auto,Personal L3,4,Call Center,$302.77,Two-Door Car,Medsize
DG30586,Oregon,3870.87,Yes,Extended,Bachelor,2024-03-01,Retired,F,"$31,558.00",Suburban,Divorced,$105.00,26,24,0,1,Personal Auto,Personal L3,2,Call Center,$505.44,Four-Door Car,Medsize
PW65305,California,11975.41,No,Basic,College,2024-03-01,Employed,M,"$1,23,633.00",Urban,Married,$99.00,19,70,0,2,Personal Auto,Personal L2,2,Branch,$392.45,Two-Door Car,Medsize
GJ52970,California,9771.98,No,Basic,High School or Below,2024-03-01,Unemployed,M,$0.00,Suburban,Married,$89.00,42,73,1,2,Personal Auto,Personal L3,3,Call Center,$531.42,Four-Door Car,Medsize
FM59265,Washington,10846.6,No,Basic,Bachelor,2024-03-01,Unemployed,F,$0.00,Suburban,Married,$139.00,22,68,0,7,Personal Auto,Personal L3,2,Agent,"$1,001.16",SUV,Medsize
QH12810,Oregon,15949.54,No,Basic,Bachelor,2024-03-01,Unemployed,F,$0.00,Suburban,Single,$143.00,1,51,0,2,Personal Auto,Personal L3,2,Agent,"$1,030.32",SUV,Large
YU21725,Washington,6619.26,No,Basic,High School or Below,2024-03-01,Unemployed,F,$0.00,Suburban,Single,$89.00,30,1,1,3,Corporate Auto,Corporate L3,1,Agent,$641.52,Four-Door Car,Medsize
BG51419,Washington,5889.96,Yes,Premium,College,2024-03-01,Employed,M,"$79,437.00",Suburban,Married,$149.00,8,100,0,1,Corporate Auto,Corporate L1,2,Branch,$712.80,Four-Door Car,Medsize
NX11526,Arizona,3725.97,Yes,Basic,Bachelor,2024-03-01,Employed,M,"$1,24,600.00",Suburban,Married,$93.00,5,88,0,1,Corporate Auto,Corporate L2,2,Agent,$447.12,Two-Door Car,Medsize
AU94279,California,7415.58,No,Basic,High School or Below,2024-03-01,Employed,M,"$33,718.00",Suburban,Single,$97.00,3,81,1,3,Personal Auto,Personal L3,3,Agent,$764.37,Two-Door Car,Medsize
NT15165,California,16264.5,No,Premium,Bachelor,2024-03-01,Employed,F,"$58,487.00",Urban,Married,$136.00,11,23,0,2,Corporate Auto,Corporate L1,2,Branch,$384.30,Two-Door Car,Medsize
QN76156,Oregon,3949.73,No,Basic,College,2024-03-01,Employed,F,"$41,515.00",Suburban,Married,$99.00,3,50,0,1,Personal Auto,Personal L3,4,Call Center,$540.40,Four-Door Car,Small
VB22338,Nevada,5549.34,No,Basic,High School or Below,2024-03-01,Employed,M,"$42,987.00",Urban,Single,$146.00,9,42,0,1,Special Auto,Special L3,4,Agent,$548.57,SUV,Small
OA99158,California,28921.91,Yes,Basic,Bachelor,2024-03-01,Unemployed,M,$0.00,Suburban,Married,$88.00,12,42,0,2,Corporate Auto,Corporate L3,2,Agent,$421.20,Two-Door Car,Medsize
IL47644,Oregon,11961.88,No,Basic,High School or Below,2024-03-01,Employed,F,"$65,794.00",Urban,Married,$150.00,19,84,0,3,Personal Auto,Personal L1,2,Call Center,$385.90,SUV,Medsize
DZ81394,Oregon,11755.83,No,Basic,High School or Below,2024-03-01,Unemployed,F,$0.00,Suburban,Single,$159.00,27,26,0,3,Personal Auto,Personal L3,1,Agent,"$1,863.14",SUV,Medsize
FS81127,California,3274.15,No,Basic,Bachelor,2024-03-01,Unemployed,F,$0.00,Suburban,Married,$90.00,4,57,1,1,Corporate Auto,Corporate L3,2,Web,$575.11,Four-Door Car,Medsize
UG49716,Washington,5665.53,No,Basic,College,2024-03-01,Unemployed,F,$0.00,Suburban,Single,$154.00,26,104,0,1,Personal Auto,Personal L3,1,Branch,"$1,596.09",Sports Car,Large
AT30076,Nevada,4774.47,No,Extended,High School or Below,2024-03-01,Employed,F,"$42,831.00",Suburban,Single,$124.00,1,128,0,1,Personal Auto,Personal L3,3,Agent,$669.26,Four-Door Car,Small
JL16084,Arizona,8925.01,No,Extended,College,2024-03-01,Unemployed,F,$0.00,Suburban,Single,$128.00,20,50,0,3,Personal Auto,Personal L3,1,Branch,$761.81,Four-Door Car,Medsize
BC87161,Oregon,3725.97,Yes,Basic,Bachelor,2024-03-01,Employed,M,"$1,24,600.00",Suburban,Married,$93.00,5,88,0,1,Personal Auto,Personal L1,2,Agent,$447.12,Two-Door Car,Medsize
NX71501,California,8014.06,No,Basic,Doctor,2024-03-01,Employed,F,"$57,900.00",Rural,Married,$100.00,42,24,0,7,Personal Auto,Personal L1,1,Agent,$239.38,Four-Door Car,Small
XG64081,Arizona,3725.97,Yes,Basic,Bachelor,2024-03-01,Employed,M,"$1,24,600.00",Suburban,Married,$93.00,5,88,0,1,Personal Auto,Personal L3,2,Agent,$447.12,Two-Door Car,Medsize
GU29647,Oregon,28921.91,Yes,Basic,Bachelor,2024-03-01,Unemployed,M,$0.00,Suburban,Married,$88.00,12,42,0,2,Personal Auto,Personal L2,2,Agent,$421.20,Two-Door Car,Medsize
KT21352,Oregon,9512.75,No,Basic,High School or Below,2024-03-01,Unemployed,M,$0.00,Suburban,Married,$86.00,32,99,0,2,Personal Auto,Personal L2,1,Branch,$438.34,Four-Door Car,Large
VG40704,California,4232.8,No,Extended,College,2024-03-01,Employed,F,"$75,404.00",Urban,Married,$107.00,14,96,0,1,Personal Auto,Personal L2,4,Branch,$368.54,Four-Door Car,Medsize
VK57280,Washington,6381.93,No,Basic,Bachelor,2024-03-01,Unemployed,M,$0.00,Suburban,Single,$97.00,31,9,0,3,Personal Auto,Personal L2,2,Call Center,$466.56,Four-Door Car,Medsize
PY79729,Oregon,3761.99,No,Basic,High School or Below,2024-03-01,Employed,F,"$1,27,319.00",Suburban,Divorced,$95.00,1,103,4,1,Corporate Auto,Corporate L3,4,Agent,$581.54,Four-Door Car,Small
LX42787,California,3117.96,No,Basic,College,2024-03-01,Retired,M,"$30,465.00",Suburban,Single,$93.00,8,16,0,1,Personal Auto,Personal L2,4,Branch,$670.68,Four-Door Car,Large
QN60028,California,3725.97,Yes,Basic,Bachelor,2024-03-01,Employed,M,"$1,24,600.00",Suburban,Married,$93.00,5,88,0,1,Corporate Auto,Corporate L2,2,Agent,$447.12,Two-Door Car,Medsize
FZ45665,Oregon,8775.55,No,Basic,Bachelor,2024-03-01,Unemployed,F,$0.00,Suburban,Single,$82.00,18,50,0,2,Personal Auto,Personal L3,1,Agent,$395.28,Four-Door Car,Medsize
PW15144,Washington,7111.6,No,Basic,College,2024-03-01,Employed,M,"$55,104.00",Suburban,Married,$89.00,8,4,0,6,Personal Auto,Personal L2,4,Call Center,$427.68,Four-Door Car,Medsize
QQ51185,Nevada,3590.32,No,Basic,College,2024-03-01,Employed,F,"$87,732.00",Urban,Married,$89.00,23,122,0,1,Personal Auto,Personal L3,2,Web,$246.95,Four-Door Car,Small
KB90888,Oregon,3458.13,No,Basic,High School or Below,2024-03-01,Unemployed,F,$0.00,Suburban,Single,$99.00,34,7,0,1,Corporate Auto,Corporate L1,2,Branch,"$1,137.88",Two-Door Car,Medsize
QL35310,Nevada,3679.23,Yes,Basic,Master,2024-03-01,Employed,F,"$49,478.00",Rural,Married,$93.00,3,95,1,1,Corporate Auto,Corporate L3,2,Web,$76.41,Four-Door Car,Large
QD36906,Nevada,11776.95,No,Basic,Master,2024-03-01,Employed,F,"$44,943.00",Rural,Married,$99.00,41,3,1,2,Personal Auto,Personal L3,1,Agent,$232.51,Four-Door Car,Medsize
MY60905,California,6458.96,No,Basic,Bachelor,2024-03-01,Unemployed,F,$0.00,Suburban,Single,$92.00,22,109,0,6,Personal Auto,Personal L3,1,Branch,$440.64,Two-Door Car,Medsize
BM71358,Arizona,14562.61,No,Extended,High School or Below,2024-03-01,Employed,M,"$60,338.00",Rural,Divorced,$123.00,35,119,0,2,Personal Auto,Personal L3,1,Call Center,$199.74,Four-Door Car,Medsize
PX27645,California,11430.95,No,Extended,Bachelor,2024-03-01,Unemployed,M,$0.00,Suburban,Single,$165.00,3,99,0,5,Personal Auto,Personal L1,1,Call Center,"$1,485.12",SUV,Medsize
ND80148,California,12419.18,No,Premium,College,2024-03-01,Employed,M,"$50,489.00",Urban,Married,$157.00,41,30,0,3,Personal Auto,Personal L3,1,Call Center,$530.32,Four-Door Car,Medsize
TW49116,Nevada,2997.25,No,Basic,College,2024-03-01,Unemployed,M,$0.00,Suburban,Married,$84.00,15,70,2,1,Personal Auto,Personal L2,1,Branch,$420.53,Four-Door Car,Medsize
VZ79366,California,5889.96,Yes,Premium,College,2024-03-01,Employed,M,"$79,437.00",Suburban,Married,$149.00,8,100,0,1,Personal Auto,Personal L2,2,Branch,$712.80,Four-Door Car,Medsize
YQ58965,California,3870.87,Yes,Extended,Bachelor,2024-03-01,Retired,F,"$31,558.00",Suburban,Divorced,$105.00,26,24,0,1,Personal Auto,Personal L3,2,Call Center,$505.44,Four-Door Car,Medsize
AR69517,California,15917.17,Yes,Basic,College,2024-03-01,Retired,M,"$34,089.00",Suburban,Divorced,$89.00,18,58,0,2,Corporate Auto,Corporate L3,2,Web,$427.68,Four-Door Car,Medsize
PV62583,Nevada,13228.89,No,Extended,College,2024-03-01,Medical Leave,M,"$29,924.00",Suburban,Married,$170.00,14,30,0,6,Personal Auto,Personal L3,1,Web,$816.48,SUV,Medsize
FS84707,Nevada,3633.14,No,Basic,Doctor,2024-03-01,Employed,F,"$1,10,846.00",Rural,Divorced,$90.00,23,85,0,1,Personal Auto,Personal L2,4,Web,$71.29,Four-Door Car,Small
ZS66375,California,10166.9,No,Basic,Bachelor,2024-03-01,Unemployed,F,$0.00,Suburban,Single,$96.00,14,59,0,2,Personal Auto,Personal L3,1,Agent,$690.12,Four-Door Car,Medsize
VI66513,California,13079.25,No,Extended,High School or Below,2024-03-01,Employed,M,"$27,012.00",Suburban,Single,$117.00,42,116,1,2,Corporate Auto,Corporate L3,2,Branch,"$1,332.62",Four-Door Car,Small
YS71471,Arizona,3625.75,No,Basic,High School or Below,2024-03-01,Employed,M,"$61,768.00",Suburban,Divorced,$93.00,46,119,0,1,Personal Auto,Personal L3,2,Web,$449.81,Two-Door Car,Medsize
BR24590,Arizona,3389.3,No,Basic,Bachelor,2024-03-01,Unemployed,M,$0.00,Suburban,Single,$95.00,34,41,0,1,Personal Auto,Personal L3,1,Agent,$705.26,Four-Door Car,Small
OH98172,California,4304.52,No,Extended,High School or Below,2024-03-01,Employed,F,"$1,09,459.00",Urban,Married,$107.00,27,34,0,1,Personal Auto,Personal L3,2,Agent,$303.60,Two-Door Car,Medsize
CH20044,California,3025.98,No,Basic,Bachelor,2024-03-01,Unemployed,F,$0.00,Suburban,Single,$88.00,30,126,0,1,Corporate Auto,Corporate L1,1,Agent,$421.20,Four-Door Car,Medsize
WB73140,Arizona,7354.54,No,Basic,High School or Below,2024-03-01,Unemployed,F,$0.00,Suburban,Married,$99.00,23,20,0,3,Personal Auto,Personal L2,3,Agent,$473.04,Four-Door Car,Medsize
VB53090,California,10818.37,No,Basic,Master,2024-03-01,Employed,M,"$58,315.00",Rural,Married,$89.00,46,96,0,2,Personal Auto,Personal L3,4,Agent,$2.01,Four-Door Car,Medsize
ZT60102,Arizona,24017.05,No,Premium,College,2024-03-01,Retired,M,"$35,100.00",Suburban,Divorced,$346.00,46,113,0,8,Personal Auto,Personal L1,1,Web,"$1,658.88",Luxury SUV,Small
PS77478,Arizona,9266,No,Basic,College,2024-03-01,Unemployed,M,$0.00,Suburban,Single,$149.00,19,41,1,5,Personal Auto,Personal L3,3,Branch,"$1,069.20",SUV,Medsize
UK62940,Oregon,3178.57,No,Basic,College,2024-03-01,Unemployed,M,$0.00,Suburban,Married,$86.00,26,97,0,1,Personal Auto,Personal L3,1,Branch,$450.67,Four-Door Car,Medsize
GI70759,California,6505.16,No,Basic,Bachelor,2024-03-01,Unemployed,M,$0.00,Suburban,Single,$96.00,35,108,0,9,Personal Auto,Personal L3,1,Agent,$690.12,Four-Door Car,Medsize
SV51174,Oregon,27852.05,No,Extended,Master,2024-03-01,Employed,M,"$39,062.00",Rural,Married,$117.00,32,126,0,2,Personal Auto,Personal L3,2,Agent,$161.50,Two-Door Car,Medsize
KB25170,Washington,3456.11,No,Basic,Doctor,2024-03-01,Employed,F,"$1,18,880.00",Rural,Married,$85.00,20,132,0,1,Personal Auto,Personal L1,4,Call Center,$195.14,Four-Door Car,Small
BK43823,Oregon,16271.53,No,Premium,High School or Below,2024-03-01,Employed,F,"$34,316.00",Suburban,Married,$136.00,18,24,0,2,Personal Auto,Personal L2,2,Call Center,$789.17,Four-Door Car,Medsize
AC42963,California,28921.91,Yes,Basic,Bachelor,2024-03-01,Unemployed,M,$0.00,Suburban,Married,$88.00,12,42,0,2,Special Auto,Special L3,2,Agent,$421.20,Two-Door Car,Medsize
TK59338,Arizona,18305.18,No,Basic,College,2024-03-01,Employed,M,"$1,32,349.00",Suburban,Married,$153.00,24,124,0,2,Personal Auto,Personal L2,2,Agent,$894.30,SUV,Medsize
LN47910,Arizona,5985.94,No,Premium,College,2024-03-01,Employed,F,"$1,12,347.00",Suburban,Married,$149.00,12,57,0,1,Personal Auto,Personal L1,3,Agent,$712.80,Four-Door Car,Medsize
PM92089,Oregon,4567.65,No,Extended,High School or Below,2024-03-01,Unemployed,F,$0.00,Suburban,Single,$131.00,31,51,0,1,Corporate Auto,Corporate L3,2,Call Center,$942.84,Two-Door Car,Medsize
HB35022,Oregon,18307.94,No,Extended,Doctor,2024-03-01,Unemployed,M,$0.00,Suburban,Married,$165.00,12,65,0,2,Special Auto,Special L2,1,Agent,$790.56,Sports Car,Medsize
IK66117,California,6708.63,No,Basic,High School or Below,2024-03-01,Medical Leave,M,"$29,466.00",Suburban,Married,$90.00,24,72,0,8,Special Auto,Special L2,2,Branch,$434.16,Four-Door Car,Medsize
GX44284,California,3493.91,No,Basic,Bachelor,2024-03-01,Employed,M,"$64,137.00",Rural,Divorced,$89.00,38,99,0,1,Personal Auto,Personal L3,1,Branch,$125.72,Four-Door Car,Medsize
ES82658,Oregon,8664.64,No,Extended,Master,2024-03-01,Employed,M,"$62,975.00",Rural,Divorced,$109.00,11,35,0,7,Personal Auto,Personal L3,4,Web,$166.83,Four-Door Car,Medsize
MV86976,California,4700.75,No,Extended,High School or Below,2024-03-01,Unemployed,M,$0.00,Suburban,Single,$130.00,42,115,0,1,Personal Auto,Personal L2,1,Agent,$980.28,Four-Door Car,Medsize
CV49750,Arizona,28921.91,Yes,Basic,Bachelor,2024-03-01,Unemployed,M,$0.00,Suburban,Married,$88.00,12,42,0,2,Personal Auto,Personal L3,2,Agent,$421.20,Two-Door Car,Medsize
RB63074,Oregon,6558.39,No,Basic,High School or Below,2024-03-01,Unemployed,M,$0.00,Suburban,Single,$90.00,0,107,0,3,Personal Auto,Personal L1,2,Branch,$651.24,Four-Door Car,Medsize
FQ33633,Nevada,5957.94,No,Basic,College,2024-03-01,Employed,F,"$50,891.00",Rural,Married,$151.00,47,11,0,1,Personal Auto,Personal L2,4,Agent,$51.85,SUV,Small
WM39308,Nevada,21300.15,No,Basic,High School or Below,2024-03-01,Employed,F,"$1,33,263.00",Urban,Married,$88.00,4,123,0,2,Personal Auto,Personal L2,2,Call Center,$391.36,Two-Door Car,Medsize
ON91363,Washington,5035.7,No,Extended,College,2024-03-01,Employed,M,"$1,01,428.00",Suburban,Married,$126.00,9,45,2,1,Personal Auto,Personal L2,4,Call Center,$602.64,Four-Door Car,Medsize
LL95376,Washington,3725.97,Yes,Basic,Bachelor,2024-03-01,Employed,M,"$1,24,600.00",Suburban,Married,$93.00,5,88,0,1,Personal Auto,Personal L3,2,Agent,$447.12,Two-Door Car,Medsize
TU77462,Oregon,10083.9,No,Extended,College,2024-03-01,Employed,M,"$64,919.00",Rural,Married,$127.00,34,99,0,4,Personal Auto,Personal L2,1,Web,$182.02,Two-Door Car,Medsize
QV89018,Arizona,27631.42,No,Basic,High School or Below,2024-03-01,Employed,M,"$1,20,184.00",Urban,Married,$86.00,43,14,0,2,Personal Auto,Personal L3,3,Branch,$241.99,Four-Door Car,Large
YW88487,Arizona,10067.42,No,Basic,College,2024-03-01,Employed,F,"$58,598.00",Suburban,Married,$252.00,8,66,0,1,Personal Auto,Personal L2,3,Agent,"$1,211.76",Luxury SUV,Medsize
JV23769,Oregon,3679.23,Yes,Basic,Master,2024-03-01,Employed,F,"$49,478.00",Rural,Married,$93.00,3,95,1,1,Personal Auto,Personal L2,2,Web,$76.41,Four-Door Car,Large
XC26395,Oregon,10001.93,No,Extended,High School or Below,2024-03-01,Employed,M,"$1,03,641.00",Rural,Divorced,$128.00,46,111,1,7,Personal Auto,Personal L3,1,Branch,$123.76,Two-Door Car,Large
BP34620,California,7580.35,No,Basic,Bachelor,2024-03-01,Disabled,F,"$26,931.00",Suburban,Married,$100.00,0,134,1,3,Corporate Auto,Corporate L2,1,Branch,$479.52,Four-Door Car,Medsize
KY98596,Arizona,6795.08,No,Basic,Bachelor,2024-03-01,Employed,M,"$92,247.00",Suburban,Married,$85.00,31,51,0,3,Personal Auto,Personal L1,4,Branch,$408.24,Four-Door Car,Small
GC40999,Oregon,15917.17,Yes,Basic,College,2024-03-01,Retired,M,"$34,089.00",Suburban,Divorced,$89.00,18,58,0,2,Personal Auto,Personal L3,2,Web,$427.68,Four-Door Car,Medsize
ZD42550,Nevada,10519.29,No,Basic,Master,2024-03-01,Employed,F,"$49,648.00",Urban,Divorced,$88.00,28,28,0,2,Corporate Auto,Corporate L3,1,Call Center,$324.25,Four-Door Car,Medsize
BA97018,Arizona,8921.02,No,Extended,High School or Below,2024-03-01,Medical Leave,M,"$29,182.00",Suburban,Single,$126.00,5,55,0,7,Personal Auto,Personal L1,2,Web,"$1,275.55",Two-Door Car,Medsize
ZB72138,Oregon,12054.98,No,Basic,Bachelor,2024-03-01,Employed,M,"$59,844.00",Suburban,Married,$151.00,34,78,0,3,Personal Auto,Personal L1,2,Agent,$725.76,SUV,Medsize
OO62338,Oregon,9584.43,No,Basic,Bachelor,2024-03-01,Disabled,M,"$21,763.00",Suburban,Married,$88.00,7,115,2,2,Corporate Auto,Corporate L1,1,Web,$421.20,Four-Door Car,Small
YW43854,Washington,9375.4,No,Basic,High School or Below,2024-03-01,Unemployed,M,$0.00,Suburban,Single,$92.00,32,42,0,2,Personal Auto,Personal L1,1,Branch,$660.96,Four-Door Car,Medsize
DK81475,Nevada,6236.26,No,Basic,College,2024-03-01,Employed,M,"$1,28,656.00",Suburban,Married,$154.00,46,58,0,1,Personal Auto,Personal L1,3,Call Center,$738.72,SUV,Large
KH92987,Arizona,29349.04,No,Extended,High School or Below,2024-03-01,Employed,F,"$40,628.00",Suburban,Married,$184.00,0,127,0,2,Personal Auto,Personal L3,1,Web,$881.28,SUV,Medsize
QW24080,Oregon,2851.19,No,Basic,College,2024-03-01,Unemployed,F,$0.00,Suburban,Single,$100.00,7,101,4,1,Personal Auto,Personal L2,3,Branch,$499.26,Four-Door Car,Large
JW94491,California,15917.17,Yes,Basic,College,2024-03-01,Retired,M,"$34,089.00",Suburban,Divorced,$89.00,18,58,0,2,Personal Auto,Personal L2,2,Web,$427.68,Four-Door Car,Medsize
RN66968,California,7199.03,No,Basic,High School or Below,2024-03-01,Employed,M,"$1,01,030.00",Suburban,Married,$89.00,12,24,0,7,Personal Auto,Personal L3,2,Agent,$508.28,Four-Door Car,Large
QZ19741,Oregon,18651.3,No,Premium,College,2024-03-01,Employed,F,"$1,30,606.00",Suburban,Married,$242.00,19,34,5,3,Personal Auto,Personal L1,2,Branch,"$1,159.92",SUV,Medsize
GH48839,California,15917.17,Yes,Basic,College,2024-03-01,Retired,M,"$34,089.00",Suburban,Divorced,$89.00,18,58,0,2,Corporate Auto,Corporate L3,2,Web,$427.68,Four-Door Car,Medsize
DI45039,California,3718.09,No,Basic,College,2024-03-01,Employed,F,"$79,252.00",Rural,Married,$93.00,26,128,0,1,Personal Auto,Personal L2,4,Web,$66.09,Two-Door Car,Medsize
AS77287,California,10934.42,No,Basic,College,2024-03-01,Disabled,M,"$34,360.00",Suburban,Single,$144.00,27,81,0,3,Personal Auto,Personal L3,1,Agent,"$1,288.83",Sports Car,Medsize
RF64040,California,12947.89,No,Extended,Bachelor,2024-03-01,Unemployed,F,$0.00,Rural,Married,$173.00,31,36,0,6,Corporate Auto,Corporate L3,1,Call Center,$203.79,SUV,Medsize
FN80010,California,5822.07,No,Basic,Master,2024-03-01,Disabled,F,"$34,295.00",Suburban,Divorced,$151.00,22,5,0,1,Personal Auto,Personal L3,1,Branch,$780.54,SUV,Medsize
LU53495,California,3899.95,No,Basic,College,2024-03-01,Employed,M,"$88,306.00",Rural,Married,$99.00,1,100,1,1,Personal Auto,Personal L2,3,Branch,$137.37,Four-Door Car,Medsize
PF71940,California,6529.61,No,Extended,Bachelor,2024-03-01,Unemployed,F,$0.00,Suburban,Single,$184.00,11,3,0,1,Personal Auto,Personal L2,1,Branch,"$1,321.92",SUV,Small
VF65251,California,9010.14,No,Basic,College,2024-03-01,Unemployed,M,$0.00,Suburban,Single,$255.00,31,19,0,1,Personal Auto,Personal L2,4,Branch,"$2,345.38",Luxury SUV,Large
UQ54273,California,15917.17,Yes,Basic,College,2024-03-01,Retired,M,"$34,089.00",Suburban,Divorced,$89.00,18,58,0,2,Personal Auto,Personal L3,2,Web,$427.68,Four-Door Car,Medsize
WW80551,California,8850.73,No,Basic,High School or Below,2024-03-01,Unemployed,M,$0.00,Suburban,Single,$85.00,8,78,0,2,Personal Auto,Personal L3,1,Branch,$612.36,Four-Door Car,Small
XP76338,California,6359.9,No,Basic,Bachelor,2024-03-01,Employed,M,"$33,538.00",Suburban,Married,$82.00,27,23,2,4,Personal Auto,Personal L2,1,Agent,$447.29,Four-Door Car,Medsize
HB64268,Washington,3798.48,No,Basic,Bachelor,2024-03-02,Employed,M,"$59,179.00",Rural,Single,$99.00,16,59,0,1,Personal Auto,Personal L1,1,Agent,$186.48,Four-Door Car,Medsize
FL34139,California,4978.95,No,Basic,High School or Below,2024-03-02,Unemployed,M,$0.00,Suburban,Single,$85.00,0,73,3,7,Personal Auto,Personal L2,1,Call Center,$904.07,Four-Door Car,Medsize
HP36979,California,8651.86,No,Extended,College,2024-03-02,Employed,M,"$67,484.00",Suburban,Married,$113.00,8,50,5,5,Personal Auto,Personal L2,2,Web,$765.36,Two-Door Car,Large
CR57148,Oregon,8046.78,No,Basic,Master,2024-03-02,Employed,F,"$64,726.00",Rural,Married,$100.00,43,53,0,3,Personal Auto,Personal L3,2,Branch,$173.39,Two-Door Car,Medsize
QP84605,Washington,11758.29,No,Premium,Bachelor,2024-03-02,Employed,F,"$56,087.00",Rural,Divorced,$150.00,5,63,0,3,Corporate Auto,Corporate L1,1,Call Center,$163.76,Four-Door Car,Medsize
EM29359,Nevada,9620.91,No,Basic,College,2024-03-02,Medical Leave,M,"$23,602.00",Suburban,Married,$247.00,32,85,0,1,Personal Auto,Personal L1,2,Web,"$1,778.76",Luxury Car,Large
RM24280,Oregon,5639.89,No,Premium,High School or Below,2024-03-02,Unemployed,F,$0.00,Suburban,Married,$151.00,5,66,0,1,Personal Auto,Personal L2,3,Agent,$725.76,Four-Door Car,Medsize
HD95496,Oregon,10600.07,No,Basic,Master,2024-03-02,Employed,M,"$35,033.00",Urban,Married,$89.00,36,1,0,2,Personal Auto,Personal L1,4,Agent,$366.79,Two-Door Car,Medsize
JY45873,Washington,6770.26,Yes,Extended,Bachelor,2024-03-02,Employed,F,"$65,565.00",Suburban,Single,$176.00,16,20,0,1,Corporate Auto,Corporate L2,2,Agent,$842.40,SUV,Medsize
RP19541,Arizona,10235.85,Yes,Basic,College,2024-03-02,Employed,M,"$87,481.00",Urban,Married,$86.00,31,26,0,2,Personal Auto,Personal L3,2,Web,$362.44,Four-Door Car,Medsize
DN29808,California,3842.43,No,Basic,College,2024-03-02,Employed,F,"$39,041.00",Suburban,Married,$97.00,24,15,0,1,Corporate Auto,Corporate L3,2,Agent,$699.84,Four-Door Car,Medsize
LN50325,Arizona,13587.22,No,Extended,High School or Below,2024-03-02,Employed,F,"$27,594.00",Suburban,Married,$173.00,15,73,2,9,Corporate Auto,Corporate L3,3,Branch,$829.44,Sports Car,Medsize
OF77789,Arizona,5743.74,Yes,Basic,High School or Below,2024-03-02,Disabled,F,"$16,070.00",Suburban,Single,$82.00,46,15,2,3,Personal Auto,Personal L3,1,Web,$395.28,Two-Door Car,Small
HD95276,Washington,6396.13,No,Extended,College,2024-03-02,Unemployed,F,$0.00,Rural,Married,$176.00,0,126,0,1,Personal Auto,Personal L3,3,Branch,$32.16,SUV,Medsize
CM95716,California,11386.53,No,Basic,Bachelor,2024-03-02,Employed,M,"$59,692.00",Rural,Married,$96.00,32,49,0,2,Personal Auto,Personal L2,1,Agent,$97.48,Four-Door Car,Large
UQ30615,California,10235.85,Yes,Basic,College,2024-03-02,Employed,M,"$87,481.00",Urban,Married,$86.00,31,26,0,2,Corporate Auto,Corporate L3,2,Web,$362.44,Four-Door Car,Medsize
YB49933,Arizona,4987.09,No,Extended,Bachelor,2024-03-02,Employed,M,"$1,29,830.00",Suburban,Married,$124.00,11,116,0,1,Personal Auto,Personal L1,2,Call Center,$596.16,Four-Door Car,Large
HM76207,California,12220.07,No,Basic,College,2024-03-02,Employed,F,"$35,516.00",Suburban,Married,$154.00,14,41,0,3,Corporate Auto,Corporate L3,3,Web,$738.72,SUV,Medsize
DS97676,Oregon,3449.32,No,Basic,College,2024-03-02,Unemployed,F,$0.00,Suburban,Single,$97.00,19,32,0,1,Personal Auto,Personal L2,2,Agent,$699.84,Four-Door Car,Large
RG30482,Oregon,18452.28,No,Premium,College,2024-03-02,Unemployed,F,$0.00,Suburban,Single,$266.00,7,68,0,9,Personal Auto,Personal L3,1,Call Center,"$1,914.84",SUV,Medsize
GS98873,Arizona,4372.82,No,Extended,Bachelor,2024-03-02,Disabled,F,"$21,682.00",Suburban,Single,$119.00,35,31,0,1,Personal Auto,Personal L2,3,Web,$855.36,Four-Door Car,Medsize
FR56877,Arizona,15881.31,No,Extended,High School or Below,2024-03-02,Employed,F,"$38,888.00",Suburban,Married,$134.00,47,101,0,2,Special Auto,Special L3,2,Call Center,$641.52,Four-Door Car,Medsize
VW82067,Washington,6995.19,Yes,Basic,Master,2024-03-02,Employed,F,"$1,31,127.00",Suburban,Married,$86.00,7,108,0,6,Personal Auto,Personal L1,2,Agent,$414.72,Four-Door Car,Small
AC22873,Arizona,6551.69,No,Extended,High School or Below,2024-03-02,Medical Leave,F,"$23,112.00",Suburban,Married,$169.00,19,128,0,1,Special Auto,Special L3,1,Agent,$968.34,SUV,Medsize
XP16538,Arizona,5767.99,No,Basic,High School or Below,2024-03-02,Employed,F,"$1,09,528.00",Urban,Divorced,$144.00,26,70,0,1,Corporate Auto,Corporate L2,2,Agent,$565.79,SUV,Small
KC32511,Oregon,6995.19,Yes,Basic,Master,2024-03-02,Employed,F,"$1,31,127.00",Suburban,Married,$86.00,7,108,0,6,Personal Auto,Personal L2,2,Agent,$414.72,Four-Door Car,Small
BY88757,California,6996.32,No,Extended,Master,2024-03-02,Unemployed,M,$0.00,Suburban,Married,$182.00,3,55,1,1,Personal Auto,Personal L3,1,Call Center,"$1,268.36",SUV,Large
EW82164,California,5626.02,No,Basic,Bachelor,2024-03-02,Employed,F,"$76,816.00",Suburban,Married,$140.00,39,111,0,1,Personal Auto,Personal L2,1,Agent,$673.92,SUV,Small
DZ45471,Nevada,10235.85,Yes,Basic,College,2024-03-02,Employed,M,"$87,481.00",Urban,Married,$86.00,31,26,0,2,Personal Auto,Personal L1,2,Web,$362.44,Four-Door Car,Medsize
QO89177,California,16101.12,No,Premium,College,2024-03-02,Employed,M,"$67,816.00",Suburban,Divorced,$136.00,16,1,0,2,Personal Auto,Personal L3,1,Agent,$654.48,Four-Door Car,Small
WI29961,Nevada,7340.55,No,Basic,High School or Below,2024-03-02,Employed,M,"$38,263.00",Suburban,Married,$93.00,26,119,0,8,Personal Auto,Personal L2,2,Branch,$447.12,Two-Door Car,Medsize
PT15464,Arizona,12350.99,No,Basic,Bachelor,2024-03-02,Employed,F,"$92,119.00",Rural,Married,$154.00,3,101,0,6,Personal Auto,Personal L3,2,Agent,$27.98,SUV,Medsize
BV91898,Arizona,40691.18,No,Basic,Bachelor,2024-03-02,Unemployed,F,$0.00,Suburban,Single,$139.00,12,97,0,2,Personal Auto,Personal L1,3,Web,"$1,431.42",SUV,Medsize
WC21901,Arizona,3166.1,No,Basic,College,2024-03-02,Employed,M,"$69,386.00",Suburban,Single,$82.00,27,82,0,1,Personal Auto,Personal L3,1,Branch,$395.28,Four-Door Car,Medsize
XH89851,California,9783.73,No,Extended,College,2024-03-02,Employed,F,"$85,410.00",Suburban,Single,$124.00,30,42,0,8,Personal Auto,Personal L1,1,Agent,$715.96,Four-Door Car,Medsize
KN13494,Washington,6995.19,Yes,Basic,Master,2024-03-02,Employed,F,"$1,31,127.00",Suburban,Married,$86.00,7,108,0,6,Personal Auto,Personal L1,2,Agent,$414.72,Four-Door Car,Small
KG53186,Nevada,4234.54,No,Extended,College,2024-03-02,Employed,M,"$80,519.00",Suburban,Married,$107.00,20,127,0,1,Corporate Auto,Corporate L3,1,Agent,$511.92,Four-Door Car,Medsize
KK15032,Arizona,3648.21,No,Basic,High School or Below,2024-03-02,Employed,F,"$62,600.00",Suburban,Married,$92.00,38,116,1,1,Personal Auto,Personal L1,2,Web,$440.64,Two-Door Car,Medsize
KA95160,Arizona,31329.79,No,Basic,Master,2024-03-02,Employed,F,"$1,21,389.00",Urban,Divorced,$155.00,19,57,0,2,Personal Auto,Personal L3,4,Web,$571.21,SUV,Medsize
DS50601,Nevada,13504.38,No,Extended,Bachelor,2024-03-02,Employed,M,"$1,32,559.00",Suburban,Married,$113.00,3,86,1,2,Personal Auto,Personal L3,1,Agent,$544.32,Four-Door Car,Large
BE33446,Arizona,6770.26,Yes,Extended,Bachelor,2024-03-02,Employed,F,"$65,565.00",Suburban,Single,$176.00,16,20,0,1,Personal Auto,Personal L1,2,Agent,$842.40,SUV,Medsize
JE62426,Arizona,7976.02,No,Basic,High School or Below,2024-03-02,Employed,F,"$1,16,474.00",Urban,Divorced,$100.00,26,45,0,3,Personal Auto,Personal L2,2,Agent,$286.25,Four-Door Car,Medsize
KB50999,California,7281.9,No,Basic,College,2024-03-02,Employed,F,"$37,217.00",Urban,Married,$92.00,0,84,0,3,Personal Auto,Personal L3,3,Call Center,$376.23,Two-Door Car,Medsize
ND87457,Nevada,8224.06,No,Extended,Bachelor,2024-03-02,Employed,M,"$88,090.00",Suburban,Divorced,$105.00,36,101,0,9,Personal Auto,Personal L3,2,Branch,$651.36,Four-Door Car,Medsize
TY59231,California,6770.26,Yes,Extended,Bachelor,2024-03-02,Employed,F,"$65,565.00",Suburban,Single,$176.00,16,20,0,1,Personal Auto,Personal L3,2,Agent,$842.40,SUV,Medsize
YQ11786,Oregon,10524.6,No,Basic,High School or Below,2024-03-02,Employed,M,"$43,428.00",Urban,Married,$269.00,0,100,0,1,Personal Auto,Personal L3,4,Call Center,"$1,060.86",Luxury SUV,Medsize
XY39691,Arizona,5612.89,No,Basic,High School or Below,2024-03-02,Unemployed,F,$0.00,Suburban,Married,$149.00,5,82,0,1,Personal Auto,Personal L2,1,Web,$712.80,SUV,Medsize
IJ21010,Arizona,6770.26,Yes,Extended,Bachelor,2024-03-02,Employed,F,"$65,565.00",Suburban,Single,$176.00,16,20,0,1,Personal Auto,Personal L2,2,Agent,$842.40,SUV,Medsize
IM14119,Arizona,3431.79,No,Basic,Bachelor,2024-03-02,Employed,F,"$1,14,068.00",Suburban,Married,$85.00,20,82,0,1,Special Auto,Special L3,2,Branch,$408.24,Two-Door Car,Small
SA77508,Oregon,7769.05,No,Basic,High School or Below,2024-03-02,Employed,F,"$39,771.00",Rural,Married,$97.00,4,24,0,5,Personal Auto,Personal L3,2,Branch,$39.56,Four-Door Car,Large
DP87594,Oregon,3802.62,No,Basic,Bachelor,2024-03-02,Employed,F,"$89,131.00",Urban,Married,$95.00,15,127,0,1,Personal Auto,Personal L3,1,Branch,$358.60,Two-Door Car,Medsize
AR47849,Nevada,6770.26,Yes,Extended,Bachelor,2024-03-02,Employed,F,"$65,565.00",Suburban,Single,$176.00,16,20,0,1,Personal Auto,Personal L1,2,Agent,$842.40,SUV,Medsize
KG49115,California,8502.54,No,Extended,College,2024-03-02,Employed,F,"$1,20,705.00",Rural,Married,$105.00,19,134,0,4,Personal Auto,Personal L1,2,Web,$156.92,Four-Door Car,Medsize
LG45661,Nevada,28269.41,No,Basic,High School or Below,2024-03-02,Unemployed,F,$0.00,Suburban,Single,$90.00,15,8,0,2,Personal Auto,Personal L3,2,Agent,$651.24,Four-Door Car,Medsize
CO12132,California,11987.72,Yes,Basic,High School or Below,2024-03-02,Employed,F,"$70,987.00",Urban,Single,$153.00,16,80,0,7,Personal Auto,Personal L3,1,Agent,$713.07,SUV,Small
VG11458,California,6440.5,No,Basic,Bachelor,2024-03-02,Medical Leave,M,"$38,699.00",Suburban,Divorced,$86.00,31,109,0,8,Personal Auto,Personal L3,2,Branch,$414.72,Four-Door Car,Large
PN12718,California,11719.41,No,Extended,Bachelor,2024-03-02,Unemployed,M,$0.00,Suburban,Married,$116.00,8,77,2,2,Personal Auto,Personal L1,2,Branch,$730.64,Two-Door Car,Large
SO57563,Arizona,9965.58,No,Extended,College,2024-03-02,Employed,M,"$74,085.00",Rural,Married,$130.00,7,15,3,9,Personal Auto,Personal L3,3,Call Center,$276.69,Four-Door Car,Medsize
LA66902,Arizona,3319.06,No,Basic,College,2024-03-02,Unemployed,M,$0.00,Suburban,Single,$96.00,28,11,1,1,Personal Auto,Personal L2,1,Agent,$690.12,Two-Door Car,Medsize
OQ69520,Arizona,10670.39,No,Basic,Master,2024-03-02,Employed,F,"$47,798.00",Rural,Divorced,$93.00,18,20,4,2,Corporate Auto,Corporate L3,1,Agent,$91.13,Four-Door Car,Small
OO49507,Washington,6116.02,No,Basic,Doctor,2024-03-02,Employed,F,"$71,492.00",Urban,Married,$151.00,19,124,0,1,Personal Auto,Personal L2,1,Branch,$574.32,Sports Car,Medsize
BH36973,Oregon,3685.98,No,Basic,College,2024-03-02,Employed,F,"$85,591.00",Urban,Married,$92.00,1,24,0,1,Personal Auto,Personal L1,2,Agent,$273.97,Four-Door Car,Medsize
SG54382,Arizona,11672.84,No,Extended,Bachelor,2024-03-02,Employed,M,"$35,051.00",Suburban,Married,$103.00,28,117,2,2,Corporate Auto,Corporate L3,1,Branch,$492.48,Four-Door Car,Medsize
GC34791,Nevada,12500.64,No,Basic,High School or Below,2024-03-02,Disabled,M,"$23,097.00",Suburban,Married,$84.00,9,61,0,2,Personal Auto,Personal L3,2,Agent,$401.76,Two-Door Car,Medsize
KE57057,California,3105.45,No,Basic,High School or Below,2024-03-02,Unemployed,F,$0.00,Suburban,Single,$89.00,12,14,1,1,Corporate Auto,Corporate L3,2,Agent,$641.52,Four-Door Car,Small
DN66715,California,6995.19,Yes,Basic,Master,2024-03-02,Employed,F,"$1,31,127.00",Suburban,Married,$86.00,7,108,0,6,Personal Auto,Personal L3,2,Agent,$414.72,Four-Door Car,Small
KJ19260,Arizona,6321.04,No,Basic,College,2024-03-02,Employed,M,"$51,204.00",Rural,Divorced,$82.00,28,47,0,5,Corporate Auto,Corporate L2,2,Call Center,$162.59,Four-Door Car,Medsize
CJ81391,Oregon,10235.85,Yes,Basic,College,2024-03-02,Employed,M,"$87,481.00",Urban,Married,$86.00,31,26,0,2,Personal Auto,Personal L3,2,Web,$362.44,Four-Door Car,Medsize
TK13024,Oregon,5950.9,No,Basic,College,2024-03-02,Employed,M,"$1,08,864.00",Urban,Married,$150.00,3,113,0,1,Personal Auto,Personal L3,2,Web,$422.92,SUV,Medsize
NA21420,Oregon,7125.57,No,Basic,Bachelor,2024-03-02,Employed,F,"$83,800.00",Rural,Divorced,$90.00,32,30,0,4,Corporate Auto,Corporate L3,2,Agent,$66.74,Four-Door Car,Medsize
WE80653,Oregon,9216.69,No,Basic,Bachelor,2024-03-02,Unemployed,F,$0.00,Rural,Divorced,$139.00,3,101,2,6,Personal Auto,Personal L3,1,Agent,$3.31,SUV,Medsize
EE28119,Arizona,6304.58,No,Premium,Bachelor,2024-03-02,Employed,F,"$94,393.00",Urban,Divorced,$159.00,38,30,2,1,Personal Auto,Personal L3,1,Agent,$503.86,Two-Door Car,Medsize
ZL68596,Arizona,11947.08,No,Basic,Master,2024-03-02,Employed,M,"$71,858.00",Rural,Married,$99.00,35,45,0,2,Special Auto,Special L1,2,Branch,$185.21,Four-Door Car,Medsize
FK46365,Washington,5540.2,No,Basic,College,2024-03-02,Employed,F,"$1,11,276.00",Suburban,Married,$138.00,32,7,0,1,Personal Auto,Personal L3,2,Agent,$660.96,SUV,Small
SK58227,California,11987.72,Yes,Basic,High School or Below,2024-03-02,Employed,F,"$70,987.00",Urban,Single,$153.00,16,80,0,7,Personal Auto,Personal L2,1,Agent,$713.07,SUV,Small
UY13430,Oregon,11987.72,Yes,Basic,High School or Below,2024-03-02,Employed,F,"$70,987.00",Urban,Single,$153.00,16,80,0,7,Special Auto,Special L2,1,Agent,$713.07,SUV,Small
NC76877,California,6621.92,No,Basic,Bachelor,2024-03-02,Employed,F,"$1,18,858.00",Urban,Married,$82.00,3,58,0,3,Corporate Auto,Corporate L2,2,Web,$254.77,Four-Door Car,Small
LV57595,California,6995.19,Yes,Basic,Master,2024-03-02,Employed,F,"$1,31,127.00",Suburban,Married,$86.00,7,108,0,6,Corporate Auto,Corporate L3,2,Agent,$414.72,Four-Door Car,Small
GX13549,California,6715.22,No,Basic,High School or Below,2024-03-02,Unemployed,F,$0.00,Suburban,Single,$95.00,24,100,0,3,Personal Auto,Personal L1,1,Call Center,$453.60,Four-Door Car,Medsize
QJ90136,California,14114.91,No,Extended,High School or Below,2024-03-02,Employed,F,"$38,290.00",Suburban,Divorced,$180.00,0,47,0,3,Personal Auto,Personal L3,1,Agent,$861.84,Sports Car,Medsize
QQ26855,California,11987.72,Yes,Basic,High School or Below,2024-03-02,Employed,F,"$70,987.00",Urban,Single,$153.00,16,80,0,7,Personal Auto,Personal L3,1,Agent,$713.07,SUV,Small
KB35786,Oregon,6082.9,No,Basic,Bachelor,2024-03-02,Medical Leave,M,"$27,383.00",Suburban,Single,$88.00,19,113,1,3,Personal Auto,Personal L2,1,Agent,$719.29,Four-Door Car,Medsize
BM30720,Nevada,9911.42,No,Basic,High School or Below,2024-03-02,Employed,F,"$37,326.00",Suburban,Single,$85.00,4,85,0,2,Personal Auto,Personal L3,4,Web,$408.24,Four-Door Car,Small
XP50892,Oregon,5319.17,No,Basic,High School or Below,2024-03-02,Employed,M,"$1,24,928.00",Rural,Single,$135.00,1,74,0,1,Corporate Auto,Corporate L3,2,Branch,$34.71,SUV,Medsize
PX31667,Washington,3985.69,No,Basic,High School or Below,2024-03-02,Employed,M,"$70,467.00",Suburban,Married,$100.00,3,84,0,1,Personal Auto,Personal L3,1,Branch,$479.52,Two-Door Car,Small
BL12371,Arizona,7817.26,No,Basic,Master,2024-03-02,Employed,M,"$1,14,144.00",Rural,Divorced,$97.00,14,111,0,5,Personal Auto,Personal L3,2,Agent,$39.05,Four-Door Car,Large
IW17510,California,10238.35,No,Basic,High School or Below,2024-03-02,Unemployed,F,$0.00,Suburban,Single,$138.00,36,39,0,5,Personal Auto,Personal L3,2,Call Center,"$1,145.02",Sports Car,Medsize
RI46607,California,6770.26,Yes,Extended,Bachelor,2024-03-02,Employed,F,"$65,565.00",Suburban,Single,$176.00,16,20,0,1,Corporate Auto,Corporate L2,2,Agent,$842.40,SUV,Medsize
ES97399,Nevada,14464.19,No,Extended,High School or Below,2024-03-02,Employed,M,"$75,592.00",Suburban,Married,$124.00,26,101,2,2,Corporate Auto,Corporate L3,3,Agent,$596.16,Four-Door Car,Medsize
XU76821,California,27513.09,No,Basic,College,2024-03-02,Employed,F,"$44,786.00",Rural,Single,$89.00,42,103,0,2,Corporate Auto,Corporate L3,3,Agent,$114.10,Two-Door Car,Medsize
UV52613,Arizona,3676.03,No,Basic,College,2024-03-02,Disabled,M,"$28,170.00",Suburban,Married,$96.00,0,107,0,1,Personal Auto,Personal L3,4,Agent,$460.08,Four-Door Car,Medsize
XS83731,Arizona,9951.64,No,Basic,College,2024-03-02,Unemployed,F,$0.00,Suburban,Divorced,$92.00,3,95,0,2,Personal Auto,Personal L1,3,Agent,$573.94,Four-Door Car,Medsize
AF47139,Oregon,11348.62,No,Basic,College,2024-03-02,Employed,F,"$57,429.00",Rural,Married,$95.00,20,70,0,2,Personal Auto,Personal L1,1,Agent,$58.79,Four-Door Car,Medsize
EU38033,Nevada,7961.96,No,Basic,High School or Below,2024-03-02,Employed,M,"$52,904.00",Suburban,Divorced,$100.00,12,3,0,3,Personal Auto,Personal L3,3,Web,$479.52,Four-Door Car,Medsize
HW36182,California,3531.48,No,Basic,Master,2024-03-02,Unemployed,M,$0.00,Suburban,Married,$96.00,30,61,0,1,Personal Auto,Personal L1,2,Agent,$460.08,Two-Door Car,Medsize
VK37392,Arizona,10492.84,No,Extended,College,2024-03-02,Employed,M,"$78,766.00",Urban,Married,$132.00,1,8,0,6,Personal Auto,Personal L1,1,Branch,$468.41,Four-Door Car,Small
JF11031,California,7232.97,No,Extended,College,2024-03-02,Unemployed,M,$0.00,Suburban,Single,$111.00,9,104,0,7,Personal Auto,Personal L3,2,Web,$531.36,Four-Door Car,Medsize
JI42730,Arizona,5002.14,No,Extended,High School or Below,2024-03-02,Employed,M,"$1,14,066.00",Suburban,Married,$124.00,39,26,0,1,Personal Auto,Personal L3,4,Agent,$596.16,Four-Door Car,Small
YH24323,California,3390.79,No,Basic,College,2024-03-02,Medical Leave,F,"$20,123.00",Suburban,Married,$89.00,42,0,0,1,Corporate Auto,Corporate L3,2,Branch,$569.20,Four-Door Car,Small
WF91295,Oregon,5743.74,Yes,Basic,High School or Below,2024-03-02,Disabled,F,"$16,070.00",Suburban,Single,$82.00,46,15,2,3,Personal Auto,Personal L2,1,Web,$395.28,Two-Door Car,Small
AV17528,Nevada,12464.81,No,Basic,High School or Below,2024-03-02,Employed,F,"$57,510.00",Suburban,Married,$155.00,14,105,0,3,Personal Auto,Personal L2,2,Branch,$891.18,Sports Car,Medsize
FN66436,California,14474.79,No,Extended,College,2024-03-02,Employed,F,"$73,320.00",Urban,Married,$122.00,27,55,0,2,Personal Auto,Personal L3,2,Agent,$520.52,Two-Door Car,Medsize
XB91559,Washington,7120.48,No,Basic,College,2024-03-02,Employed,M,"$59,469.00",Suburban,Married,$90.00,28,109,0,3,Personal Auto,Personal L2,2,Agent,$434.16,Four-Door Car,Large
RA38184,Arizona,4649.63,No,Extended,Bachelor,2024-03-02,Unemployed,F,$0.00,Rural,Married,$126.00,14,85,0,1,Corporate Auto,Corporate L3,1,Agent,$10.79,Four-Door Car,Medsize
LI13735,Oregon,4203.01,No,Extended,Bachelor,2024-03-02,Employed,F,"$1,15,541.00",Rural,Married,$104.00,15,74,0,1,Personal Auto,Personal L3,4,Call Center,$18.15,Two-Door Car,Medsize
HS97484,California,43790.02,No,Extended,College,2024-03-02,Unemployed,F,$0.00,Suburban,Divorced,$134.00,20,115,0,2,Personal Auto,Personal L3,1,Call Center,$641.52,Four-Door Car,Medsize
UY85263,Nevada,15194.88,No,Extended,Bachelor,2024-03-02,Employed,F,"$1,19,958.00",Urban,Married,$126.00,3,81,0,2,Personal Auto,Personal L2,2,Agent,$419.00,Four-Door Car,Small
FT24768,California,8786.83,No,Extended,Bachelor,2024-03-02,Employed,M,"$81,254.00",Urban,Married,$113.00,20,66,3,4,Personal Auto,Personal L3,1,Agent,$450.12,Four-Door Car,Medsize
IZ47097,Arizona,3951.74,No,Basic,Master,2024-03-02,Employed,F,"$1,03,748.00",Suburban,Married,$97.00,11,113,0,1,Personal Auto,Personal L3,1,Agent,$466.56,Four-Door Car,Medsize
EQ75249,Arizona,7881.48,No,Basic,College,2024-03-02,Employed,F,"$74,816.00",Rural,Married,$97.00,42,61,0,9,Personal Auto,Personal L2,1,Web,$231.08,Four-Door Car,Medsize
HY68437,Oregon,9104.66,No,Extended,High School or Below,2024-03-02,Unemployed,M,$0.00,Suburban,Married,$122.00,4,100,0,4,Personal Auto,Personal L3,1,Branch,$739.68,Four-Door Car,Medsize
EV14479,California,9671.13,No,Extended,Bachelor,2024-03-02,Employed,M,"$60,111.00",Urban,Married,$127.00,27,123,2,5,Personal Auto,Personal L3,1,Call Center,$387.40,Four-Door Car,Large
UF28233,Washington,7048.55,No,Basic,High School or Below,2024-03-02,Employed,F,"$81,601.00",Urban,Married,$88.00,11,72,0,8,Personal Auto,Personal L1,2,Branch,$377.26,Four-Door Car,Medsize
LF36128,California,10036.27,No,Basic,College,2024-03-02,Employed,F,"$66,227.00",Rural,Single,$85.00,22,70,0,2,Personal Auto,Personal L3,2,Call Center,$39.98,Two-Door Car,Medsize
LY93301,Oregon,16869.25,No,Basic,Bachelor,2024-03-02,Unemployed,M,$0.00,Suburban,Single,$82.00,43,115,0,2,Corporate Auto,Corporate L3,3,Agent,$395.28,Two-Door Car,Medsize
BY78730,Oregon,11987.72,Yes,Basic,High School or Below,2024-03-02,Employed,F,"$70,987.00",Urban,Single,$153.00,16,80,0,7,Special Auto,Special L2,1,Agent,$713.07,SUV,Small
XU20264,Arizona,11562.44,No,Premium,Bachelor,2024-03-02,Disabled,M,"$31,733.00",Suburban,Single,$153.00,0,36,0,9,Personal Auto,Personal L3,1,Branch,"$1,098.36",Four-Door Car,Medsize
LG85340,Oregon,10916.12,No,Basic,Bachelor,2024-03-02,Employed,F,"$95,595.00",Rural,Married,$135.00,19,11,0,7,Personal Auto,Personal L3,3,Agent,$191.23,Sports Car,Medsize
YY16391,Oregon,15979,No,Premium,College,2024-03-02,Unemployed,M,$0.00,Suburban,Single,$161.00,12,100,0,2,Personal Auto,Personal L2,3,Call Center,"$1,156.68",Four-Door Car,Medsize
RO25639,Nevada,7347.7,No,Basic,Doctor,2024-03-02,Employed,F,"$34,943.00",Urban,Married,$93.00,24,49,3,9,Personal Auto,Personal L3,2,Branch,$394.57,Four-Door Car,Medsize
SC47383,Nevada,9999.29,No,Basic,Bachelor,2024-03-02,Employed,F,"$51,528.00",Rural,Married,$84.00,24,111,0,2,Corporate Auto,Corporate L2,1,Branch,$96.77,Four-Door Car,Medsize
LV27997,Oregon,10235.85,Yes,Basic,College,2024-03-02,Employed,M,"$87,481.00",Urban,Married,$86.00,31,26,0,2,Personal Auto,Personal L2,2,Web,$362.44,Four-Door Car,Medsize
CD45044,Arizona,10260.05,No,Basic,High School or Below,2024-03-02,Unemployed,F,$0.00,Suburban,Single,$95.00,4,127,0,2,Personal Auto,Personal L2,1,Agent,$680.40,Four-Door Car,Medsize
ZC61874,Arizona,12906.07,No,Extended,Doctor,2024-03-02,Disabled,F,"$26,229.00",Suburban,Married,$165.00,24,28,0,9,Special Auto,Special L1,1,Branch,$922.66,SUV,Small
KL43280,California,12506.84,No,Premium,College,2024-03-02,Employed,M,"$93,235.00",Suburban,Married,$155.00,16,88,0,3,Personal Auto,Personal L1,1,Branch,$745.20,Two-Door Car,Small
ZM24497,California,22975.91,No,Extended,High School or Below,2024-03-02,Employed,M,"$1,33,141.00",Suburban,Married,$285.00,23,93,0,9,Personal Auto,Personal L3,4,Web,"$1,367.28",Luxury SUV,Large
OJ37666,California,3379.86,No,Basic,Bachelor,2024-03-02,Employed,F,"$63,835.00",Suburban,Married,$85.00,9,4,0,1,Personal Auto,Personal L3,4,Call Center,$408.24,Four-Door Car,Medsize
GW77328,Oregon,7039.36,No,Basic,Doctor,2024-03-02,Employed,M,"$94,488.00",Rural,Married,$88.00,36,59,0,7,Personal Auto,Personal L3,2,Call Center,$6.24,Four-Door Car,Medsize
NE29938,California,17334.58,No,Extended,College,2024-03-02,Unemployed,F,$0.00,Suburban,Single,$122.00,1,127,0,2,Personal Auto,Personal L2,1,Call Center,$874.80,Two-Door Car,Large
CE11667,Oregon,10235.85,Yes,Basic,College,2024-03-02,Employed,M,"$87,481.00",Urban,Married,$86.00,31,26,0,2,Corporate Auto,Corporate L3,2,Web,$362.44,Four-Door Car,Medsize
NW65065,California,5743.74,Yes,Basic,High School or Below,2024-03-02,Disabled,F,"$16,070.00",Suburban,Single,$82.00,46,15,2,3,Corporate Auto,Corporate L3,1,Web,$395.28,Two-Door Car,Small
UQ51981,Oregon,11987.72,Yes,Basic,High School or Below,2024-03-02,Employed,F,"$70,987.00",Urban,Single,$153.00,16,80,0,7,Personal Auto,Personal L3,1,Agent,$713.07,SUV,Small
AE89300,Arizona,11103.44,No,Basic,Bachelor,2024-03-02,Employed,F,"$1,11,556.00",Urban,Single,$140.00,11,100,0,3,Personal Auto,Personal L3,3,Agent,$437.53,SUV,Medsize
WL46640,Nevada,6050.72,No,Basic,College,2024-03-02,Employed,M,"$85,019.00",Suburban,Single,$155.00,46,54,0,1,Corporate Auto,Corporate L3,3,Agent,$745.20,SUV,Small
FD72269,California,7539.7,No,Basic,High School or Below,2024-03-02,Disabled,F,"$26,627.00",Suburban,Married,$97.00,27,66,0,4,Personal Auto,Personal L1,1,Agent,$466.56,Four-Door Car,Large
NU22358,Washington,6995.19,Yes,Basic,Master,2024-03-02,Employed,F,"$1,31,127.00",Suburban,Married,$86.00,7,108,0,6,Special Auto,Special L2,2,Agent,$414.72,Four-Door Car,Small
ZH30674,Oregon,11351.22,No,Premium,Bachelor,2024-03-02,Employed,M,"$1,13,523.00",Urban,Married,$142.00,24,65,0,9,Personal Auto,Personal L3,3,Agent,$513.76,Four-Door Car,Medsize
DK92014,Arizona,5743.74,Yes,Basic,High School or Below,2024-03-02,Disabled,F,"$16,070.00",Suburban,Single,$82.00,46,15,2,3,Personal Auto,Personal L3,1,Web,$395.28,Two-Door Car,Small
IA18854,California,6696.74,No,Basic,High School or Below,2024-03-02,Medical Leave,M,"$29,211.00",Suburban,Married,$88.00,12,109,0,8,Personal Auto,Personal L3,1,Web,$631.80,Four-Door Car,Small
HY35960,Arizona,6692.5,No,Basic,High School or Below,2024-03-02,Medical Leave,M,"$13,762.00",Suburban,Married,$88.00,46,47,0,4,Personal Auto,Personal L3,4,Branch,$421.20,Two-Door Car,Small
IS94199,California,5743.74,Yes,Basic,High School or Below,2024-03-02,Disabled,F,"$16,070.00",Suburban,Single,$82.00,46,15,2,3,Personal Auto,Personal L2,1,Web,$395.28,Two-Door Car,Small
VA95387,Nevada,9764.02,No,Basic,High School or Below,2024-03-02,Employed,M,"$62,938.00",Rural,Married,$82.00,27,42,0,2,Corporate Auto,Corporate L3,2,Branch,$41.11,Four-Door Car,Medsize
TZ76531,California,16860.44,No,Premium,High School or Below,2024-03-02,Unemployed,M,$0.00,Suburban,Married,$153.00,5,18,0,2,Personal Auto,Personal L3,3,Call Center,$732.24,Four-Door Car,Medsize
TU68427,Arizona,3577.04,No,Basic,High School or Below,2024-03-02,Unemployed,F,$0.00,Suburban,Single,$99.00,4,126,0,1,Personal Auto,Personal L3,2,Web,$473.04,Two-Door Car,Medsize
MO38559,Arizona,7147.21,No,Basic,Doctor,2024-03-02,Unemployed,F,$0.00,Rural,Married,$95.00,12,26,0,3,Personal Auto,Personal L2,2,Call Center,$27.70,Four-Door Car,Medsize
JE99638,Arizona,10394.5,No,Basic,Bachelor,2024-03-02,Medical Leave,M,"$31,829.00",Rural,Married,$92.00,1,90,0,2,Personal Auto,Personal L3,2,Agent,$123.95,Four-Door Car,Medsize
GU91528,Oregon,5743.74,Yes,Basic,High School or Below,2024-03-02,Disabled,F,"$16,070.00",Suburban,Single,$82.00,46,15,2,3,Personal Auto,Personal L1,1,Web,$395.28,Two-Door Car,Small
VQ78876,Oregon,6291.54,No,Basic,Bachelor,2024-03-02,Employed,F,"$1,21,276.00",Rural,Married,$157.00,32,15,0,1,Corporate Auto,Corporate L3,1,Branch,$58.26,SUV,Medsize
FO83170,California,3937.11,No,Basic,Doctor,2024-03-02,Employed,M,"$1,15,853.00",Rural,Married,$97.00,0,42,0,1,Personal Auto,Personal L1,4,Agent,$209.23,Four-Door Car,Medsize
YQ16427,California,3261.38,No,Basic,High School or Below,2024-03-02,Unemployed,F,$0.00,Suburban,Married,$86.00,35,23,0,1,Personal Auto,Personal L3,2,Web,$486.29,Four-Door Car,Large
MT78037,California,3711.06,No,Basic,High School or Below,2024-03-02,Employed,M,"$75,551.00",Suburban,Divorced,$93.00,27,0,0,1,Personal Auto,Personal L2,2,Branch,$670.68,Four-Door Car,Medsize
NP40205,California,10666.93,No,Extended,Bachelor,2024-03-02,Employed,M,"$1,34,610.00",Rural,Married,$132.00,32,32,0,7,Corporate Auto,Corporate L3,2,Branch,$15.59,Four-Door Car,Small
WA94988,California,26092.63,No,Extended,Bachelor,2024-03-02,Employed,F,"$77,281.00",Suburban,Single,$167.00,34,20,0,2,Corporate Auto,Corporate L3,2,Call Center,$920.13,Sports Car,Small
MB15338,California,15487.52,No,Basic,College,2024-03-02,Employed,M,"$83,881.00",Rural,Single,$99.00,18,19,0,2,Personal Auto,Personal L2,2,Web,$34.20,Two-Door Car,Medsize
KA25468,California,6622.18,No,Basic,Master,2024-03-02,Employed,M,"$62,339.00",Suburban,Married,$82.00,11,43,0,8,Personal Auto,Personal L3,1,Web,$511.75,Four-Door Car,Small
KZ35883,California,44939.02,No,Premium,College,2024-03-02,Employed,F,"$1,23,580.00",Rural,Married,$159.00,31,4,0,2,Personal Auto,Personal L2,2,Branch,$69.59,Four-Door Car,Medsize
PD11073,California,10280.02,No,Extended,College,2024-03-02,Employed,F,"$47,311.00",Urban,Married,$130.00,28,63,0,5,Personal Auto,Personal L3,1,Agent,$567.82,Four-Door Car,Medsize
UP19263,California,10158,No,Extended,College,2024-03-02,Employed,M,"$29,620.00",Suburban,Married,$130.00,46,4,0,3,Personal Auto,Personal L2,3,Branch,$933.12,Four-Door Car,Large
MR52087,California,10386.99,No,Basic,Bachelor,2024-04-01,Employed,F,"$43,609.00",Rural,Married,$88.00,18,46,0,2,Personal Auto,Personal L1,3,Branch,$60.96,Four-Door Car,Medsize
AB72731,California,6263.98,No,Basic,Bachelor,2024-04-01,Employed,F,"$38,283.00",Rural,Married,$158.00,32,50,0,1,Personal Auto,Personal L2,2,Call Center,$113.43,Sports Car,Medsize
AB13432,California,5043.38,No,Basic,Bachelor,2024-04-01,Unemployed,M,$0.00,Suburban,Single,$149.00,4,22,0,1,Personal Auto,Personal L3,1,Agent,"$1,069.20",SUV,Medsize
SY56792,Oregon,9497.97,No,Premium,High School or Below,2024-04-01,Unemployed,M,$0.00,Suburban,Divorced,$136.00,22,119,0,8,Corporate Auto,Corporate L3,3,Web,$981.72,Four-Door Car,Medsize
SL35268,Arizona,7362.71,No,Basic,College,2024-04-01,Employed,M,"$41,654.00",Urban,Married,$92.00,9,20,0,7,Corporate Auto,Corporate L3,2,Web,$349.73,Four-Door Car,Medsize
BD35676,Arizona,39412.39,No,Extended,Master,2024-04-01,Employed,M,"$47,650.00",Urban,Single,$170.00,26,15,0,2,Personal Auto,Personal L1,2,Branch,$611.03,SUV,Medsize
GR62267,Washington,7572.26,No,Basic,College,2024-04-01,Employed,F,"$60,352.00",Rural,Divorced,$96.00,28,85,0,6,Personal Auto,Personal L2,1,Branch,$200.03,Two-Door Car,Medsize
GL20444,Nevada,18600.8,No,Premium,Master,2024-04-01,Employed,F,"$1,23,490.00",Rural,Married,$153.00,12,134,0,2,Corporate Auto,Corporate L3,3,Branch,$32.52,Two-Door Car,Large
SU56153,Nevada,10498.73,No,Basic,Bachelor,2024-04-01,Employed,M,"$85,817.00",Suburban,Married,$88.00,26,7,0,2,Corporate Auto,Corporate L3,4,Agent,$527.57,Two-Door Car,Medsize
YQ15567,Oregon,12196.31,No,Basic,Bachelor,2024-04-01,Medical Leave,F,"$25,442.00",Suburban,Married,$155.00,22,113,0,3,Personal Auto,Personal L2,1,Agent,$745.20,SUV,Small
QR15221,Washington,3488.68,No,Basic,High School or Below,2024-04-01,Employed,F,"$30,459.00",Suburban,Married,$88.00,5,109,0,1,Personal Auto,Personal L3,1,Branch,$421.20,Two-Door Car,Medsize
UX92071,Oregon,9103.21,No,Basic,High School or Below,2024-04-01,Unemployed,M,$0.00,Suburban,Single,$269.00,8,50,0,1,Personal Auto,Personal L1,4,Call Center,"$1,289.52",Luxury SUV,Medsize
LV62981,Arizona,9280.34,No,Extended,College,2024-04-01,Employed,M,"$29,826.00",Suburban,Divorced,$117.00,20,11,0,9,Corporate Auto,Corporate L3,4,Branch,$832.61,Two-Door Car,Medsize
ZV93969,Washington,6418.51,No,Extended,College,2024-04-01,Unemployed,F,$0.00,Suburban,Single,$184.00,7,62,0,1,Corporate Auto,Corporate L1,1,Call Center,$881.28,SUV,Medsize
YJ43481,Arizona,11513.19,No,Basic,High School or Below,2024-04-01,Employed,F,"$1,22,984.00",Urban,Single,$144.00,19,50,0,3,Corporate Auto,Corporate L2,1,Call Center,$548.68,SUV,Medsize
IC41932,Nevada,5901.11,No,Basic,College,2024-04-01,Employed,M,"$76,569.00",Suburban,Divorced,$153.00,9,128,1,1,Personal Auto,Personal L3,1,Call Center,$732.24,SUV,Medsize
RZ24101,Nevada,9642.44,No,Premium,College,2024-04-01,Medical Leave,F,"$32,963.00",Suburban,Divorced,$250.00,30,34,0,1,Personal Auto,Personal L3,1,Call Center,"$1,198.80",SUV,Medsize
KH44031,Oregon,4272.07,No,Extended,Master,2024-04-01,Unemployed,F,$0.00,Suburban,Married,$112.00,27,43,0,1,Personal Auto,Personal L1,2,Call Center,$537.84,Four-Door Car,Medsize
VL80291,Nevada,4333.05,No,Extended,Master,2024-04-01,Employed,F,"$1,05,967.00",Rural,Divorced,$107.00,8,54,0,1,Personal Auto,Personal L3,2,Web,$165.11,Two-Door Car,Medsize
BN74268,Arizona,15880.26,No,Extended,College,2024-04-01,Employed,F,"$37,861.00",Suburban,Married,$134.00,9,134,0,2,Personal Auto,Personal L3,1,Branch,$641.52,Four-Door Car,Medsize
OC80343,Oregon,10473.2,No,Basic,Bachelor,2024-04-01,Employed,M,"$67,071.00",Rural,Single,$136.00,41,66,0,3,Personal Auto,Personal L2,1,Web,$268.44,SUV,Medsize
WD48852,Oregon,17262,No,Basic,College,2024-04-01,Unemployed,F,$0.00,Suburban,Single,$243.00,19,95,0,4,Special Auto,Special L2,3,Agent,"$1,749.60",Luxury SUV,Medsize
JG87029,Oregon,3205.98,No,Basic,High School or Below,2024-04-01,Employed,M,"$77,406.00",Suburban,Single,$82.00,11,65,0,1,Personal Auto,Personal L2,2,Call Center,$395.28,Two-Door Car,Small
OW85480,California,7219.9,No,Basic,Master,2024-04-01,Medical Leave,M,"$34,486.00",Suburban,Married,$93.00,26,66,0,9,Personal Auto,Personal L3,1,Agent,$447.12,Four-Door Car,Medsize
KK27683,Nevada,5418.7,No,Basic,High School or Below,2024-04-01,Disabled,F,"$20,808.00",Suburban,Married,$143.00,5,90,0,1,Personal Auto,Personal L1,2,Branch,$686.88,SUV,Large
CP30637,California,6637.01,No,Extended,High School or Below,2024-04-01,Employed,F,"$96,057.00",Rural,Married,$165.00,1,127,0,1,Corporate Auto,Corporate L3,2,Web,$282.18,Sports Car,Medsize
WJ52097,Oregon,4946.05,No,Extended,Bachelor,2024-04-01,Employed,F,"$83,557.00",Suburban,Divorced,$123.00,4,28,0,1,Corporate Auto,Corporate L2,2,Web,$589.68,Four-Door Car,Medsize
AM52614,Oregon,6044.56,No,Basic,Bachelor,2024-04-01,Employed,F,"$55,893.00",Suburban,Divorced,$161.00,35,35,4,1,Personal Auto,Personal L2,2,Branch,$771.12,Sports Car,Medsize
MC53402,Washington,2991.48,No,Basic,College,2024-04-01,Unemployed,M,$0.00,Suburban,Single,$89.00,42,19,0,1,Personal Auto,Personal L2,3,Branch,$526.43,Two-Door Car,Medsize
FZ24763,California,6855.91,No,Basic,Bachelor,2024-04-01,Employed,M,"$47,640.00",Rural,Married,$88.00,46,127,0,3,Personal Auto,Personal L1,4,Web,$167.33,Four-Door Car,Medsize
QN44699,Oregon,6284.53,No,Premium,Bachelor,2024-04-01,Employed,F,"$41,017.00",Suburban,Divorced,$161.00,43,34,0,1,Personal Auto,Personal L2,4,Branch,"$1,084.98",Two-Door Car,Small
XR36002,California,14346.19,No,Extended,High School or Below,2024-04-01,Medical Leave,F,"$36,908.00",Rural,Divorced,$131.00,0,50,2,2,Personal Auto,Personal L3,1,Branch,$60.39,Two-Door Car,Medsize
JJ94311,Oregon,8946.65,No,Extended,Bachelor,2024-04-01,Employed,M,"$1,11,209.00",Suburban,Married,$112.00,38,26,0,7,Personal Auto,Personal L2,3,Call Center,$672.75,Four-Door Car,Small
TO82744,California,21316.03,No,Extended,High School or Below,2024-04-01,Unemployed,F,$0.00,Suburban,Single,$286.00,38,69,0,4,Personal Auto,Personal L3,3,Agent,"$2,060.64",Luxury SUV,Large
DA61021,California,20475.51,No,Basic,Master,2024-04-01,Employed,M,"$54,630.00",Urban,Married,$266.00,1,113,3,3,Personal Auto,Personal L2,1,Agent,$700.36,Luxury SUV,Medsize
HK28125,California,32855.47,No,Extended,High School or Below,2024-04-01,Unemployed,M,$0.00,Suburban,Single,$115.00,7,20,1,2,Personal Auto,Personal L2,2,Agent,$826.20,Four-Door Car,Medsize
GX32768,Oregon,10296.49,No,Basic,Bachelor,2024-04-01,Unemployed,F,$0.00,Suburban,Single,$100.00,1,70,1,2,Corporate Auto,Corporate L2,1,Agent,"$1,089.83",Four-Door Car,Medsize
JE84351,Oregon,9367.48,No,Extended,Bachelor,2024-04-01,Employed,M,"$71,730.00",Suburban,Single,$123.00,15,8,0,9,Personal Auto,Personal L3,2,Agent,$880.72,Two-Door Car,Small
UV46349,Oregon,8421.37,No,Extended,Bachelor,2024-04-01,Unemployed,F,$0.00,Rural,Married,$122.00,34,85,2,7,Personal Auto,Personal L3,3,Call Center,$181.50,Four-Door Car,Medsize
FH83537,California,5038.97,No,Basic,High School or Below,2024-04-01,Unemployed,F,$0.00,Suburban,Single,$143.00,3,68,0,1,Personal Auto,Personal L3,3,Agent,"$1,187.23",Sports Car,Medsize
YV76240,Oregon,14414.29,No,Extended,College,2024-04-01,Employed,F,"$61,738.00",Urban,Married,$181.00,30,76,0,9,Corporate Auto,Corporate L2,1,Call Center,$826.09,SUV,Large
KN65809,Washington,15027.61,No,Extended,High School or Below,2024-04-01,Unemployed,F,$0.00,Suburban,Married,$134.00,35,81,0,2,Personal Auto,Personal L3,1,Agent,$641.52,Four-Door Car,Small
SG66076,Arizona,13576.29,No,Extended,Bachelor,2024-04-01,Disabled,M,"$21,731.00",Suburban,Single,$188.00,9,8,0,7,Personal Auto,Personal L1,1,Branch,"$1,351.08",Sports Car,Medsize
FJ31683,Washington,3837.81,No,Basic,Doctor,2024-04-01,Employed,F,"$59,121.00",Rural,Married,$96.00,11,42,0,1,Personal Auto,Personal L2,2,Agent,$21.80,Four-Door Car,Medsize
HG97353,Oregon,11717.78,No,Premium,Bachelor,2024-04-01,Employed,F,"$71,168.00",Rural,Married,$147.00,7,81,0,8,Corporate Auto,Corporate L2,3,Agent,$81.20,Four-Door Car,Medsize
YN39714,Oregon,11459.56,No,Basic,High School or Below,2024-04-01,Employed,F,"$1,08,288.00",Suburban,Married,$95.00,16,23,0,2,Personal Auto,Personal L3,1,Branch,$594.36,Two-Door Car,Medsize
LJ43988,California,27665.19,No,Premium,Master,2024-04-01,Employed,F,"$36,878.00",Suburban,Married,$138.00,41,16,0,2,Personal Auto,Personal L2,3,Agent,$660.96,Four-Door Car,Medsize
OQ10108,Oregon,12065.11,No,Extended,High School or Below,2024-04-01,Unemployed,M,$0.00,Suburban,Married,$170.00,22,93,0,8,Personal Auto,Personal L2,1,Branch,$816.48,SUV,Small
KN15789,Nevada,9138.59,No,Extended,High School or Below,2024-04-01,Unemployed,F,$0.00,Suburban,Single,$131.00,42,58,0,7,Personal Auto,Personal L3,1,Agent,$942.84,Four-Door Car,Small
LT60268,Nevada,14909.98,No,Extended,College,2024-04-01,Employed,F,"$40,090.00",Urban,Single,$188.00,23,55,0,3,Personal Auto,Personal L3,3,Call Center,$645.45,SUV,Medsize
MS78828,Nevada,6920.83,No,Extended,College,2024-04-01,Employed,F,"$44,778.00",Suburban,Married,$173.00,45,19,0,1,Personal Auto,Personal L3,4,Branch,$829.44,SUV,Medsize
GE80842,Oregon,20934.35,No,Basic,College,2024-04-01,Employed,F,"$1,33,865.00",Suburban,Married,$257.00,9,19,0,5,Personal Auto,Personal L3,2,Branch,"$1,231.20",Luxury SUV,Large
JN49891,Oregon,3422.18,No,Basic,College,2024-04-01,Employed,M,"$1,26,904.00",Suburban,Single,$86.00,19,53,0,1,Personal Auto,Personal L2,2,Call Center,$414.72,Four-Door Car,Medsize
LW59140,Arizona,12524.59,No,Premium,Bachelor,2024-04-01,Employed,M,"$1,31,934.00",Rural,Married,$155.00,5,65,1,7,Personal Auto,Personal L1,3,Branch,$298.41,Four-Door Car,Large
QX31376,Oregon,23104.34,No,Extended,Master,2024-04-01,Employed,F,"$95,797.00",Suburban,Married,$115.00,26,11,0,2,Corporate Auto,Corporate L3,2,Agent,$550.80,Four-Door Car,Small
QP62600,Oregon,9577.11,No,Basic,Bachelor,2024-04-01,Employed,M,"$98,385.00",Rural,Married,$82.00,0,78,2,2,Corporate Auto,Corporate L3,2,Agent,$61.38,Two-Door Car,Medsize
DV85764,California,28582.73,No,Extended,High School or Below,2024-04-01,Unemployed,M,$0.00,Suburban,Married,$111.00,32,116,0,2,Personal Auto,Personal L2,2,Branch,$794.16,Four-Door Car,Medsize
XI14610,California,4921.38,No,Extended,College,2024-04-01,Medical Leave,F,"$25,813.00",Suburban,Married,$128.00,1,24,0,1,Personal Auto,Personal L2,2,Agent,"$1,235.50",Four-Door Car,Small
HX33134,Arizona,3723.75,No,Basic,High School or Below,2024-04-01,Disabled,M,"$29,913.00",Suburban,Married,$100.00,11,124,0,1,Personal Auto,Personal L1,2,Call Center,$479.52,Four-Door Car,Small
DY27653,Oregon,5070.34,No,Extended,High School or Below,2024-04-01,Employed,F,"$75,840.00",Suburban,Married,$127.00,1,53,0,1,Personal Auto,Personal L3,2,Branch,$609.12,Four-Door Car,Medsize
NJ46471,Oregon,11740.56,No,Basic,Bachelor,2024-04-01,Employed,F,"$76,343.00",Rural,Married,$99.00,30,55,3,2,Corporate Auto,Corporate L1,3,Agent,$219.75,Four-Door Car,Medsize
UU81720,California,10953.85,No,Basic,High School or Below,2024-04-01,Employed,F,"$56,296.00",Rural,Married,$92.00,22,100,0,2,Corporate Auto,Corporate L3,1,Agent,$87.27,Four-Door Car,Medsize
GL54755,Washington,5257.74,No,Extended,Bachelor,2024-04-01,Employed,F,"$80,430.00",Urban,Married,$132.00,1,68,1,1,Corporate Auto,Corporate L3,1,Branch,$544.96,Four-Door Car,Medsize
NV98267,Arizona,7001.59,No,Basic,Bachelor,2024-04-01,Unemployed,M,$0.00,Urban,Married,$99.00,36,128,1,6,Personal Auto,Personal L2,2,Call Center,$263.17,Four-Door Car,Medsize
HB23001,California,11742.01,No,Premium,Bachelor,2024-04-01,Employed,M,"$35,487.00",Rural,Married,$150.00,8,15,0,8,Personal Auto,Personal L2,2,Branch,$377.16,Two-Door Car,Medsize
EB72669,California,6099.33,No,Extended,Bachelor,2024-04-01,Unemployed,M,$0.00,Suburban,Single,$105.00,9,88,3,6,Personal Auto,Personal L3,4,Web,$505.44,Four-Door Car,Medsize
UG42487,Arizona,13238.39,No,Extended,High School or Below,2024-04-01,Unemployed,F,$0.00,Suburban,Single,$117.00,20,35,0,2,Personal Auto,Personal L3,1,Agent,$845.64,Four-Door Car,Medsize
LM76366,Nevada,4049.11,No,Extended,High School or Below,2024-04-01,Employed,M,"$38,561.00",Suburban,Married,$103.00,23,59,0,1,Corporate Auto,Corporate L3,2,Branch,$492.48,Two-Door Car,Small
IN15077,California,6490.59,No,Basic,High School or Below,2024-04-01,Employed,M,"$1,34,830.00",Urban,Married,$161.00,9,57,0,1,Corporate Auto,Corporate L2,2,Call Center,$415.31,Sports Car,Medsize
UX71974,California,27424.5,No,Basic,College,2024-04-01,Employed,M,"$56,994.00",Rural,Divorced,$243.00,20,51,3,2,Personal Auto,Personal L3,1,Call Center,$286.38,Luxury Car,Small
ME37450,Arizona,7033.97,No,Basic,Bachelor,2024-04-01,Employed,M,"$1,21,204.00",Rural,Single,$89.00,9,120,0,5,Special Auto,Special L2,1,Agent,$51.25,Four-Door Car,Medsize
MQ80538,Oregon,3682.44,No,Extended,College,2024-04-01,Unemployed,M,$0.00,Suburban,Single,$105.00,14,7,0,1,Personal Auto,Personal L3,1,Call Center,$505.44,Four-Door Car,Medsize
LQ71247,Arizona,6108.27,No,Basic,High School or Below,2024-04-01,Unemployed,F,$0.00,Suburban,Single,$88.00,41,80,2,3,Personal Auto,Personal L3,1,Agent,$661.65,Four-Door Car,Small
NJ21108,Oregon,7151.86,No,Basic,Bachelor,2024-04-01,Employed,F,"$45,673.00",Suburban,Married,$90.00,30,63,1,9,Corporate Auto,Corporate L3,3,Branch,$434.16,Four-Door Car,Small
XB15703,California,20604.99,No,Extended,Bachelor,2024-04-01,Employed,M,"$1,09,022.00",Urban,Married,$173.00,12,19,0,2,Personal Auto,Personal L1,2,Agent,$458.65,SUV,Medsize
UQ19505,Oregon,4802.21,No,Extended,College,2024-04-01,Employed,F,"$52,751.00",Rural,Married,$120.00,30,68,0,1,Personal Auto,Personal L2,1,Call Center,$192.26,Two-Door Car,Medsize
DI82448,California,6345.57,No,Basic,Bachelor,2024-04-01,Unemployed,M,$0.00,Suburban,Single,$95.00,3,45,0,9,Personal Auto,Personal L3,1,Call Center,$680.40,Four-Door Car,Medsize
HQ76003,Nevada,16717.77,No,Basic,High School or Below,2024-04-01,Employed,F,"$54,813.00",Urban,Single,$142.00,19,113,0,2,Personal Auto,Personal L3,2,Branch,$620.86,Sports Car,Medsize
ZR76229,Arizona,5013.62,No,Extended,College,2024-04-01,Employed,F,"$1,09,607.00",Urban,Married,$124.00,12,117,0,1,Corporate Auto,Corporate L3,2,Web,$481.36,Two-Door Car,Small
GE39783,Oregon,7230.79,No,Basic,College,2024-04-01,Employed,F,"$82,015.00",Suburban,Married,$90.00,5,26,0,7,Personal Auto,Personal L1,1,Agent,$559.04,Four-Door Car,Medsize
LH94176,Arizona,11074.35,No,Basic,High School or Below,2024-04-01,Employed,M,"$52,103.00",Suburban,Divorced,$100.00,7,57,3,2,Personal Auto,Personal L3,1,Branch,$560.99,Four-Door Car,Medsize
UF81905,California,6570.96,No,Basic,Doctor,2024-04-01,Disabled,F,"$27,166.00",Suburban,Married,$85.00,9,63,0,3,Personal Auto,Personal L1,2,Call Center,$408.24,Four-Door Car,Medsize
LV14566,Nevada,9688.4,No,Basic,Master,2024-04-01,Employed,M,"$36,546.00",Suburban,Divorced,$247.00,1,115,0,1,Personal Auto,Personal L1,4,Branch,"$1,185.84",Luxury Car,Large
GO86980,Oregon,6978.9,No,Basic,Bachelor,2024-04-01,Employed,F,"$76,051.00",Suburban,Married,$88.00,47,97,0,3,Corporate Auto,Corporate L2,4,Call Center,$569.11,Two-Door Car,Small
BR50492,Arizona,66722.12,No,Extended,Bachelor,2024-04-01,Employed,M,"$1,14,828.00",Urban,Married,$185.00,46,111,0,2,Personal Auto,Personal L1,1,Call Center,$803.75,SUV,Medsize
AT29024,California,6605.05,No,Basic,High School or Below,2024-04-01,Employed,F,"$36,457.00",Suburban,Married,$82.00,14,97,0,7,Corporate Auto,Corporate L2,2,Agent,$420.98,Four-Door Car,Small
MI13678,Oregon,3383.37,No,Basic,High School or Below,2024-04-01,Employed,M,"$1,24,276.00",Rural,Married,$84.00,28,1,0,1,Personal Auto,Personal L3,2,Branch,$120.69,Four-Door Car,Medsize
YY29772,Arizona,3679.19,No,Basic,High School or Below,2024-04-01,Employed,F,"$60,784.00",Suburban,Married,$93.00,47,115,1,1,Personal Auto,Personal L2,1,Agent,$610.57,Four-Door Car,Medsize
YQ98322,Oregon,7142.4,No,Basic,Bachelor,2024-04-01,Employed,M,"$49,668.00",Suburban,Divorced,$92.00,35,84,0,3,Personal Auto,Personal L2,1,Agent,$440.64,Four-Door Car,Medsize
EN32990,Arizona,7222.5,No,Basic,College,2024-04-01,Employed,F,"$1,20,363.00",Urban,Single,$90.00,46,96,0,6,Personal Auto,Personal L2,1,Branch,$367.46,Four-Door Car,Medsize
FO63400,California,6948.31,No,Basic,College,2024-04-01,Employed,F,"$1,26,565.00",Rural,Divorced,$86.00,46,32,0,3,Corporate Auto,Corporate L1,4,Call Center,$208.86,Four-Door Car,Large
SQ37580,Arizona,7046.85,No,Basic,Bachelor,2024-04-01,Employed,F,"$87,701.00",Urban,Single,$89.00,12,113,0,5,Personal Auto,Personal L3,3,Call Center,$387.41,Four-Door Car,Medsize
OL28902,California,8099.16,No,Premium,College,2024-04-01,Disabled,M,"$35,509.00",Suburban,Divorced,$223.00,22,63,0,1,Personal Auto,Personal L3,4,Agent,"$1,291.40",SUV,Small
IJ18945,Washington,4177.33,No,Extended,College,2024-04-01,Employed,F,"$28,288.00",Suburban,Married,$105.00,20,36,0,1,Special Auto,Special L1,2,Agent,$721.58,Four-Door Car,Medsize
IA27050,Oregon,8857.1,No,Extended,High School or Below,2024-04-01,Unemployed,F,$0.00,Rural,Single,$126.00,3,119,0,3,Personal Auto,Personal L2,1,Branch,$56.18,Four-Door Car,Large
PJ86059,Oregon,3585.42,No,Basic,High School or Below,2024-04-01,Employed,F,"$1,12,671.00",Suburban,Divorced,$89.00,27,24,0,1,Corporate Auto,Corporate L2,2,Call Center,$598.65,Four-Door Car,Medsize
VO94890,Oregon,8013.02,No,Basic,College,2024-04-01,Employed,M,"$1,21,855.00",Suburban,Married,$100.00,23,49,0,8,Personal Auto,Personal L1,4,Web,$479.52,Two-Door Car,Medsize
UY61301,Nevada,3658.7,No,Basic,Bachelor,2024-04-01,Unemployed,M,$0.00,Suburban,Married,$99.00,19,89,0,1,Personal Auto,Personal L1,2,Agent,$473.04,Four-Door Car,Medsize
HR71115,Nevada,7232.3,No,Basic,College,2024-04-01,Employed,M,"$53,465.00",Rural,Married,$92.00,3,28,0,8,Personal Auto,Personal L3,1,Branch,$85.22,Four-Door Car,Medsize
IZ88103,California,17044.13,No,Premium,Bachelor,2024-04-01,Employed,F,"$1,07,218.00",Rural,Married,$140.00,3,115,0,2,Personal Auto,Personal L2,1,Agent,$155.42,Four-Door Car,Medsize
DB79306,California,5962.07,No,Basic,College,2024-04-01,Employed,M,"$34,398.00",Urban,Married,$158.00,35,66,3,1,Personal Auto,Personal L1,4,Web,$656.84,SUV,Small
LP15901,Nevada,9006.88,No,Basic,Bachelor,2024-04-01,Unemployed,M,$0.00,Suburban,Single,$247.00,7,109,0,1,Personal Auto,Personal L2,1,Agent,"$1,778.76",Luxury SUV,Small
JD15492,Oregon,3303.02,No,Basic,High School or Below,2024-04-01,Employed,F,"$60,087.00",Urban,Married,$82.00,11,92,0,1,Personal Auto,Personal L2,3,Call Center,$306.09,Four-Door Car,Medsize
AM28777,Oregon,3655.03,No,Basic,College,2024-04-01,Employed,F,"$69,464.00",Rural,Married,$90.00,22,115,0,1,Personal Auto,Personal L1,2,Agent,$14.91,Four-Door Car,Medsize
RN12107,Oregon,12793.82,No,Premium,High School or Below,2024-04-01,Unemployed,F,$0.00,Suburban,Single,$343.00,31,74,0,1,Corporate Auto,Corporate L1,1,Call Center,"$2,468.88",Luxury Car,Medsize
GG87344,Oregon,5447.26,No,Basic,College,2024-04-01,Employed,F,"$74,799.00",Urban,Married,$136.00,41,92,1,1,Personal Auto,Personal L3,3,Agent,$371.71,SUV,Medsize
FJ57446,Oregon,11386.06,No,Basic,College,2024-04-01,Employed,F,"$37,387.00",Suburban,Single,$146.00,4,4,0,7,Personal Auto,Personal L2,3,Agent,"$1,001.50",SUV,Small
SN69015,California,8601.28,No,Extended,College,2024-04-01,Employed,M,"$32,126.00",Suburban,Married,$109.00,14,77,0,3,Personal Auto,Personal L2,2,Web,$524.88,Four-Door Car,Medsize
MI42935,California,7633.7,No,Extended,Bachelor,2024-04-01,Unemployed,F,$0.00,Suburban,Single,$112.00,0,16,0,7,Personal Auto,Personal L2,3,Call Center,$806.76,Four-Door Car,Medsize
UC83161,California,8243.73,No,Premium,High School or Below,2024-04-01,Employed,F,"$81,316.00",Rural,Married,$205.00,19,132,0,1,Personal Auto,Personal L2,3,Web,$183.89,SUV,Medsize
XF60649,California,10061.47,No,Basic,Bachelor,2024-04-01,Unemployed,F,$0.00,Suburban,Single,$143.00,7,43,0,4,Personal Auto,Personal L2,1,Web,"$1,030.32",SUV,Medsize
UX24010,California,7027.1,No,Basic,Bachelor,2024-04-01,Employed,F,"$72,379.00",Suburban,Married,$88.00,34,95,1,5,Personal Auto,Personal L1,1,Agent,$979.90,Four-Door Car,Small
YM24620,California,6082.89,No,Basic,Master,2024-04-01,Employed,M,"$33,467.00",Suburban,Married,$153.00,5,53,0,1,Personal Auto,Personal L2,3,Agent,"$1,035.78",SUV,Small
WG28563,California,7451.34,No,Basic,Doctor,2024-04-01,Employed,F,"$95,734.00",Rural,Married,$92.00,20,111,0,3,Personal Auto,Personal L3,1,Agent,$104.89,Four-Door Car,Medsize
ZC17826,California,20995.74,No,Basic,Bachelor,2024-04-01,Unemployed,M,$0.00,Suburban,Single,$86.00,3,134,0,2,Personal Auto,Personal L2,1,Call Center,$414.72,Four-Door Car,Medsize
HB20453,Oregon,9154.71,No,Basic,Bachelor,2024-04-02,Unemployed,M,$0.00,Suburban,Single,$140.00,41,4,1,5,Personal Auto,Personal L3,1,Agent,"$1,326.24",Sports Car,Medsize
OJ94107,Arizona,7585.74,No,Premium,Master,2024-04-02,Employed,M,"$67,952.00",Urban,Married,$189.00,12,73,0,1,Personal Auto,Personal L2,1,Call Center,$616.31,SUV,Medsize
UO62808,Arizona,3779.66,No,Basic,High School or Below,2024-04-02,Employed,F,"$88,224.00",Suburban,Married,$93.00,5,73,0,1,Corporate Auto,Corporate L1,2,Call Center,$649.39,Four-Door Car,Medsize
XS76911,Arizona,6790.01,No,Extended,High School or Below,2024-04-02,Unemployed,F,$0.00,Suburban,Married,$180.00,4,120,0,1,Personal Auto,Personal L3,1,Agent,"$1,074.42",Sports Car,Small
VI14730,Oregon,11316.55,Yes,Basic,High School or Below,2024-04-02,Retired,M,"$26,572.00",Suburban,Married,$158.00,23,55,1,9,Personal Auto,Personal L2,1,Web,$758.16,Sports Car,Medsize
XX84133,California,7093.89,No,Basic,Bachelor,2024-04-02,Employed,M,"$46,543.00",Rural,Married,$90.00,31,66,1,3,Corporate Auto,Corporate L2,4,Call Center,$7.28,Four-Door Car,Medsize
HO29524,California,4096.77,No,Extended,College,2024-04-02,Employed,M,"$92,077.00",Rural,Married,$103.00,47,19,0,1,Personal Auto,Personal L1,4,Branch,$134.17,Two-Door Car,Medsize
RO26085,California,16336.63,No,Basic,Bachelor,2024-04-02,Unemployed,F,$0.00,Suburban,Single,$151.00,38,41,0,2,Personal Auto,Personal L2,2,Agent,"$1,690.75",Sports Car,Large
RN97635,Arizona,4340.22,No,Extended,Bachelor,2024-04-02,Employed,M,"$72,878.00",Suburban,Divorced,$108.00,20,84,0,1,Corporate Auto,Corporate L2,1,Call Center,$569.00,Four-Door Car,Small
CP85232,Arizona,60473.88,No,Extended,College,2024-04-02,Employed,M,"$79,350.00",Rural,Married,$170.00,8,84,0,2,Special Auto,Special L3,1,Agent,$407.75,SUV,Small
OT47603,Oregon,12359.57,No,Extended,College,2024-04-02,Unemployed,M,$0.00,Suburban,Married,$171.00,4,126,0,3,Personal Auto,Personal L2,2,Agent,"$1,086.50",Sports Car,Medsize
OS46571,California,9300.9,No,Basic,High School or Below,2024-04-02,Unemployed,M,$0.00,Suburban,Single,$89.00,3,101,0,2,Personal Auto,Personal L3,1,Branch,$641.52,Four-Door Car,Small
PU18983,Oregon,11621.01,No,Basic,High School or Below,2024-04-02,Employed,F,"$28,958.00",Suburban,Divorced,$149.00,11,108,2,3,Personal Auto,Personal L1,1,Call Center,$712.80,Sports Car,Small
UK76891,California,7065.88,No,Basic,College,2024-04-02,Employed,F,"$85,400.00",Suburban,Married,$88.00,34,19,0,7,Corporate Auto,Corporate L3,1,Agent,$427.67,Four-Door Car,Medsize
MR67738,Oregon,3613.77,No,Basic,High School or Below,2024-04-02,Employed,F,"$73,548.00",Suburban,Married,$90.00,26,123,0,1,Personal Auto,Personal L1,2,Branch,$434.16,Four-Door Car,Small
OL72737,Oregon,4188.77,No,Extended,High School or Below,2024-04-02,Employed,F,"$28,667.00",Urban,Married,$107.00,24,76,0,1,Personal Auto,Personal L2,4,Agent,$329.71,Two-Door Car,Medsize
BM15160,California,11470.08,No,Basic,High School or Below,2024-04-02,Employed,F,"$60,242.00",Rural,Married,$96.00,14,107,1,2,Special Auto,Special L3,4,Web,$99.74,Four-Door Car,Medsize
FA46418,Nevada,33357.96,No,Extended,High School or Below,2024-04-02,Employed,F,"$32,688.00",Suburban,Single,$105.00,15,38,1,2,Personal Auto,Personal L3,2,Agent,$505.44,Four-Door Car,Medsize
AL46984,California,11786.07,No,Basic,High School or Below,2024-04-02,Employed,M,"$58,400.00",Suburban,Married,$99.00,16,24,0,2,Personal Auto,Personal L2,1,Branch,$473.04,Four-Door Car,Medsize
SZ16483,Arizona,5887.85,No,Premium,High School or Below,2024-04-02,Employed,F,"$1,07,437.00",Suburban,Married,$147.00,16,103,2,1,Personal Auto,Personal L3,1,Agent,$706.32,Four-Door Car,Medsize
WF73839,Arizona,10257.18,No,Basic,College,2024-04-02,Employed,F,"$67,415.00",Urban,Married,$86.00,1,61,0,2,Personal Auto,Personal L2,3,Web,$408.49,Two-Door Car,Medsize
JX19907,Oregon,5127.73,No,Premium,Bachelor,2024-04-02,Unemployed,M,$0.00,Suburban,Married,$144.00,46,95,1,1,Corporate Auto,Corporate L3,1,Web,"$1,703.62",Two-Door Car,Medsize
ZZ83340,Oregon,7436.23,No,Basic,Doctor,2024-04-02,Employed,F,"$1,29,628.00",Urban,Married,$92.00,7,41,0,5,Personal Auto,Personal L1,3,Branch,$425.26,Two-Door Car,Medsize
FG46258,Washington,9344.66,No,Extended,College,2024-04-02,Medical Leave,F,"$22,252.00",Urban,Married,$122.00,19,92,0,9,Corporate Auto,Corporate L2,3,Web,$432.70,Two-Door Car,Medsize
GP42026,California,11316.55,Yes,Basic,High School or Below,2024-04-02,Retired,M,"$26,572.00",Suburban,Married,$158.00,23,55,1,9,Personal Auto,Personal L3,1,Web,$758.16,Sports Car,Medsize
HV93429,Oregon,6988.38,No,Basic,Master,2024-04-02,Employed,F,"$31,909.00",Rural,Married,$88.00,26,14,0,3,Personal Auto,Personal L3,2,Call Center,$109.96,Four-Door Car,Large
WV66165,Oregon,47334.57,No,Basic,High School or Below,2024-04-02,Employed,F,"$1,14,495.00",Rural,Single,$150.00,36,51,0,2,Personal Auto,Personal L2,2,Branch,$375.68,SUV,Small
MG99229,Oregon,7946.4,No,Basic,College,2024-04-02,Unemployed,M,$0.00,Suburban,Single,$243.00,28,92,0,1,Corporate Auto,Corporate L3,2,Agent,"$2,399.59",Luxury Car,Small
YA11342,California,10358.12,No,Premium,High School or Below,2024-04-02,Unemployed,M,$0.00,Suburban,Married,$139.00,23,76,0,4,Personal Auto,Personal L3,3,Branch,$700.27,Four-Door Car,Medsize
KY39767,Oregon,6293.68,No,Basic,College,2024-04-02,Unemployed,F,$0.00,Suburban,Single,$92.00,0,65,1,5,Personal Auto,Personal L2,1,Call Center,$660.96,Four-Door Car,Medsize
DI89983,California,7051.63,No,Basic,Bachelor,2024-04-02,Medical Leave,M,"$22,293.00",Suburban,Divorced,$96.00,31,50,0,6,Personal Auto,Personal L3,3,Branch,$460.08,Four-Door Car,Medsize
SL70257,Nevada,7928.49,No,Basic,College,2024-04-02,Employed,F,"$1,04,161.00",Suburban,Divorced,$99.00,41,53,0,7,Personal Auto,Personal L2,1,Branch,$601.85,Four-Door Car,Small
CB62406,Arizona,9184.86,No,Premium,High School or Below,2024-04-02,Employed,M,"$59,073.00",Suburban,Married,$231.00,22,39,0,1,Corporate Auto,Corporate L3,1,Call Center,"$1,525.40",SUV,Medsize
LO84523,Oregon,8779.24,No,Basic,High School or Below,2024-04-02,Unemployed,M,$0.00,Suburban,Single,$252.00,8,16,0,1,Personal Auto,Personal L2,2,Web,"$2,144.72",Luxury Car,Medsize
SC78905,Oregon,3020.42,No,Basic,College,2024-04-02,Unemployed,F,$0.00,Suburban,Married,$82.00,26,59,0,1,Personal Auto,Personal L2,3,Agent,$395.28,Four-Door Car,Small
GU96042,California,10784.48,No,Basic,High School or Below,2024-04-02,Employed,M,"$78,662.00",Urban,Married,$90.00,16,111,0,2,Corporate Auto,Corporate L3,1,Agent,$308.67,Two-Door Car,Medsize
OD63728,California,6153.97,No,Basic,College,2024-04-02,Unemployed,F,$0.00,Suburban,Single,$88.00,32,126,0,9,Personal Auto,Personal L3,1,Agent,$421.20,Two-Door Car,Medsize
PT93474,Oregon,15542.77,No,Basic,Bachelor,2024-04-02,Unemployed,F,$0.00,Suburban,Divorced,$86.00,35,97,0,2,Personal Auto,Personal L3,1,Web,$414.72,Four-Door Car,Medsize
OO92815,Arizona,4470.06,No,Extended,High School or Below,2024-04-02,Employed,F,"$28,682.00",Suburban,Married,$112.00,26,69,0,1,Personal Auto,Personal L1,1,Agent,$537.84,Four-Door Car,Medsize
AT36002,Washington,18332.05,No,Basic,College,2024-04-02,Unemployed,F,$0.00,Suburban,Single,$261.00,41,51,0,7,Personal Auto,Personal L1,1,Agent,"$2,173.85",Luxury SUV,Medsize
SW55711,Oregon,5150.68,No,Premium,High School or Below,2024-04-02,Disabled,M,"$31,779.00",Suburban,Married,$139.00,41,31,2,1,Corporate Auto,Corporate L3,3,Branch,$667.44,Two-Door Car,Medsize
BS91566,Arizona,7332.15,No,Basic,College,2024-04-02,Employed,F,"$78,517.00",Rural,Married,$92.00,26,26,0,5,Corporate Auto,Corporate L2,2,Call Center,$190.01,Four-Door Car,Large
LY46898,California,7503.71,No,Basic,High School or Below,2024-04-02,Employed,M,"$50,589.00",Suburban,Married,$95.00,0,124,0,3,Corporate Auto,Corporate L1,1,Branch,$453.60,Four-Door Car,Medsize
ZW32080,Nevada,3935.19,No,Basic,Bachelor,2024-04-02,Employed,F,"$51,034.00",Suburban,Divorced,$100.00,35,69,0,1,Personal Auto,Personal L3,1,Agent,$479.52,Four-Door Car,Small
UE76013,Washington,6803.82,No,Extended,Master,2024-04-02,Employed,F,"$48,578.00",Rural,Married,$173.00,9,92,3,1,Personal Auto,Personal L3,2,Call Center,$372.03,SUV,Medsize
KM52241,Arizona,11380.58,No,Basic,High School or Below,2024-04-02,Unemployed,F,$0.00,Rural,Married,$100.00,27,4,0,2,Personal Auto,Personal L1,1,Branch,$64.13,Four-Door Car,Medsize
WY53775,Arizona,11316.55,Yes,Basic,High School or Below,2024-04-02,Retired,M,"$26,572.00",Suburban,Married,$158.00,23,55,1,9,Personal Auto,Personal L1,1,Web,$758.16,Sports Car,Medsize
KI17749,Oregon,3621.27,No,Basic,High School or Below,2024-04-02,Disabled,F,"$33,511.00",Urban,Married,$93.00,31,89,0,1,Personal Auto,Personal L1,1,Agent,$309.53,Four-Door Car,Medsize
CS29328,Nevada,6581.68,No,Basic,Bachelor,2024-04-02,Disabled,M,"$14,503.00",Suburban,Married,$95.00,16,86,2,8,Personal Auto,Personal L1,3,Branch,$453.60,Two-Door Car,Medsize
XY48850,Nevada,6964.18,No,Basic,High School or Below,2024-04-02,Unemployed,F,$0.00,Suburban,Single,$100.00,32,132,0,5,Personal Auto,Personal L1,2,Agent,$795.06,Two-Door Car,Medsize
EG21289,California,10481.77,No,Basic,College,2024-04-02,Employed,F,"$78,866.00",Rural,Married,$258.00,39,8,0,1,Personal Auto,Personal L2,4,Call Center,$273.33,Luxury Car,Medsize
XN48526,California,3547.48,No,Basic,College,2024-04-02,Medical Leave,F,"$28,273.00",Urban,Married,$93.00,0,116,0,1,Personal Auto,Personal L3,3,Branch,$324.00,Four-Door Car,Medsize
AB98823,Arizona,8144.2,No,Extended,College,2024-04-02,Unemployed,M,$0.00,Suburban,Married,$116.00,5,76,0,8,Personal Auto,Personal L3,2,Web,$557.28,Two-Door Car,Medsize
DU38713,Arizona,7840.79,No,Basic,High School or Below,2024-04-02,Employed,F,"$95,468.00",Rural,Married,$97.00,27,120,0,5,Personal Auto,Personal L1,2,Call Center,$50.34,Two-Door Car,Medsize
JB36584,Arizona,19350.8,No,Basic,Master,2024-04-02,Employed,M,"$55,970.00",Suburban,Married,$96.00,11,5,0,2,Personal Auto,Personal L3,2,Call Center,$460.08,Four-Door Car,Medsize
PA75237,Nevada,20410.51,No,Basic,Doctor,2024-04-02,Employed,M,"$79,492.00",Suburban,Married,$84.00,1,63,0,2,Corporate Auto,Corporate L2,2,Branch,$583.85,Two-Door Car,Medsize
ID21061,Arizona,9843.66,No,Extended,Master,2024-04-02,Employed,F,"$1,14,249.00",Urban,Married,$122.00,26,23,0,5,Personal Auto,Personal L3,2,Web,$555.76,Four-Door Car,Large
AT55072,Arizona,12290.26,No,Premium,College,2024-04-02,Employed,M,"$88,740.00",Suburban,Married,$153.00,18,8,0,3,Personal Auto,Personal L2,2,Agent,$924.68,Four-Door Car,Medsize
YP67379,Arizona,9026.27,No,Extended,High School or Below,2024-04-02,Employed,M,"$30,029.00",Rural,Married,$113.00,8,80,0,9,Personal Auto,Personal L3,3,Web,$155.00,Four-Door Car,Medsize
DW14769,Arizona,5292.69,No,Premium,High School or Below,2024-04-02,Unemployed,F,$0.00,Suburban,Married,$146.00,3,74,1,1,Personal Auto,Personal L3,3,Branch,$709.28,Two-Door Car,Large
KP97208,Oregon,7989.75,No,Basic,College,2024-04-02,Employed,F,"$1,28,042.00",Urban,Married,$99.00,20,92,0,7,Corporate Auto,Corporate L2,1,Agent,$411.79,Two-Door Car,Medsize
KU14261,Arizona,9811.93,No,Extended,Master,2024-04-02,Employed,F,"$51,542.00",Urban,Married,$122.00,16,123,1,3,Personal Auto,Personal L1,1,Call Center,$505.87,Four-Door Car,Medsize
VW63894,California,10624.99,No,Extended,Master,2024-04-02,Employed,M,"$1,02,249.00",Rural,Married,$132.00,11,57,0,3,Personal Auto,Personal L1,3,Web,$63.05,Four-Door Car,Medsize
SG52649,Washington,11316.55,Yes,Basic,High School or Below,2024-04-02,Retired,M,"$26,572.00",Suburban,Married,$158.00,23,55,1,9,Corporate Auto,Corporate L1,1,Web,$758.16,Sports Car,Medsize
BV98316,Arizona,8803.11,No,Extended,Bachelor,2024-04-02,Employed,F,"$1,26,523.00",Suburban,Married,$108.00,30,84,0,6,Personal Auto,Personal L1,2,Agent,$660.95,Four-Door Car,Large
KM72596,Arizona,44114.41,No,Extended,Doctor,2024-04-02,Employed,M,"$53,181.00",Urban,Single,$163.00,15,82,0,2,Personal Auto,Personal L3,1,Agent,$663.05,SUV,Medsize
XD86462,Oregon,8185.32,No,Extended,College,2024-04-02,Employed,M,"$27,913.00",Suburban,Single,$107.00,38,36,0,7,Personal Auto,Personal L3,3,Agent,$511.92,Four-Door Car,Medsize
CA70404,California,8241.55,No,Extended,High School or Below,2024-04-02,Employed,M,"$84,314.00",Urban,Married,$104.00,36,115,1,5,Personal Auto,Personal L2,2,Branch,$456.50,Two-Door Car,Small
KT97561,Arizona,11316.55,Yes,Basic,High School or Below,2024-04-02,Retired,M,"$26,572.00",Suburban,Married,$158.00,23,55,1,9,Personal Auto,Personal L2,1,Web,$758.16,Sports Car,Medsize
DO51363,Oregon,5110.77,No,Extended,Bachelor,2024-04-02,Employed,F,"$35,529.00",Suburban,Married,$130.00,31,39,0,1,Personal Auto,Personal L1,2,Call Center,$917.18,Two-Door Car,Medsize
BL29240,Oregon,3858.69,No,Basic,Bachelor,2024-04-02,Employed,M,"$1,10,556.00",Rural,Married,$99.00,27,95,3,1,Corporate Auto,Corporate L2,2,Call Center,$204.36,Four-Door Car,Medsize
GA98025,Arizona,17382.06,No,Basic,Bachelor,2024-04-02,Retired,M,"$35,263.00",Suburban,Single,$161.00,16,69,0,2,Personal Auto,Personal L2,1,Call Center,"$1,018.06",SUV,Medsize
WX30852,Arizona,3563.98,No,Basic,Bachelor,2024-04-02,Employed,F,"$94,256.00",Rural,Married,$89.00,32,27,0,1,Personal Auto,Personal L1,4,Agent,$28.36,Four-Door Car,Medsize
XK91603,California,3345.62,No,Basic,College,2024-04-02,Employed,F,"$32,651.00",Suburban,Single,$86.00,11,15,0,1,Personal Auto,Personal L2,2,Agent,$414.72,Four-Door Car,Medsize
JZ31045,California,3674.15,No,Basic,College,2024-04-02,Employed,F,"$1,31,921.00",Urban,Married,$90.00,8,111,0,1,Personal Auto,Personal L3,3,Branch,$430.19,Four-Door Car,Medsize
AZ84403,Oregon,83497.75,No,Extended,College,2024-04-02,Unemployed,F,$0.00,Suburban,Married,$321.00,26,39,0,2,Personal Auto,Personal L1,3,Branch,"$1,542.24",Luxury SUV,Medsize
OU50429,California,10158.39,No,Basic,Bachelor,2024-04-02,Employed,M,"$49,383.00",Suburban,Married,$86.00,27,103,1,2,Personal Auto,Personal L3,2,Agent,$622.08,Four-Door Car,Small
ZO31878,Oregon,7306.82,No,Basic,Master,2024-04-02,Employed,F,"$75,589.00",Urban,Married,$90.00,22,28,0,3,Personal Auto,Personal L3,1,Call Center,$258.40,Four-Door Car,Small
PM14429,California,9044.03,No,Extended,College,2024-04-02,Employed,M,"$41,650.00",Urban,Single,$119.00,9,57,0,8,Personal Auto,Personal L3,1,Branch,$430.47,Four-Door Car,Medsize
AG39150,Oregon,3180.7,No,Basic,Bachelor,2024-04-02,Unemployed,M,$0.00,Suburban,Married,$85.00,30,127,0,1,Personal Auto,Personal L3,1,Agent,$408.24,Four-Door Car,Medsize
QJ65440,California,38912.48,No,Extended,Bachelor,2024-04-02,Unemployed,F,$0.00,Suburban,Single,$117.00,18,4,1,2,Corporate Auto,Corporate L3,1,Agent,$845.64,Four-Door Car,Medsize
OJ65117,Oregon,7243.48,No,Basic,Bachelor,2024-04-02,Employed,F,"$1,04,078.00",Suburban,Divorced,$92.00,30,80,1,4,Personal Auto,Personal L2,3,Agent,$623.49,Four-Door Car,Small
OG57342,Washington,3216.65,No,Basic,Doctor,2024-04-02,Unemployed,M,$0.00,Suburban,Married,$88.00,11,68,0,1,Corporate Auto,Corporate L2,3,Web,$421.20,Four-Door Car,Medsize
FG24548,Oregon,14909.55,No,Basic,Bachelor,2024-04-02,Employed,M,"$60,107.00",Urban,Married,$95.00,38,57,0,2,Personal Auto,Personal L3,4,Web,$271.04,Four-Door Car,Medsize
UG12132,Washington,7096.85,No,Basic,College,2024-04-02,Employed,F,"$1,04,886.00",Urban,Married,$88.00,41,20,0,7,Personal Auto,Personal L1,2,Call Center,$303.81,Four-Door Car,Medsize
JD82896,California,6609.95,No,Extended,High School or Below,2024-04-02,Unemployed,F,$0.00,Suburban,Single,$188.00,7,39,0,1,Personal Auto,Personal L2,2,Branch,"$1,351.08",SUV,Medsize
SS13550,Nevada,9106.09,No,Basic,High School or Below,2024-04-02,Unemployed,M,$0.00,Suburban,Single,$259.00,1,36,0,1,Personal Auto,Personal L3,2,Call Center,"$2,593.69",Luxury SUV,Large
IU94124,Arizona,25256.82,No,Extended,College,2024-04-02,Unemployed,M,$0.00,Suburban,Single,$104.00,14,49,1,2,Personal Auto,Personal L3,1,Branch,$748.44,Four-Door Car,Small
WN69789,California,3411.08,No,Basic,College,2024-04-02,Employed,F,"$45,205.00",Suburban,Married,$85.00,8,55,0,1,Personal Auto,Personal L3,4,Call Center,$464.00,Four-Door Car,Medsize
LX23185,Oregon,3569.02,No,Extended,College,2024-04-02,Unemployed,F,$0.00,Suburban,Single,$111.00,19,76,3,1,Personal Auto,Personal L3,1,Branch,$531.36,Two-Door Car,Medsize
ZE42703,Nevada,6565.69,No,Extended,Bachelor,2024-04-02,Employed,M,"$71,183.00",Suburban,Divorced,$171.00,46,46,1,1,Corporate Auto,Corporate L3,1,Branch,$822.96,SUV,Medsize
FQ46354,California,14173.55,No,Extended,Bachelor,2024-04-02,Employed,M,"$40,975.00",Rural,Married,$120.00,28,18,0,2,Personal Auto,Personal L2,1,Web,$197.25,Four-Door Car,Medsize
EQ82942,California,12606.41,No,Extended,Bachelor,2024-04-02,Unemployed,F,$0.00,Suburban,Single,$178.00,23,46,0,3,Personal Auto,Personal L3,1,Branch,"$1,283.04",SUV,Medsize
NC78961,Oregon,5588.86,No,Basic,Bachelor,2024-04-02,Employed,M,"$48,526.00",Suburban,Divorced,$142.00,19,34,0,1,Personal Auto,Personal L3,1,Agent,"$1,020.60",SUV,Small
RD87161,Washington,3619.8,No,Basic,High School or Below,2024-04-02,Unemployed,F,$0.00,Suburban,Married,$96.00,3,127,1,1,Personal Auto,Personal L2,1,Branch,$460.08,Four-Door Car,Small
SN67992,Washington,4656.82,No,Extended,Bachelor,2024-04-02,Medical Leave,F,"$34,069.00",Suburban,Divorced,$120.00,3,35,0,1,Personal Auto,Personal L3,2,Call Center,$576.72,Four-Door Car,Medsize
IG90926,Arizona,3343.4,No,Basic,College,2024-04-02,Employed,F,"$96,594.00",Suburban,Single,$84.00,14,26,0,1,Personal Auto,Personal L3,3,Branch,$401.76,Four-Door Car,Medsize
PB29715,California,4364.9,No,Extended,High School or Below,2024-04-02,Unemployed,M,$0.00,Suburban,Single,$132.00,45,117,1,1,Corporate Auto,Corporate L3,1,Agent,$952.56,Two-Door Car,Medsize
QT39597,Arizona,3951.22,No,Basic,High School or Below,2024-04-02,Employed,M,"$35,427.00",Urban,Married,$100.00,7,93,0,1,Personal Auto,Personal L3,2,Branch,$468.53,Four-Door Car,Medsize
HU57895,Washington,9261.8,No,Basic,College,2024-04-02,Unemployed,F,$0.00,Suburban,Divorced,$147.00,7,27,4,7,Corporate Auto,Corporate L1,1,Call Center,$816.94,Sports Car,Medsize
ZT86224,Nevada,14716.65,No,Extended,Bachelor,2024-04-02,Employed,M,"$97,547.00",Urban,Divorced,$122.00,38,82,0,2,Personal Auto,Personal L3,3,Branch,$551.36,Four-Door Car,Medsize
RD47708,Oregon,5371.2,No,Extended,College,2024-04-02,Employed,M,"$52,786.00",Rural,Married,$134.00,46,32,0,1,Personal Auto,Personal L3,3,Branch,$225.69,Four-Door Car,Medsize
ZE17448,Oregon,4664.56,No,Extended,College,2024-04-02,Employed,M,"$92,341.00",Urban,Divorced,$119.00,19,19,0,1,Personal Auto,Personal L1,2,Agent,$327.04,Four-Door Car,Medsize
AK54675,California,7473.55,No,Extended,Bachelor,2024-04-02,Employed,F,"$1,14,565.00",Suburban,Divorced,$186.00,38,54,0,1,Corporate Auto,Corporate L2,4,Call Center,$933.79,SUV,Large
LJ43082,Oregon,6262.58,No,Basic,College,2024-04-02,Unemployed,F,$0.00,Rural,Divorced,$96.00,45,65,3,7,Personal Auto,Personal L3,3,Call Center,$193.42,Two-Door Car,Large
DQ55516,California,7302,No,Extended,Bachelor,2024-04-02,Employed,F,"$27,637.00",Suburban,Single,$188.00,46,82,0,1,Corporate Auto,Corporate L3,1,Agent,$900.72,SUV,Medsize
KP68957,California,3434.86,No,Basic,Bachelor,2024-04-02,Employed,F,"$55,430.00",Rural,Married,$86.00,8,16,0,1,Corporate Auto,Corporate L3,2,Branch,$204.75,Four-Door Car,Medsize
HI34993,Oregon,7318.37,No,Basic,High School or Below,2024-04-02,Employed,M,"$54,508.00",Suburban,Married,$93.00,22,62,0,8,Personal Auto,Personal L3,2,Agent,$577.63,Four-Door Car,Large
AX70794,California,3306.58,No,Basic,High School or Below,2024-04-02,Employed,M,"$63,615.00",Suburban,Single,$84.00,8,104,0,1,Personal Auto,Personal L2,2,Branch,$401.76,Two-Door Car,Medsize
SE33381,Arizona,6117.76,No,Extended,Bachelor,2024-04-02,Unemployed,F,$0.00,Suburban,Single,$170.00,26,53,0,1,Corporate Auto,Corporate L3,4,Call Center,"$1,224.72",SUV,Medsize
HR64765,Washington,11455.27,No,Extended,High School or Below,2024-04-02,Unemployed,M,$0.00,Suburban,Single,$329.00,14,134,0,1,Personal Auto,Personal L3,1,Branch,"$2,371.68",Luxury Car,Small
WA59097,Oregon,7579.69,No,Basic,College,2024-04-02,Employed,F,"$54,563.00",Rural,Married,$96.00,46,5,1,8,Personal Auto,Personal L3,3,Agent,$175.91,Four-Door Car,Large
HX45529,Oregon,33978.4,No,Extended,Master,2024-04-02,Employed,M,"$50,331.00",Urban,Married,$107.00,1,66,0,2,Personal Auto,Personal L3,2,Branch,$300.39,Four-Door Car,Small
WZ63975,California,3272.07,No,Basic,High School or Below,2024-04-02,Medical Leave,F,"$30,131.00",Suburban,Married,$85.00,4,55,1,1,Personal Auto,Personal L3,1,Agent,$408.24,Two-Door Car,Small
UU99893,Arizona,10381.1,No,Extended,Master,2024-04-02,Employed,F,"$57,614.00",Suburban,Divorced,$130.00,7,27,0,3,Personal Auto,Personal L3,1,Branch,"$1,464.69",Four-Door Car,Small
XO38850,Arizona,8406.94,No,Extended,College,2024-04-02,Unemployed,M,$0.00,Suburban,Single,$127.00,15,28,0,9,Personal Auto,Personal L2,3,Agent,$913.68,Four-Door Car,Small
FV22585,Oregon,9397.24,No,Extended,College,2024-04-02,Employed,M,"$1,00,557.00",Rural,Divorced,$119.00,11,116,0,3,Personal Auto,Personal L1,1,Call Center,$22.56,Four-Door Car,Medsize
XU98055,Arizona,12888.2,No,Extended,College,2024-04-02,Medical Leave,M,"$20,798.00",Suburban,Married,$167.00,9,54,0,3,Personal Auto,Personal L3,3,Call Center,"$1,205.28",SUV,Medsize
AW84946,Arizona,6047.46,No,Basic,Bachelor,2024-04-02,Employed,M,"$49,071.00",Urban,Married,$158.00,18,66,3,1,Personal Auto,Personal L2,1,Agent,$441.16,SUV,Medsize
LI10567,Oregon,15795.87,No,Premium,High School or Below,2024-04-02,Unemployed,M,$0.00,Suburban,Single,$228.00,9,86,0,3,Personal Auto,Personal L2,4,Branch,"$1,771.47",Sports Car,Medsize
GD59850,Oregon,7177.42,No,Basic,College,2024-04-02,Disabled,F,"$28,754.00",Suburban,Married,$93.00,0,1,0,9,Corporate Auto,Corporate L2,3,Branch,$447.12,Four-Door Car,Medsize
TJ32609,California,12049.6,No,Basic,High School or Below,2024-04-02,Employed,M,"$32,211.00",Suburban,Married,$154.00,34,77,1,3,Personal Auto,Personal L3,2,Call Center,$738.72,SUV,Small
OB97365,California,5461.21,No,Premium,High School or Below,2024-04-02,Employed,F,"$1,04,270.00",Rural,Single,$138.00,8,113,0,1,Personal Auto,Personal L2,4,Call Center,$266.00,Four-Door Car,Medsize
NM77735,Oregon,11335.42,No,Basic,Bachelor,2024-04-02,Employed,F,"$64,251.00",Urban,Single,$97.00,45,70,0,2,Personal Auto,Personal L1,1,Call Center,$464.59,Four-Door Car,Medsize
CG60089,Washington,17413.1,No,Premium,Bachelor,2024-04-02,Employed,M,"$50,556.00",Rural,Married,$150.00,24,93,1,2,Personal Auto,Personal L3,3,Branch,$230.26,Four-Door Car,Medsize
BE17305,Nevada,4311.17,No,Extended,Master,2024-04-02,Employed,M,"$71,082.00",Urban,Single,$109.00,26,57,0,1,Personal Auto,Personal L2,2,Branch,$310.91,Two-Door Car,Medsize
PZ94965,California,7739.84,No,Basic,High School or Below,2024-04-02,Employed,F,"$1,07,939.00",Rural,Married,$96.00,14,7,0,6,Personal Auto,Personal L3,1,Agent,$192.96,Four-Door Car,Large
EU21305,Arizona,3376.13,No,Basic,College,2024-04-02,Employed,M,"$75,832.00",Suburban,Divorced,$86.00,0,100,0,1,Personal Auto,Personal L3,3,Agent,$414.72,Four-Door Car,Small
JB20173,California,14028.9,No,Extended,Bachelor,2024-04-02,Employed,M,"$1,09,943.00",Rural,Single,$122.00,34,54,1,2,Personal Auto,Personal L2,2,Call Center,$145.96,Two-Door Car,Medsize
US63915,Arizona,8395.19,No,Premium,High School or Below,2024-04-02,Employed,M,"$70,124.00",Suburban,Married,$211.00,16,130,0,1,Corporate Auto,Corporate L3,1,Agent,"$1,010.88",Sports Car,Medsize
PR74833,Oregon,7497.04,No,Extended,Bachelor,2024-04-02,Unemployed,M,$0.00,Suburban,Single,$120.00,1,113,1,4,Personal Auto,Personal L3,1,Agent,$865.08,Two-Door Car,Medsize
QV65644,Oregon,8253.72,No,Extended,High School or Below,2024-04-02,Unemployed,M,$0.00,Suburban,Single,$119.00,24,9,0,5,Personal Auto,Personal L2,1,Branch,"$1,396.98",Four-Door Car,Medsize
IJ74908,Nevada,17705.8,No,Premium,Bachelor,2024-04-02,Employed,M,"$27,952.00",Rural,Divorced,$231.00,11,16,1,3,Personal Auto,Personal L3,1,Call Center,$320.31,SUV,Medsize
TT47031,Arizona,7358.27,No,Basic,Bachelor,2024-04-02,Employed,F,"$1,03,125.00",Urban,Married,$92.00,7,116,0,7,Personal Auto,Personal L1,1,Web,$353.70,Four-Door Car,Small
SG51792,Arizona,3716.76,No,Basic,Bachelor,2024-04-02,Employed,F,"$1,01,624.00",Suburban,Married,$95.00,3,65,3,1,Corporate Auto,Corporate L3,2,Agent,$620.65,Two-Door Car,Medsize
GD56260,Oregon,3865.12,No,Basic,Master,2024-04-02,Employed,F,"$55,454.00",Rural,Married,$96.00,4,19,0,1,Personal Auto,Personal L3,1,Agent,$111.26,Two-Door Car,Medsize
PS92059,California,8016.99,No,Basic,Doctor,2024-04-02,Employed,F,"$59,657.00",Rural,Married,$100.00,23,54,0,3,Corporate Auto,Corporate L3,2,Branch,$14.43,Four-Door Car,Medsize
HK96298,California,3759.71,No,Basic,Master,2024-04-02,Employed,M,"$83,439.00",Rural,Divorced,$95.00,0,130,0,1,Personal Auto,Personal L2,4,Agent,$140.68,Four-Door Car,Large
PQ65328,Oregon,3833.05,No,Basic,High School or Below,2024-04-02,Employed,M,"$96,471.00",Rural,Married,$100.00,15,104,5,1,Personal Auto,Personal L3,2,Call Center,$126.83,Four-Door Car,Medsize
MI81870,Arizona,20307.48,No,Premium,Bachelor,2024-04-02,Employed,F,"$30,779.00",Suburban,Married,$257.00,14,101,0,6,Corporate Auto,Corporate L1,2,Branch,"$1,231.20",SUV,Medsize
XS44101,California,9061.6,No,Extended,Bachelor,2024-04-02,Employed,F,"$60,603.00",Rural,Married,$112.00,16,101,0,6,Personal Auto,Personal L3,3,Call Center,$100.99,Four-Door Car,Medsize
KC67652,Arizona,14683.25,No,Extended,Doctor,2024-04-02,Employed,M,"$96,194.00",Rural,Single,$186.00,38,22,0,4,Personal Auto,Personal L1,1,Agent,$187.16,Sports Car,Medsize
NJ88229,California,11264.06,No,Basic,College,2024-04-02,Employed,F,"$86,571.00",Rural,Single,$96.00,42,26,0,2,Personal Auto,Personal L2,4,Branch,$98.36,Four-Door Car,Medsize
IN18876,Arizona,10966.08,No,Extended,Bachelor,2024-04-02,Unemployed,F,$0.00,Suburban,Single,$105.00,20,63,0,2,Special Auto,Special L1,3,Web,$758.16,Four-Door Car,Small
CP47989,Oregon,23230.88,No,Basic,High School or Below,2024-04-02,Employed,F,"$40,141.00",Suburban,Divorced,$85.00,16,116,0,2,Corporate Auto,Corporate L2,4,Web,$877.28,Two-Door Car,Medsize
JH35547,Oregon,32997.1,No,Basic,College,2024-04-02,Employed,M,"$48,952.00",Rural,Married,$92.00,4,96,0,2,Personal Auto,Personal L2,4,Call Center,$22.68,Four-Door Car,Large
XF93358,Arizona,18359.9,No,Basic,High School or Below,2024-04-02,Disabled,F,"$30,746.00",Suburban,Divorced,$248.00,8,14,0,3,Personal Auto,Personal L1,1,Agent,"$1,192.32",Luxury Car,Medsize
AB62982,Oregon,7989.39,No,Basic,Doctor,2024-04-02,Employed,F,"$1,04,653.00",Suburban,Married,$99.00,8,89,0,3,Personal Auto,Personal L3,3,Call Center,$473.04,Two-Door Car,Small
AV49798,Arizona,10587.87,No,Extended,College,2024-04-02,Employed,M,"$1,27,255.00",Rural,Married,$132.00,45,105,0,3,Personal Auto,Personal L1,2,Branch,$151.77,Four-Door Car,Medsize
IA30254,Nevada,20030.63,No,Basic,High School or Below,2024-04-02,Unemployed,M,$0.00,Suburban,Single,$95.00,24,62,0,2,Corporate Auto,Corporate L1,1,Agent,$962.04,Four-Door Car,Medsize
YJ57293,California,3748.74,No,Extended,College,2024-04-02,Medical Leave,M,"$32,171.00",Suburban,Married,$103.00,32,30,1,1,Corporate Auto,Corporate L3,4,Web,$492.48,Two-Door Car,Medsize
VN44400,California,7685.12,No,Basic,College,2024-04-02,Employed,F,"$1,16,199.00",Urban,Married,$95.00,3,130,0,3,Personal Auto,Personal L2,3,Branch,$393.64,Two-Door Car,Medsize
YE67531,Oregon,11316.55,Yes,Basic,High School or Below,2024-04-02,Retired,M,"$26,572.00",Suburban,Married,$158.00,23,55,1,9,Personal Auto,Personal L3,1,Web,$758.16,Sports Car,Medsize
MG88768,California,6667.28,No,Basic,College,2024-04-02,Employed,M,"$1,11,690.00",Rural,Married,$84.00,7,16,0,9,Corporate Auto,Corporate L3,2,Branch,$97.34,Four-Door Car,Medsize
VU99672,California,4789.9,No,Extended,College,2024-04-02,Unemployed,M,$0.00,Urban,Married,$130.00,14,104,0,1,Corporate Auto,Corporate L2,1,Branch,$602.27,Four-Door Car,Large
NZ83890,California,6860.35,No,Basic,High School or Below,2024-04-02,Unemployed,F,$0.00,Rural,Married,$93.00,23,103,0,7,Personal Auto,Personal L1,3,Branch,$126.49,Two-Door Car,Medsize
OQ88395,California,6089.23,No,Basic,College,2024-04-02,Employed,M,"$1,13,805.00",Rural,Married,$150.00,18,0,0,1,Corporate Auto,Corporate L3,2,Branch,$273.00,SUV,Medsize
JX80723,California,8467.76,No,Extended,College,2024-04-02,Employed,M,"$1,03,509.00",Rural,Divorced,$108.00,3,80,1,4,Personal Auto,Personal L1,1,Branch,$75.71,Four-Door Car,Medsize
GX22027,California,6429.45,No,Basic,Bachelor,2024-04-02,Medical Leave,F,"$22,486.00",Suburban,Married,$85.00,15,72,1,9,Personal Auto,Personal L2,1,Branch,$408.24,Two-Door Car,Medsize
DR54244,California,3497.63,No,Basic,High School or Below,2024-04-02,Unemployed,F,$0.00,Suburban,Married,$90.00,22,89,0,1,Personal Auto,Personal L3,1,Call Center,$434.16,Four-Door Car,Medsize
RV82726,California,5991.09,No,Premium,High School or Below,2024-04-02,Employed,M,"$30,737.00",Suburban,Married,$151.00,22,93,0,1,Personal Auto,Personal L3,4,Branch,$725.76,Four-Door Car,Medsize
SF13677,California,3838.25,No,Extended,High School or Below,2024-04-02,Unemployed,M,$0.00,Suburban,Single,$109.00,31,81,0,1,Personal Auto,Personal L3,1,Call Center,$787.32,Four-Door Car,Large
MP80287,California,12822.94,No,Extended,College,2024-04-02,Unemployed,F,$0.00,Suburban,Single,$122.00,18,70,0,2,Personal Auto,Personal L2,4,Call Center,$583.20,Two-Door Car,Medsize
FV70604,California,6815.49,No,Premium,Bachelor,2024-04-02,Unemployed,F,$0.00,Suburban,Single,$192.00,14,69,0,1,Corporate Auto,Corporate L1,1,Agent,"$1,188.59",SUV,Medsize
OE15005,California,5326.08,No,Basic,College,2024-05-01,Medical Leave,M,"$38,954.00",Suburban,Married,$136.00,16,80,0,1,Personal Auto,Personal L2,3,Call Center,$874.05,SUV,Medsize
CW82151,California,12018.7,No,Basic,Bachelor,2024-05-01,Employed,M,"$63,225.00",Rural,Married,$151.00,8,4,0,9,Personal Auto,Personal L3,1,Call Center,$86.55,Sports Car,Medsize
GL56175,Arizona,4846.11,No,Extended,College,2024-05-01,Employed,M,"$1,07,052.00",Urban,Married,$122.00,30,3,0,1,Personal Auto,Personal L1,2,Call Center,$329.89,Four-Door Car,Medsize
YM57893,Washington,6325.43,No,Premium,Doctor,2024-05-01,Employed,M,"$1,04,865.00",Suburban,Married,$157.00,43,109,0,1,Personal Auto,Personal L2,1,Call Center,"$1,000.91",Two-Door Car,Small
RE81445,Oregon,7741.71,No,Basic,College,2024-05-01,Employed,F,"$1,32,478.00",Rural,Married,$96.00,14,82,0,3,Personal Auto,Personal L2,3,Branch,$68.29,Two-Door Car,Medsize
RQ19236,Arizona,10857.79,No,Basic,Doctor,2024-05-01,Employed,M,"$74,805.00",Urban,Married,$135.00,32,72,0,4,Personal Auto,Personal L2,2,Web,$350.41,Sports Car,Medsize
KL98495,Nevada,11457.77,No,Basic,College,2024-05-01,Unemployed,M,$0.00,Suburban,Married,$100.00,9,126,0,2,Personal Auto,Personal L2,1,Agent,$575.99,Two-Door Car,Medsize
MO56878,California,20909.38,No,Basic,Bachelor,2024-05-01,Employed,M,"$45,629.00",Suburban,Single,$147.00,38,70,3,2,Corporate Auto,Corporate L3,2,Agent,$897.72,SUV,Small
RJ85627,Washington,16608.73,No,Basic,Bachelor,2024-05-01,Employed,F,"$59,153.00",Urban,Married,$84.00,34,16,1,2,Personal Auto,Personal L3,3,Branch,$331.35,Four-Door Car,Medsize
CC31456,Arizona,8717.71,No,Extended,Bachelor,2024-05-01,Employed,M,"$50,690.00",Rural,Married,$109.00,16,12,0,3,Special Auto,Special L2,2,Web,$216.81,Four-Door Car,Medsize
UY18770,California,13742.62,Yes,Premium,Bachelor,2024-05-01,Retired,F,"$19,292.00",Suburban,Married,$366.00,27,54,0,1,Personal Auto,Personal L3,1,Agent,"$1,756.08",Luxury SUV,Medsize
QW47320,California,13742.62,Yes,Premium,Bachelor,2024-05-01,Retired,F,"$19,292.00",Suburban,Married,$366.00,27,54,0,1,Personal Auto,Personal L1,1,Agent,"$1,756.08",Luxury SUV,Medsize
LA14484,Nevada,3006.55,Yes,Basic,High School or Below,2024-05-01,Retired,M,"$37,762.00",Suburban,Married,$82.00,9,51,0,1,Special Auto,Special L1,3,Web,$395.28,Four-Door Car,Medsize
OM99303,Arizona,3647.01,No,Basic,High School or Below,2024-05-01,Employed,F,"$1,03,019.00",Suburban,Married,$90.00,1,45,0,1,Personal Auto,Personal L3,4,Branch,$434.16,Two-Door Car,Medsize
MW62634,California,3006.55,Yes,Basic,High School or Below,2024-05-01,Retired,M,"$37,762.00",Suburban,Married,$82.00,9,51,0,1,Corporate Auto,Corporate L3,3,Web,$395.28,Four-Door Car,Medsize
XM91635,Arizona,3067.65,No,Basic,High School or Below,2024-05-01,Medical Leave,F,"$22,434.00",Urban,Single,$84.00,0,54,0,1,Special Auto,Special L2,3,Branch,$296.04,Four-Door Car,Medsize
XM72420,Arizona,5291.15,Yes,Extended,High School or Below,2024-05-01,Employed,F,"$90,013.00",Suburban,Married,$131.00,0,54,0,1,Personal Auto,Personal L2,3,Agent,$753.43,Four-Door Car,Small
QL77686,Nevada,6378.46,No,Basic,College,2024-05-01,Employed,F,"$32,381.00",Urban,Married,$161.00,42,4,0,1,Corporate Auto,Corporate L3,2,Call Center,$625.50,SUV,Small
DT77901,Oregon,13742.62,Yes,Premium,Bachelor,2024-05-01,Retired,F,"$19,292.00",Suburban,Married,$366.00,27,54,0,1,Personal Auto,Personal L3,1,Agent,"$1,756.08",Luxury SUV,Medsize
MY80583,Oregon,32375.08,No,Basic,Bachelor,2024-05-01,Employed,F,"$1,13,893.00",Suburban,Married,$89.00,19,57,0,2,Personal Auto,Personal L3,2,Branch,$427.68,Four-Door Car,Small
HP50399,Nevada,5376.06,No,Basic,Bachelor,2024-05-01,Unemployed,M,$0.00,Suburban,Divorced,$153.00,19,104,0,1,Personal Auto,Personal L3,3,Branch,$732.24,SUV,Medsize
SS48498,Washington,8468.78,No,Extended,College,2024-05-01,Employed,F,"$28,129.00",Rural,Married,$107.00,34,3,0,9,Corporate Auto,Corporate L3,1,Branch,$261.32,Four-Door Car,Medsize
XD21246,Oregon,12471.71,No,Extended,High School or Below,2024-05-01,Unemployed,F,$0.00,Suburban,Single,$173.00,41,35,0,5,Personal Auto,Personal L3,1,Agent,"$1,244.16",SUV,Medsize
KK30016,Nevada,7469.05,No,Basic,Master,2024-05-01,Employed,M,"$37,425.00",Suburban,Divorced,$93.00,4,39,0,9,Personal Auto,Personal L3,3,Call Center,$447.12,Four-Door Car,Medsize
NP88496,Nevada,27614.59,No,Basic,High School or Below,2024-05-01,Unemployed,F,$0.00,Suburban,Married,$90.00,38,97,0,2,Personal Auto,Personal L3,3,Agent,$651.24,Four-Door Car,Large
UU93074,California,15796.44,No,Premium,College,2024-05-01,Employed,M,"$43,787.00",Suburban,Married,$401.00,32,92,0,1,Personal Auto,Personal L1,1,Agent,"$2,385.92",Luxury Car,Medsize
VW86720,Oregon,10067.58,No,Basic,Bachelor,2024-05-01,Unemployed,F,$0.00,Suburban,Single,$93.00,20,99,0,2,Personal Auto,Personal L1,1,Call Center,$915.58,Four-Door Car,Small
OH15677,California,5052.48,No,Basic,High School or Below,2024-05-01,Unemployed,M,$0.00,Suburban,Single,$149.00,47,105,1,1,Personal Auto,Personal L2,1,Agent,"$1,717.94",Sports Car,Medsize
AT93647,California,3517.52,No,Basic,College,2024-05-01,Employed,F,"$81,340.00",Urban,Married,$88.00,14,11,0,1,Personal Auto,Personal L2,4,Agent,$246.29,Four-Door Car,Medsize
KH93988,Oregon,10406.99,No,Extended,College,2024-05-01,Employed,F,"$96,031.00",Rural,Married,$132.00,28,128,3,8,Personal Auto,Personal L3,1,Web,$265.10,Two-Door Car,Medsize
EL61402,Arizona,8232.92,No,Extended,Bachelor,2024-05-01,Employed,F,"$1,00,247.00",Urban,Married,$103.00,22,123,0,3,Personal Auto,Personal L3,1,Agent,$289.69,Four-Door Car,Large
TF82172,Arizona,5421.78,No,Basic,College,2024-05-01,Medical Leave,M,"$13,600.00",Rural,Married,$144.00,45,57,0,1,Corporate Auto,Corporate L1,2,Web,$147.14,SUV,Medsize
MS39869,Nevada,9913.53,No,Basic,College,2024-05-01,Unemployed,F,$0.00,Suburban,Single,$92.00,22,77,0,2,Personal Auto,Personal L1,2,Call Center,$646.69,Four-Door Car,Medsize
AH99727,Arizona,7591.47,No,Basic,Bachelor,2024-05-01,Disabled,F,"$15,676.00",Suburban,Married,$96.00,27,124,0,5,Personal Auto,Personal L3,2,Branch,$460.08,Four-Door Car,Medsize
AL21967,Oregon,13731.5,No,Extended,Master,2024-05-01,Employed,M,"$1,00,228.00",Rural,Married,$113.00,46,3,0,2,Corporate Auto,Corporate L2,4,Call Center,$96.27,Four-Door Car,Medsize
MS18916,California,4736.57,Yes,Extended,College,2024-05-01,Medical Leave,M,"$28,320.00",Suburban,Married,$132.00,26,130,1,1,Personal Auto,Personal L1,2,Branch,"$1,587.98",Four-Door Car,Small
WZ61178,California,7056.76,No,Basic,Bachelor,2024-05-01,Medical Leave,F,"$16,060.00",Suburban,Married,$93.00,39,77,0,5,Personal Auto,Personal L2,1,Branch,$642.94,Two-Door Car,Small
YC67208,California,3006.55,Yes,Basic,High School or Below,2024-05-01,Retired,M,"$37,762.00",Suburban,Married,$82.00,9,51,0,1,Personal Auto,Personal L3,3,Web,$395.28,Four-Door Car,Medsize
LQ76410,Arizona,4361.28,Yes,Extended,College,2024-05-01,Employed,M,"$84,879.00",Urban,Divorced,$109.00,0,55,0,1,Special Auto,Special L1,2,Call Center,$280.47,Four-Door Car,Medsize
FN44127,Oregon,4736.57,Yes,Extended,College,2024-05-01,Medical Leave,M,"$28,320.00",Suburban,Married,$132.00,26,130,1,1,Personal Auto,Personal L2,2,Branch,"$1,587.98",Four-Door Car,Small
AH92481,California,6308.82,No,Basic,College,2024-05-01,Employed,F,"$71,846.00",Suburban,Married,$158.00,32,49,0,1,Corporate Auto,Corporate L3,1,Call Center,$758.16,SUV,Medsize
CL70684,California,10308.98,No,Premium,High School or Below,2024-05-01,Unemployed,M,$0.00,Suburban,Single,$150.00,41,116,0,3,Corporate Auto,Corporate L3,2,Agent,"$1,078.92",Two-Door Car,Small
TR18337,Nevada,15547.15,No,Basic,College,2024-05-01,Employed,F,"$68,653.00",Rural,Divorced,$99.00,20,97,0,2,Personal Auto,Personal L2,1,Branch,$137.01,Four-Door Car,Small
MB83471,Oregon,10550.88,No,Premium,High School or Below,2024-05-01,Unemployed,M,$0.00,Suburban,Divorced,$151.00,36,62,0,4,Personal Auto,Personal L3,4,Agent,$775.04,Four-Door Car,Small
PP50567,California,11309.62,No,Basic,Bachelor,2024-05-01,Unemployed,M,$0.00,Suburban,Married,$100.00,19,51,0,2,Corporate Auto,Corporate L3,1,Agent,$479.52,Four-Door Car,Medsize
IM98086,California,4361.28,Yes,Extended,College,2024-05-01,Employed,M,"$84,879.00",Urban,Divorced,$109.00,0,55,0,1,Personal Auto,Personal L2,2,Call Center,$280.47,Four-Door Car,Medsize
KB53430,Oregon,3006.55,Yes,Basic,High School or Below,2024-05-01,Retired,M,"$37,762.00",Suburban,Married,$82.00,9,51,0,1,Personal Auto,Personal L3,3,Web,$395.28,Four-Door Car,Medsize
NY12562,Nevada,3002.52,No,Basic,College,2024-05-01,Unemployed,F,$0.00,Suburban,Single,$86.00,27,5,0,1,Corporate Auto,Corporate L2,2,Branch,$652.40,Four-Door Car,Medsize
ND62955,Nevada,6255.16,No,Basic,Bachelor,2024-05-01,Employed,M,"$67,838.00",Suburban,Married,$158.00,4,126,0,1,Personal Auto,Personal L3,3,Agent,$758.16,SUV,Medsize
RO89785,Oregon,4736.57,Yes,Extended,College,2024-05-01,Medical Leave,M,"$28,320.00",Suburban,Married,$132.00,26,130,1,1,Personal Auto,Personal L3,2,Branch,"$1,587.98",Four-Door Car,Small
NW23827,California,6281.43,No,Basic,College,2024-05-01,Unemployed,F,$0.00,Rural,Married,$85.00,28,31,0,7,Personal Auto,Personal L3,1,Agent,$204.16,Four-Door Car,Medsize
HV69023,California,11180.35,No,Basic,High School or Below,2024-05-01,Medical Leave,F,"$25,905.00",Suburban,Married,$146.00,28,12,0,3,Personal Auto,Personal L2,2,Web,$699.84,SUV,Large
WH36609,Arizona,8491.43,No,Extended,Bachelor,2024-05-01,Employed,F,"$33,044.00",Suburban,Married,$107.00,20,43,0,3,Personal Auto,Personal L3,4,Call Center,$511.92,Four-Door Car,Small
KW12214,Oregon,16706.28,No,Basic,High School or Below,2024-05-01,Employed,M,"$1,05,895.00",Suburban,Married,$139.00,8,99,0,2,Personal Auto,Personal L3,2,Branch,$828.72,SUV,Medsize
WE64781,Oregon,22844.87,No,Extended,Bachelor,2024-05-01,Employed,F,"$1,26,679.00",Urban,Married,$188.00,1,26,0,2,Corporate Auto,Corporate L1,3,Web,$671.43,Sports Car,Medsize
TT18939,California,6384.95,No,Basic,Bachelor,2024-05-01,Medical Leave,M,"$39,709.00",Rural,Divorced,$86.00,3,43,0,3,Personal Auto,Personal L2,3,Branch,$96.26,Four-Door Car,Medsize
JL71713,California,8493.74,No,Extended,Bachelor,2024-05-01,Employed,F,"$1,20,303.00",Urban,Married,$105.00,24,92,0,8,Personal Auto,Personal L3,3,Branch,$296.14,Four-Door Car,Medsize
XN90861,Arizona,7471.68,No,Basic,Bachelor,2024-05-01,Employed,F,"$96,606.00",Urban,Married,$93.00,19,62,0,5,Personal Auto,Personal L1,2,Web,$241.25,Two-Door Car,Medsize
RR93140,California,3888.47,No,Basic,College,2024-05-01,Employed,F,"$1,10,113.00",Urban,Married,$96.00,26,73,0,1,Personal Auto,Personal L2,2,Branch,$257.37,Four-Door Car,Medsize
VM53683,Nevada,34780.61,No,Basic,Bachelor,2024-05-01,Employed,F,"$1,06,385.00",Suburban,Married,$96.00,47,126,0,2,Personal Auto,Personal L3,3,Agent,$526.01,Four-Door Car,Medsize
VO61192,Oregon,9114.91,No,Extended,High School or Below,2024-05-01,Employed,M,"$57,285.00",Suburban,Married,$115.00,38,63,0,5,Personal Auto,Personal L2,4,Call Center,$554.78,Four-Door Car,Medsize
OT24208,California,16727.15,No,Basic,Bachelor,2024-05-01,Medical Leave,M,"$19,416.00",Suburban,Married,$89.00,11,65,0,2,Personal Auto,Personal L3,3,Agent,$427.68,Four-Door Car,Medsize
LR61007,Arizona,4096.98,No,Extended,High School or Below,2024-05-01,Employed,M,"$1,06,992.00",Urban,Married,$103.00,31,9,0,1,Corporate Auto,Corporate L3,4,Agent,$344.23,Two-Door Car,Medsize
DP50640,California,3440.94,No,Basic,Bachelor,2024-05-01,Employed,M,"$63,917.00",Suburban,Married,$88.00,8,47,0,1,Personal Auto,Personal L3,2,Call Center,$421.20,Four-Door Car,Small
AF41118,California,9795.21,No,Extended,College,2024-05-01,Medical Leave,M,"$14,459.00",Suburban,Married,$127.00,16,45,0,7,Personal Auto,Personal L2,1,Branch,$609.12,Two-Door Car,Small
SG51259,California,6078.87,No,Extended,High School or Below,2024-05-01,Unemployed,F,$0.00,Suburban,Single,$174.00,14,15,0,1,Personal Auto,Personal L1,1,Agent,"$2,006.65",SUV,Medsize
AG62140,California,7271.54,No,Basic,College,2024-05-01,Employed,F,"$45,517.00",Suburban,Married,$92.00,24,90,1,3,Personal Auto,Personal L2,1,Agent,$471.73,Four-Door Car,Small
SY22123,California,8505.59,No,Extended,College,2024-05-01,Medical Leave,F,"$39,878.00",Suburban,Single,$115.00,27,112,0,7,Personal Auto,Personal L3,1,Agent,$550.80,Four-Door Car,Medsize
CW35098,Washington,4452.17,No,Extended,College,2024-05-01,Unemployed,M,$0.00,Suburban,Single,$123.00,4,105,0,1,Personal Auto,Personal L3,1,Branch,$884.52,Two-Door Car,Medsize
FY90924,Arizona,3974.64,No,Basic,High School or Below,2024-05-01,Employed,F,"$99,361.00",Urban,Married,$99.00,14,57,0,1,Personal Auto,Personal L3,2,Agent,$458.92,Four-Door Car,Medsize
YS84064,Arizona,20899.69,No,Premium,Bachelor,2024-05-01,Unemployed,M,$0.00,Suburban,Single,$243.00,39,26,3,2,Corporate Auto,Corporate L3,2,Agent,"$1,749.60",SUV,Medsize
QD46343,Arizona,5291.15,Yes,Extended,High School or Below,2024-05-01,Employed,F,"$90,013.00",Suburban,Married,$131.00,0,54,0,1,Personal Auto,Personal L3,3,Agent,$753.43,Four-Door Car,Small
KR54589,California,7940.45,No,Basic,High School or Below,2024-05-01,Employed,F,"$1,17,196.00",Rural,Married,$99.00,1,15,0,3,Personal Auto,Personal L3,4,Agent,$61.39,Four-Door Car,Small
AM34581,Oregon,9018.2,No,Extended,Bachelor,2024-05-01,Employed,F,"$32,983.00",Rural,Married,$117.00,26,59,3,6,Corporate Auto,Corporate L2,2,Branch,$96.00,Two-Door Car,Medsize
ZR84007,Arizona,9997.11,No,Basic,Bachelor,2024-05-01,Employed,M,"$79,352.00",Suburban,Single,$86.00,18,111,1,2,Personal Auto,Personal L1,2,Branch,$414.72,Four-Door Car,Medsize
ZZ22193,California,7701.32,No,Basic,Master,2024-05-01,Employed,F,"$50,861.00",Suburban,Single,$96.00,34,108,0,3,Personal Auto,Personal L2,1,Agent,$514.24,Four-Door Car,Medsize
CT96082,Oregon,6359.96,No,Basic,Bachelor,2024-05-01,Disabled,F,"$18,810.00",Rural,Married,$84.00,34,43,0,6,Corporate Auto,Corporate L3,1,Call Center,$66.64,Two-Door Car,Medsize
SJ88799,Washington,5374.13,No,Premium,High School or Below,2024-05-01,Employed,M,"$1,24,928.00",Suburban,Single,$136.00,3,82,0,1,Personal Auto,Personal L2,3,Agent,$955.00,Four-Door Car,Medsize
HG23705,Arizona,3878.1,No,Basic,Bachelor,2024-05-01,Employed,F,"$1,07,569.00",Rural,Single,$99.00,5,126,1,1,Personal Auto,Personal L3,2,Agent,$12.37,Four-Door Car,Medsize
LL14393,Oregon,3451.42,No,Basic,High School or Below,2024-05-01,Employed,M,"$32,220.00",Suburban,Married,$88.00,8,134,0,1,Personal Auto,Personal L2,3,Call Center,$421.20,Four-Door Car,Medsize
QV48556,Arizona,7318.42,No,Basic,Master,2024-05-01,Disabled,F,"$40,474.00",Suburban,Divorced,$96.00,5,12,0,3,Corporate Auto,Corporate L3,1,Agent,$460.08,Two-Door Car,Medsize
LN43251,Oregon,6241.77,No,Extended,High School or Below,2024-05-01,Unemployed,M,$0.00,Suburban,Single,$180.00,24,3,0,1,Personal Auto,Personal L3,1,Web,"$1,292.76",SUV,Medsize
VB57504,California,3456.93,No,Basic,High School or Below,2024-05-01,Employed,M,"$40,536.00",Suburban,Married,$88.00,18,14,0,1,Personal Auto,Personal L3,2,Branch,$421.20,Four-Door Car,Medsize
VG85511,Arizona,11825.45,No,Basic,College,2024-05-01,Medical Leave,M,"$38,178.00",Suburban,Married,$157.00,9,74,0,9,Personal Auto,Personal L3,2,Web,$751.68,Sports Car,Medsize
JM96431,Oregon,4206.2,No,Extended,College,2024-05-01,Employed,M,"$73,467.00",Suburban,Single,$108.00,36,0,0,1,Personal Auto,Personal L1,2,Call Center,$777.60,Four-Door Car,Medsize
KL39986,Arizona,26026.4,No,Basic,High School or Below,2024-05-01,Unemployed,F,$0.00,Suburban,Single,$82.00,16,104,0,2,Personal Auto,Personal L3,3,Branch,$494.92,Two-Door Car,Medsize
MN79082,Oregon,8699.5,No,Extended,College,2024-05-01,Employed,M,"$63,113.00",Suburban,Married,$111.00,27,100,1,3,Corporate Auto,Corporate L1,3,Branch,$907.24,Two-Door Car,Small
DQ69331,Washington,3006.55,Yes,Basic,High School or Below,2024-05-01,Retired,M,"$37,762.00",Suburban,Married,$82.00,9,51,0,1,Personal Auto,Personal L2,3,Web,$395.28,Four-Door Car,Medsize
WE93328,Nevada,5291.15,Yes,Extended,High School or Below,2024-05-01,Employed,F,"$90,013.00",Suburban,Married,$131.00,0,54,0,1,Corporate Auto,Corporate L3,3,Agent,$753.43,Four-Door Car,Small
SL19130,Oregon,5537.61,No,Premium,High School or Below,2024-05-01,Unemployed,M,$0.00,Suburban,Single,$155.00,1,46,0,1,Personal Auto,Personal L1,1,Branch,$745.20,Two-Door Car,Medsize
UH41125,Arizona,3006.55,Yes,Basic,High School or Below,2024-05-01,Retired,M,"$37,762.00",Suburban,Married,$82.00,9,51,0,1,Personal Auto,Personal L3,3,Web,$395.28,Four-Door Car,Medsize
SD63822,Oregon,6869.73,No,Basic,Bachelor,2024-05-01,Unemployed,F,$0.00,Suburban,Single,$96.00,42,70,0,4,Corporate Auto,Corporate L2,1,Branch,$690.12,Four-Door Car,Small
YE24562,California,4736.57,Yes,Extended,College,2024-05-01,Medical Leave,M,"$28,320.00",Suburban,Married,$132.00,26,130,1,1,Personal Auto,Personal L3,2,Branch,"$1,587.98",Four-Door Car,Small
TS78649,Arizona,21978.27,No,Premium,High School or Below,2024-05-01,Unemployed,M,$0.00,Suburban,Single,$212.00,23,1,0,2,Personal Auto,Personal L1,3,Branch,"$1,017.36",Sports Car,Medsize
VA89404,California,22798.53,No,Basic,Master,2024-05-01,Employed,M,"$71,904.00",Urban,Married,$84.00,15,24,4,2,Corporate Auto,Corporate L3,2,Branch,$302.02,Four-Door Car,Medsize
EX97404,Oregon,2909.53,No,Basic,High School or Below,2024-05-01,Unemployed,F,$0.00,Suburban,Single,$95.00,30,90,3,1,Personal Auto,Personal L3,1,Branch,$453.60,Four-Door Car,Medsize
MA94219,Nevada,12241.34,No,Premium,College,2024-05-01,Employed,M,"$1,05,638.00",Suburban,Married,$154.00,9,89,0,6,Personal Auto,Personal L3,2,Branch,$738.72,Four-Door Car,Medsize
TH72420,Oregon,11772.62,No,Basic,Doctor,2024-05-01,Employed,M,"$34,765.00",Suburban,Married,$99.00,38,115,0,2,Personal Auto,Personal L3,4,Agent,$510.65,Two-Door Car,Small
WG39961,Oregon,5291.15,Yes,Extended,High School or Below,2024-05-01,Employed,F,"$90,013.00",Suburban,Married,$131.00,0,54,0,1,Personal Auto,Personal L1,3,Agent,$753.43,Four-Door Car,Small
CQ15251,Oregon,6953.06,No,Basic,Bachelor,2024-05-01,Employed,F,"$88,599.00",Rural,Married,$86.00,28,38,0,3,Personal Auto,Personal L3,4,Call Center,$120.71,Four-Door Car,Large
UH76249,Arizona,12268.24,No,Extended,High School or Below,2024-05-01,Unemployed,M,$0.00,Suburban,Married,$108.00,9,104,0,2,Corporate Auto,Corporate L2,1,Agent,$518.40,Four-Door Car,Medsize
YA37626,Oregon,19732.1,No,Extended,Master,2024-05-01,Employed,M,"$34,233.00",Suburban,Single,$170.00,1,18,0,2,Personal Auto,Personal L1,4,Branch,"$1,013.29",SUV,Medsize
PK20739,Oregon,17885.66,No,Premium,Bachelor,2024-05-01,Employed,M,"$33,850.00",Suburban,Married,$151.00,23,11,0,2,Personal Auto,Personal L1,1,Branch,$725.76,Two-Door Car,Medsize
EP61197,Oregon,44068.15,No,Premium,Master,2024-05-01,Employed,F,"$1,05,185.00",Suburban,Married,$155.00,5,82,0,2,Personal Auto,Personal L3,3,Call Center,$745.20,Four-Door Car,Small
DB26077,Arizona,6579.14,No,Extended,High School or Below,2024-05-01,Retired,F,"$25,469.00",Suburban,Married,$170.00,5,84,0,1,Personal Auto,Personal L2,3,Call Center,$816.48,SUV,Medsize
MP95255,California,5291.15,Yes,Extended,High School or Below,2024-05-01,Employed,F,"$90,013.00",Suburban,Married,$131.00,0,54,0,1,Personal Auto,Personal L1,3,Agent,$753.43,Four-Door Car,Small
TB54645,Oregon,4095.1,No,Extended,Bachelor,2024-05-01,Disabled,F,"$36,948.00",Urban,Married,$104.00,18,54,0,1,Personal Auto,Personal L3,1,Call Center,$448.12,Four-Door Car,Medsize
SD96596,Washington,25034.81,No,Extended,High School or Below,2024-05-01,Employed,F,"$46,017.00",Urban,Single,$317.00,16,66,0,6,Personal Auto,Personal L2,1,Branch,"$1,200.85",Luxury SUV,Medsize
IS79761,Oregon,5151.4,No,Extended,High School or Below,2024-05-01,Employed,M,"$52,179.00",Suburban,Single,$132.00,16,112,0,1,Personal Auto,Personal L3,3,Branch,$635.04,Two-Door Car,Medsize
HZ28612,Washington,7595.87,No,Basic,College,2024-05-01,Employed,F,"$80,706.00",Suburban,Married,$95.00,39,69,0,9,Personal Auto,Personal L2,3,Branch,$453.60,Four-Door Car,Small
HG81172,Arizona,10385.71,No,Extended,College,2024-05-01,Employed,F,"$73,798.00",Rural,Married,$131.00,0,81,1,3,Personal Auto,Personal L3,3,Agent,$134.74,Four-Door Car,Medsize
UR40795,Oregon,12514.07,No,Basic,High School or Below,2024-05-01,Medical Leave,M,"$37,596.00",Suburban,Married,$161.00,32,127,0,3,Personal Auto,Personal L2,1,Web,$771.12,Sports Car,Small
SN94425,Oregon,6130.71,No,Basic,High School or Below,2024-05-01,Unemployed,F,$0.00,Suburban,Divorced,$88.00,20,115,2,4,Special Auto,Special L3,1,Agent,$421.20,Four-Door Car,Medsize
XB35510,California,11750.78,No,Basic,Bachelor,2024-05-01,Employed,M,"$51,397.00",Rural,Married,$153.00,14,49,1,3,Personal Auto,Personal L3,1,Branch,$203.93,SUV,Medsize
RE80124,Arizona,8369.95,No,Extended,College,2024-05-01,Unemployed,F,$0.00,Suburban,Single,$113.00,42,82,0,3,Personal Auto,Personal L3,1,Agent,$816.48,Two-Door Car,Small
PK47936,Washington,11813.46,No,Premium,High School or Below,2024-05-01,Employed,F,"$34,838.00",Suburban,Married,$149.00,27,58,0,5,Personal Auto,Personal L3,4,Call Center,$712.80,Four-Door Car,Medsize
PV77228,Arizona,4361.28,Yes,Extended,College,2024-05-01,Employed,M,"$84,879.00",Urban,Divorced,$109.00,0,55,0,1,Corporate Auto,Corporate L1,2,Call Center,$280.47,Four-Door Car,Medsize
YP17198,Oregon,30139.87,No,Basic,Master,2024-05-01,Employed,M,"$1,33,975.00",Rural,Single,$95.00,30,36,0,2,Corporate Auto,Corporate L3,2,Branch,$65.21,Four-Door Car,Large
OY88200,Nevada,3653.92,No,Basic,College,2024-05-01,Medical Leave,F,"$30,596.00",Suburban,Divorced,$99.00,0,11,0,1,Personal Auto,Personal L2,4,Agent,$473.04,Two-Door Car,Small
JL21509,California,4736.57,Yes,Extended,College,2024-05-01,Medical Leave,M,"$28,320.00",Suburban,Married,$132.00,26,130,1,1,Personal Auto,Personal L3,2,Branch,"$1,587.98",Four-Door Car,Small
BG73480,Oregon,7187.22,No,Extended,High School or Below,2024-05-01,Employed,F,"$87,353.00",Rural,Single,$182.00,0,41,0,1,Corporate Auto,Corporate L2,1,Agent,$104.13,SUV,Medsize
IQ15028,Arizona,3593.34,No,Basic,Bachelor,2024-05-01,Medical Leave,F,"$32,605.00",Suburban,Married,$97.00,23,38,2,1,Personal Auto,Personal L2,3,Branch,$466.56,Four-Door Car,Large
TT19625,Nevada,20624.6,No,Basic,Bachelor,2024-05-01,Employed,F,"$51,547.00",Suburban,Married,$258.00,28,19,0,8,Personal Auto,Personal L3,1,Branch,"$1,324.36",Luxury Car,Medsize
CI51999,Arizona,11017.58,No,Basic,College,2024-05-01,Medical Leave,M,"$16,559.00",Suburban,Married,$154.00,34,49,1,3,Personal Auto,Personal L1,1,Branch,$988.27,SUV,Medsize
SF29524,Oregon,6100.36,No,Basic,Doctor,2024-05-01,Retired,M,"$25,901.00",Suburban,Divorced,$84.00,14,46,0,5,Personal Auto,Personal L1,3,Branch,$401.76,Four-Door Car,Small
WO25669,Oregon,48184.43,No,Basic,High School or Below,2024-05-01,Unemployed,F,$0.00,Suburban,Married,$138.00,14,122,0,2,Personal Auto,Personal L1,1,Branch,"$1,516.34",SUV,Medsize
UJ38473,California,29596.22,No,Basic,Bachelor,2024-05-01,Employed,M,"$1,09,616.00",Rural,Married,$147.00,3,57,0,2,Personal Auto,Personal L1,2,Branch,$127.89,Sports Car,Small
YU32377,Oregon,8847.82,No,Basic,College,2024-05-01,Unemployed,F,$0.00,Suburban,Single,$82.00,5,92,0,2,Corporate Auto,Corporate L2,3,Call Center,$493.86,Two-Door Car,Medsize
XE36531,California,6600.97,No,Extended,High School or Below,2024-05-01,Employed,F,"$69,182.00",Suburban,Married,$165.00,5,120,0,1,Personal Auto,Personal L3,2,Web,"$1,103.88",SUV,Medsize
LD63324,Arizona,4361.28,Yes,Extended,College,2024-05-01,Employed,M,"$84,879.00",Urban,Divorced,$109.00,0,55,0,1,Corporate Auto,Corporate L3,2,Call Center,$280.47,Four-Door Car,Medsize
GA86186,Oregon,4361.28,Yes,Extended,College,2024-05-01,Employed,M,"$84,879.00",Urban,Divorced,$109.00,0,55,0,1,Special Auto,Special L3,2,Call Center,$280.47,Four-Door Car,Medsize
LH87004,Washington,23446.16,No,Basic,College,2024-05-01,Employed,M,"$55,914.00",Suburban,Divorced,$151.00,23,108,0,2,Personal Auto,Personal L3,3,Branch,$725.76,SUV,Small
HC31007,California,6816.31,No,Basic,High School or Below,2024-05-01,Unemployed,M,$0.00,Suburban,Married,$92.00,47,88,0,7,Personal Auto,Personal L2,1,Agent,$617.18,Four-Door Car,Medsize
IX60941,Oregon,4736.57,Yes,Extended,College,2024-05-01,Medical Leave,M,"$28,320.00",Suburban,Married,$132.00,26,130,1,1,Personal Auto,Personal L3,2,Branch,"$1,587.98",Four-Door Car,Small
YD80815,Arizona,9650.25,No,Basic,Bachelor,2024-05-01,Employed,F,"$69,918.00",Rural,Married,$244.00,14,62,1,1,Personal Auto,Personal L3,4,Call Center,$571.00,Luxury Car,Medsize
BQ94892,Oregon,4361.28,Yes,Extended,College,2024-05-01,Employed,M,"$84,879.00",Urban,Divorced,$109.00,0,55,0,1,Personal Auto,Personal L2,2,Call Center,$280.47,Four-Door Car,Medsize
LA33814,Oregon,23445.82,No,Premium,High School or Below,2024-05-01,Employed,M,"$89,431.00",Rural,Married,$196.00,30,78,0,2,Personal Auto,Personal L3,2,Agent,$245.03,SUV,Medsize
WY80801,California,26133.03,No,Premium,High School or Below,2024-05-01,Employed,F,"$34,507.00",Suburban,Married,$220.00,4,34,0,2,Corporate Auto,Corporate L1,2,Agent,"$1,327.56",SUV,Medsize
RY27018,Washington,9759.14,No,Extended,High School or Below,2024-05-01,Employed,M,"$71,839.00",Suburban,Married,$123.00,28,103,0,3,Personal Auto,Personal L3,4,Call Center,$589.68,Four-Door Car,Large
SN27401,Washington,9882.1,No,Premium,High School or Below,2024-05-01,Unemployed,M,$0.00,Suburban,Single,$151.00,41,39,1,3,Personal Auto,Personal L2,2,Agent,"$1,088.64",Two-Door Car,Medsize
LY83340,Oregon,10599.64,No,Basic,High School or Below,2024-05-01,Employed,F,"$66,073.00",Rural,Married,$88.00,23,68,0,2,Corporate Auto,Corporate L3,1,Web,$141.84,Two-Door Car,Medsize
RY26286,California,6842.38,No,Basic,College,2024-05-01,Employed,M,"$1,09,142.00",Urban,Single,$88.00,12,43,0,9,Corporate Auto,Corporate L2,2,Agent,$306.70,Four-Door Car,Medsize
GQ11852,Oregon,17963.35,No,Premium,College,2024-05-01,Employed,F,"$52,673.00",Urban,Married,$230.00,14,5,2,3,Personal Auto,Personal L3,1,Call Center,$800.36,SUV,Medsize
QF75939,Washington,4995.92,No,Extended,High School or Below,2024-05-01,Employed,F,"$49,559.00",Suburban,Single,$127.00,23,76,0,1,Personal Auto,Personal L1,2,Agent,$913.68,Four-Door Car,Small
CY18875,Oregon,11326.66,No,Extended,High School or Below,2024-05-01,Unemployed,F,$0.00,Suburban,Single,$105.00,30,4,0,2,Personal Auto,Personal L3,1,Web,$988.66,Four-Door Car,Small
SM52948,Nevada,11755.29,No,Basic,Bachelor,2024-05-01,Employed,F,"$77,094.00",Suburban,Married,$149.00,36,113,3,7,Personal Auto,Personal L2,2,Branch,$712.80,SUV,Small
MA15172,California,13742.62,Yes,Premium,Bachelor,2024-05-01,Retired,F,"$19,292.00",Suburban,Married,$366.00,27,54,0,1,Personal Auto,Personal L2,1,Agent,"$1,756.08",Luxury SUV,Medsize
TK67721,Oregon,3070.8,No,Basic,High School or Below,2024-05-01,Unemployed,F,$0.00,Suburban,Single,$86.00,16,34,0,1,Corporate Auto,Corporate L2,4,Call Center,$839.66,Four-Door Car,Medsize
NV35796,Oregon,20468.79,No,Extended,Master,2024-05-01,Employed,F,"$96,344.00",Urban,Divorced,$127.00,31,76,0,2,Personal Auto,Personal L2,2,Call Center,$358.04,Four-Door Car,Small
TR18791,Arizona,3336.45,No,Basic,Bachelor,2024-05-01,Unemployed,M,$0.00,Suburban,Single,$95.00,43,19,0,1,Personal Auto,Personal L1,1,Branch,$680.40,Two-Door Car,Small
XT34986,Oregon,22647.34,No,Extended,Bachelor,2024-05-01,Employed,M,"$1,20,191.00",Rural,Married,$188.00,42,84,0,2,Personal Auto,Personal L3,3,Agent,$66.91,SUV,Medsize
YP53257,Oregon,13742.62,Yes,Premium,Bachelor,2024-05-01,Retired,F,"$19,292.00",Suburban,Married,$366.00,27,54,0,1,Personal Auto,Personal L3,1,Agent,"$1,756.08",Luxury SUV,Medsize
DO70918,Nevada,6174.9,No,Extended,High School or Below,2024-05-01,Unemployed,F,$0.00,Suburban,Single,$171.00,30,72,0,1,Special Auto,Special L2,1,Agent,"$1,234.44",Sports Car,Small
IK74329,Arizona,24383.59,No,Basic,High School or Below,2024-05-01,Medical Leave,F,"$17,771.00",Rural,Single,$95.00,0,61,0,2,Personal Auto,Personal L3,1,Agent,$101.78,Two-Door Car,Medsize
DU66880,Arizona,18337.89,No,Premium,High School or Below,2024-05-01,Employed,M,"$79,034.00",Suburban,Married,$154.00,26,65,0,2,Personal Auto,Personal L2,1,Agent,"$1,039.21",Four-Door Car,Medsize
HH69970,California,8480.81,No,Extended,Bachelor,2024-05-01,Employed,F,"$43,620.00",Urban,Married,$107.00,14,31,0,3,Corporate Auto,Corporate L3,1,Agent,$279.84,Four-Door Car,Large
ZR79373,Arizona,13742.62,Yes,Premium,Bachelor,2024-05-01,Retired,F,"$19,292.00",Suburban,Married,$366.00,27,54,0,1,Personal Auto,Personal L3,1,Agent,"$1,756.08",Luxury SUV,Medsize
VB23257,Oregon,6281,No,Basic,Bachelor,2024-05-01,Employed,M,"$64,247.00",Rural,Single,$161.00,19,34,0,1,Special Auto,Special L3,1,Branch,$163.79,SUV,Medsize
GU56606,Nevada,8037.03,No,Extended,Bachelor,2024-05-01,Employed,M,"$27,382.00",Suburban,Divorced,$104.00,9,23,0,3,Personal Auto,Personal L1,2,Branch,$498.96,Two-Door Car,Medsize
GB92679,Nevada,11369.05,No,Premium,High School or Below,2024-05-01,Employed,F,"$1,28,438.00",Rural,Married,$139.00,34,36,0,6,Personal Auto,Personal L1,1,Agent,$45.93,Four-Door Car,Medsize
QX22025,California,16401.07,No,Basic,High School or Below,2024-05-01,Employed,F,"$49,984.00",Urban,Married,$136.00,20,49,0,2,Corporate Auto,Corporate L1,3,Branch,$576.78,SUV,Medsize
BN77676,California,6528.02,No,Basic,High School or Below,2024-05-01,Unemployed,M,$0.00,Suburban,Single,$96.00,15,96,0,6,Personal Auto,Personal L2,3,Agent,$690.12,Four-Door Car,Medsize
VM77872,California,10375.63,No,Premium,High School or Below,2024-05-01,Unemployed,M,$0.00,Suburban,Single,$150.00,30,128,0,3,Corporate Auto,Corporate L3,3,Branch,"$1,078.92",Four-Door Car,Large
AK59340,California,7561.54,No,Basic,High School or Below,2024-05-01,Employed,M,"$57,186.00",Rural,Single,$96.00,39,84,0,8,Corporate Auto,Corporate L3,1,Branch,$134.34,Four-Door Car,Medsize
FP27229,California,4569.03,No,Extended,College,2024-05-01,Employed,F,"$73,714.00",Suburban,Single,$116.00,39,92,0,1,Corporate Auto,Corporate L3,1,Agent,$557.28,Four-Door Car,Medsize
QV14053,California,3655.83,No,Basic,High School or Below,2024-05-01,Employed,M,"$72,639.00",Rural,Divorced,$92.00,34,93,0,1,Personal Auto,Personal L3,4,Web,$86.08,Two-Door Car,Medsize
BM92346,California,5291.15,Yes,Extended,High School or Below,2024-05-01,Employed,F,"$90,013.00",Suburban,Married,$131.00,0,54,0,1,Personal Auto,Personal L1,3,Agent,$753.43,Four-Door Car,Small
HM55802,California,3229.35,No,Basic,Bachelor,2024-05-02,Disabled,F,"$24,125.00",Suburban,Married,$82.00,41,123,0,1,Corporate Auto,Corporate L2,2,Branch,$592.92,Four-Door Car,Medsize
SY17488,Arizona,9671.93,No,Extended,College,2024-05-02,Employed,F,"$62,941.00",Suburban,Divorced,$123.00,1,72,0,3,Corporate Auto,Corporate L3,3,Call Center,$589.68,Four-Door Car,Small
OO88645,California,4190.3,No,Extended,College,2024-05-02,Employed,F,"$1,00,798.00",Urban,Married,$105.00,14,122,2,1,Corporate Auto,Corporate L2,2,Call Center,$319.82,Four-Door Car,Medsize
XK33449,California,3218.04,No,Basic,High School or Below,2024-05-02,Unemployed,F,$0.00,Suburban,Single,$93.00,7,54,0,1,Special Auto,Special L3,4,Branch,$670.68,Two-Door Car,Small
FY32213,California,7553.78,Yes,Basic,High School or Below,2024-05-02,Employed,F,"$1,00,513.00",Suburban,Single,$96.00,34,39,0,3,Personal Auto,Personal L3,2,Call Center,$460.08,Four-Door Car,Medsize
BK59444,California,25554.6,No,Basic,Master,2024-05-02,Employed,F,"$97,465.00",Rural,Single,$92.00,11,82,0,2,Personal Auto,Personal L2,2,Branch,$205.45,Four-Door Car,Medsize
HI74419,Washington,10925.38,Yes,Basic,College,2024-05-02,Employed,M,"$68,614.00",Urban,Married,$138.00,4,62,0,3,Personal Auto,Personal L2,1,Agent,$498.98,SUV,Medsize
FF58467,Arizona,6872.55,No,Basic,Master,2024-05-02,Employed,F,"$1,25,574.00",Rural,Divorced,$85.00,7,122,0,3,Personal Auto,Personal L3,3,Call Center,$182.77,Four-Door Car,Medsize
TL77607,California,11951.13,No,Basic,Bachelor,2024-05-02,Employed,M,"$91,758.00",Urban,Married,$100.00,15,19,0,2,Personal Auto,Personal L3,3,Branch,$267.00,Four-Door Car,Medsize
MM71959,Arizona,11790.26,No,Basic,Bachelor,2024-05-02,Employed,M,"$1,12,334.00",Suburban,Divorced,$149.00,0,34,0,3,Personal Auto,Personal L3,3,Branch,$712.80,Sports Car,Large
RX13282,Oregon,16427.81,Yes,Basic,Bachelor,2024-05-02,Retired,M,"$20,214.00",Suburban,Divorced,$155.00,3,101,0,2,Personal Auto,Personal L3,1,Branch,"$1,117.80",SUV,Medsize
XI41106,Arizona,22780.34,No,Basic,College,2024-05-02,Employed,M,"$74,777.00",Urban,Married,$96.00,46,39,0,2,Corporate Auto,Corporate L3,3,Branch,$345.96,Two-Door Car,Medsize
ON77827,Arizona,3766.81,No,Basic,Master,2024-05-02,Medical Leave,F,"$31,015.00",Urban,Married,$96.00,0,11,0,1,Personal Auto,Personal L3,4,Call Center,$243.90,Four-Door Car,Large
VA30351,Oregon,7553.78,Yes,Basic,High School or Below,2024-05-02,Employed,F,"$1,00,513.00",Suburban,Single,$96.00,34,39,0,3,Personal Auto,Personal L2,2,Call Center,$460.08,Four-Door Car,Medsize
VO38365,Washington,11962.55,No,Basic,College,2024-05-02,Employed,F,"$1,21,669.00",Rural,Married,$149.00,1,97,0,3,Corporate Auto,Corporate L3,3,Branch,$173.67,SUV,Medsize
NR32615,California,7423.57,Yes,Basic,College,2024-05-02,Medical Leave,M,"$30,402.00",Suburban,Married,$99.00,23,86,0,3,Corporate Auto,Corporate L2,1,Branch,$473.04,Four-Door Car,Medsize
PU98976,California,8352.92,No,Extended,Bachelor,2024-05-02,Unemployed,F,$0.00,Suburban,Single,$119.00,23,34,0,6,Personal Auto,Personal L3,1,Call Center,$855.36,Four-Door Car,Medsize
CS15289,Oregon,21786.86,No,Basic,Master,2024-05-02,Employed,F,"$1,06,705.00",Rural,Married,$269.00,19,65,0,3,Personal Auto,Personal L3,2,Branch,$566.00,Luxury SUV,Small
UY45293,Oregon,5000.31,No,Extended,Bachelor,2024-05-02,Employed,M,"$29,666.00",Suburban,Divorced,$128.00,38,85,0,1,Corporate Auto,Corporate L1,4,Agent,$615.60,Four-Door Car,Large
GT54462,Arizona,19372.31,No,Premium,Bachelor,2024-05-02,Employed,M,"$98,850.00",Urban,Married,$243.00,32,58,0,3,Personal Auto,Personal L1,1,Call Center,"$1,109.05",SUV,Large
OR48881,Oregon,8517.05,No,Extended,Doctor,2024-05-02,Employed,F,"$28,847.00",Rural,Married,$107.00,9,3,0,6,Corporate Auto,Corporate L3,2,Call Center,$6.23,Four-Door Car,Medsize
PM13394,Washington,7167.74,No,Basic,College,2024-05-02,Medical Leave,F,"$30,245.00",Urban,Married,$95.00,0,84,1,4,Personal Auto,Personal L3,1,Agent,$285.03,Four-Door Car,Medsize
HM20544,Washington,2937.25,No,Basic,College,2024-05-02,Unemployed,F,$0.00,Suburban,Single,$82.00,42,20,0,1,Personal Auto,Personal L3,1,Web,$646.78,Four-Door Car,Medsize
MX50302,Oregon,3536.11,Yes,Basic,Bachelor,2024-05-02,Employed,M,"$1,06,134.00",Urban,Divorced,$89.00,9,76,0,1,Special Auto,Special L3,1,Agent,$304.53,Two-Door Car,Medsize
BM66931,Arizona,5465.02,No,Basic,High School or Below,2024-05-02,Employed,F,"$1,25,281.00",Urban,Married,$135.00,32,31,0,1,Personal Auto,Personal L2,2,Web,$549.51,SUV,Medsize
UX71137,Washington,11982.55,No,Premium,Doctor,2024-05-02,Employed,F,"$93,427.00",Urban,Married,$149.00,27,76,0,6,Personal Auto,Personal L3,2,Web,$502.69,Four-Door Car,Medsize
TP15362,Oregon,4849.19,No,Extended,College,2024-05-02,Employed,M,"$37,818.00",Suburban,Divorced,$123.00,22,18,0,1,Personal Auto,Personal L1,2,Branch,$884.52,Four-Door Car,Medsize
LH92841,Washington,9795.54,No,Extended,Bachelor,2024-05-02,Employed,F,"$1,20,003.00",Rural,Married,$120.00,23,76,0,3,Personal Auto,Personal L2,1,Branch,$68.21,Four-Door Car,Medsize
OO35641,Oregon,44376.86,No,Basic,College,2024-05-02,Employed,F,"$1,05,957.00",Urban,Divorced,$158.00,7,23,0,2,Personal Auto,Personal L3,3,Agent,$605.14,SUV,Medsize
FB84235,Oregon,7423.57,Yes,Basic,College,2024-05-02,Medical Leave,M,"$30,402.00",Suburban,Married,$99.00,23,86,0,3,Personal Auto,Personal L2,1,Branch,$473.04,Four-Door Car,Medsize
QZ17137,Arizona,4496.41,No,Extended,High School or Below,2024-05-02,Employed,F,"$62,024.00",Rural,Married,$112.00,27,5,0,1,Personal Auto,Personal L2,3,Call Center,$246.98,Two-Door Car,Medsize
FV42881,Oregon,3917.91,No,Basic,College,2024-05-02,Employed,F,"$1,29,785.00",Rural,Married,$99.00,23,46,2,1,Corporate Auto,Corporate L1,1,Call Center,$91.11,Two-Door Car,Medsize
ER40041,Oregon,29964.33,No,Basic,College,2024-05-02,Employed,F,"$1,06,603.00",Rural,Married,$247.00,4,105,0,2,Personal Auto,Personal L3,1,Call Center,$196.54,Luxury Car,Medsize
XJ85947,Oregon,4210.55,No,Extended,College,2024-05-02,Employed,F,"$1,19,856.00",Urban,Divorced,$105.00,8,51,0,1,Personal Auto,Personal L3,4,Web,$482.97,Four-Door Car,Large
WH11924,Washington,6271.88,No,Basic,College,2024-05-02,Unemployed,M,$0.00,Suburban,Single,$96.00,4,45,0,3,Personal Auto,Personal L2,4,Web,$941.20,Two-Door Car,Large
KK64803,California,37048.69,No,Extended,High School or Below,2024-05-02,Employed,M,"$1,11,132.00",Suburban,Married,$134.00,5,3,1,2,Personal Auto,Personal L2,2,Branch,$641.52,Four-Door Car,Medsize
XG19917,Washington,4306.05,No,Extended,Bachelor,2024-05-02,Unemployed,F,$0.00,Suburban,Single,$117.00,8,4,0,1,Personal Auto,Personal L2,2,Branch,"$1,026.58",Four-Door Car,Medsize
ST52914,Arizona,8157.93,No,Extended,College,2024-05-02,Employed,M,"$34,964.00",Suburban,Divorced,$107.00,14,15,0,8,Personal Auto,Personal L3,4,Branch,$767.88,Two-Door Car,Medsize
RK59543,California,7553.78,Yes,Basic,High School or Below,2024-05-02,Employed,F,"$1,00,513.00",Suburban,Single,$96.00,34,39,0,3,Personal Auto,Personal L3,2,Call Center,$460.08,Four-Door Car,Medsize
BY54111,Oregon,26161.53,No,Basic,High School or Below,2024-05-02,Disabled,M,"$28,565.00",Suburban,Married,$99.00,47,19,0,2,Personal Auto,Personal L2,2,Branch,$473.04,Four-Door Car,Medsize
KD21661,California,6992.4,No,Premium,College,2024-05-02,Unemployed,M,$0.00,Suburban,Single,$223.00,39,8,2,1,Personal Auto,Personal L2,1,Agent,"$1,603.80",SUV,Large
ZL18631,Arizona,3428.99,No,Basic,College,2024-05-02,Employed,F,"$74,100.00",Suburban,Married,$85.00,43,127,0,1,Personal Auto,Personal L2,2,Call Center,$408.24,Four-Door Car,Medsize
YZ36062,Oregon,8814.73,No,Basic,Bachelor,2024-05-02,Medical Leave,M,"$18,193.00",Suburban,Single,$90.00,4,41,2,2,Corporate Auto,Corporate L3,3,Branch,$585.34,Four-Door Car,Medsize
NF90665,Oregon,6944.24,No,Basic,Bachelor,2024-05-02,Employed,M,"$53,012.00",Urban,Married,$89.00,41,130,1,9,Personal Auto,Personal L1,1,Agent,$254.98,Four-Door Car,Medsize
MN53151,Oregon,37715.96,No,Basic,College,2024-05-02,Retired,M,"$18,392.00",Suburban,Divorced,$158.00,5,15,0,2,Personal Auto,Personal L1,4,Agent,$758.16,Sports Car,Medsize
RD61361,Arizona,8238.99,No,Extended,Bachelor,2024-05-02,Unemployed,F,$0.00,Suburban,Single,$113.00,0,103,0,4,Personal Auto,Personal L3,1,Branch,"$1,156.07",Four-Door Car,Large
LI11560,California,7534.1,No,Basic,Bachelor,2024-05-02,Employed,F,"$78,142.00",Suburban,Married,$93.00,5,0,0,9,Personal Auto,Personal L3,3,Agent,$582.99,Four-Door Car,Small
YZ79232,Oregon,6447.85,No,Basic,Master,2024-05-02,Unemployed,M,$0.00,Urban,Single,$90.00,14,51,0,9,Personal Auto,Personal L3,2,Web,$425.54,Four-Door Car,Medsize
DP33625,Arizona,10925.38,Yes,Basic,College,2024-05-02,Employed,M,"$68,614.00",Urban,Married,$138.00,4,62,0,3,Personal Auto,Personal L1,1,Agent,$498.98,SUV,Medsize
XK84089,California,3536.11,Yes,Basic,Bachelor,2024-05-02,Employed,M,"$1,06,134.00",Urban,Divorced,$89.00,9,76,0,1,Personal Auto,Personal L3,1,Agent,$304.53,Two-Door Car,Medsize
WQ85760,California,5751.45,No,Basic,College,2024-05-02,Medical Leave,M,"$36,438.00",Suburban,Divorced,$161.00,46,88,0,1,Corporate Auto,Corporate L3,3,Branch,"$1,156.68",SUV,Medsize
DL55489,Oregon,7782.28,No,Basic,High School or Below,2024-05-02,Employed,M,"$28,613.00",Suburban,Married,$97.00,31,14,0,9,Corporate Auto,Corporate L2,3,Web,$466.56,Four-Door Car,Medsize
GA79817,Arizona,3198.3,No,Basic,Bachelor,2024-05-02,Unemployed,M,$0.00,Suburban,Single,$88.00,11,123,0,1,Corporate Auto,Corporate L2,3,Call Center,$631.80,Four-Door Car,Medsize
UM14883,California,22104.53,No,Basic,High School or Below,2024-05-02,Employed,M,"$86,935.00",Urban,Married,$139.00,3,62,0,2,Special Auto,Special L1,4,Agent,$479.80,SUV,Medsize
UO40192,Nevada,7485.63,No,Basic,High School or Below,2024-05-02,Employed,M,"$1,07,486.00",Urban,Married,$96.00,4,46,3,6,Personal Auto,Personal L3,2,Web,$379.21,Four-Door Car,Large
KV17007,California,7668.37,No,Basic,College,2024-05-02,Employed,M,"$1,11,044.00",Rural,Married,$96.00,39,80,0,5,Personal Auto,Personal L2,1,Branch,$195.76,Four-Door Car,Medsize
VM21699,Oregon,5989.69,No,Basic,Bachelor,2024-05-02,Employed,F,"$1,04,772.00",Rural,Married,$150.00,35,101,0,1,Corporate Auto,Corporate L3,2,Branch,$84.96,Sports Car,Medsize
SW74846,Washington,10009.49,No,Basic,Bachelor,2024-05-02,Employed,F,"$84,339.00",Suburban,Married,$250.00,34,39,0,1,Personal Auto,Personal L2,4,Web,"$1,753.45",Luxury SUV,Medsize
DW62043,Oregon,3310.28,No,Basic,College,2024-05-02,Employed,F,"$40,792.00",Suburban,Divorced,$85.00,24,100,0,1,Corporate Auto,Corporate L3,2,Call Center,$408.24,Four-Door Car,Medsize
ZS94723,Arizona,3996.04,No,Extended,High School or Below,2024-05-02,Unemployed,F,$0.00,Suburban,Single,$111.00,0,38,0,1,Personal Auto,Personal L2,1,Agent,$797.04,Four-Door Car,Medsize
WO89464,Oregon,3536.11,Yes,Basic,Bachelor,2024-05-02,Employed,M,"$1,06,134.00",Urban,Divorced,$89.00,9,76,0,1,Personal Auto,Personal L3,1,Agent,$304.53,Two-Door Car,Medsize
WJ55369,Arizona,9944.23,No,Extended,High School or Below,2024-05-02,Employed,M,"$40,838.00",Urban,Married,$126.00,1,132,0,6,Personal Auto,Personal L3,1,Call Center,$537.44,Four-Door Car,Medsize
VP55618,California,8170.2,No,Extended,College,2024-05-02,Employed,M,"$43,646.00",Suburban,Divorced,$107.00,22,36,1,9,Corporate Auto,Corporate L3,1,Branch,$511.92,Four-Door Car,Medsize
XQ80738,Oregon,3908.54,No,Basic,High School or Below,2024-05-02,Employed,F,"$97,219.00",Urban,Married,$97.00,32,78,0,1,Personal Auto,Personal L1,2,Agent,$254.08,Four-Door Car,Medsize
BC47264,California,10374.6,No,Extended,College,2024-05-02,Employed,F,"$83,959.00",Rural,Single,$132.00,41,38,0,5,Special Auto,Special L3,3,Agent,$328.45,Two-Door Car,Medsize
BA92673,Oregon,9398.63,No,Basic,High School or Below,2024-05-02,Unemployed,F,$0.00,Rural,Married,$85.00,23,32,0,2,Personal Auto,Personal L2,2,Web,$54.84,Four-Door Car,Large
ZJ65064,California,6644.37,No,Basic,College,2024-05-02,Unemployed,F,$0.00,Suburban,Single,$95.00,38,39,0,8,Personal Auto,Personal L1,3,Call Center,$453.60,Four-Door Car,Medsize
UB18338,Oregon,16427.81,Yes,Basic,Bachelor,2024-05-02,Retired,M,"$20,214.00",Suburban,Divorced,$155.00,3,101,0,2,Personal Auto,Personal L1,1,Branch,"$1,117.80",SUV,Medsize
DM16101,Washington,6418.78,No,Basic,College,2024-05-02,Employed,F,"$41,696.00",Rural,Divorced,$82.00,11,49,0,6,Special Auto,Special L2,2,Agent,$11.23,Four-Door Car,Medsize
IN57582,California,8060.6,No,Extended,College,2024-05-02,Medical Leave,F,"$33,919.00",Suburban,Single,$109.00,16,123,1,3,Corporate Auto,Corporate L3,1,Agent,$787.32,Four-Door Car,Medsize
AZ31562,Arizona,7423.57,Yes,Basic,College,2024-05-02,Medical Leave,M,"$30,402.00",Suburban,Married,$99.00,23,86,0,3,Personal Auto,Personal L3,1,Branch,$473.04,Four-Door Car,Medsize
ZB23962,Oregon,10736.33,No,Basic,High School or Below,2024-05-02,Unemployed,M,$0.00,Suburban,Single,$159.00,0,90,0,8,Personal Auto,Personal L3,1,Call Center,"$1,146.96",SUV,Medsize
SL70555,California,11049.19,No,Basic,Bachelor,2024-05-02,Employed,M,"$93,304.00",Rural,Divorced,$139.00,12,92,0,4,Personal Auto,Personal L3,2,Agent,$218.97,SUV,Medsize
DQ35195,Arizona,12522.17,No,Premium,Bachelor,2024-05-02,Employed,F,"$70,867.00",Suburban,Single,$161.00,7,93,0,7,Corporate Auto,Corporate L3,2,Agent,$771.12,Two-Door Car,Small
SS69401,Oregon,6535.43,No,Basic,College,2024-05-02,Employed,F,"$31,656.00",Suburban,Married,$82.00,45,3,0,8,Corporate Auto,Corporate L3,2,Web,$395.28,Four-Door Car,Medsize
VF32335,Arizona,26951.94,No,Basic,College,2024-05-02,Unemployed,M,$0.00,Suburban,Single,$259.00,47,46,0,2,Personal Auto,Personal L2,1,Web,"$1,244.16",Luxury SUV,Small
NQ51389,Oregon,18296.25,No,Basic,High School or Below,2024-05-02,Unemployed,M,$0.00,Suburban,Single,$84.00,26,4,2,2,Corporate Auto,Corporate L1,4,Agent,$602.64,Two-Door Car,Medsize
XL58577,California,16427.81,Yes,Basic,Bachelor,2024-05-02,Retired,M,"$20,214.00",Suburban,Divorced,$155.00,3,101,0,2,Personal Auto,Personal L2,1,Branch,"$1,117.80",SUV,Medsize
WN13366,Arizona,7553.78,Yes,Basic,High School or Below,2024-05-02,Employed,F,"$1,00,513.00",Suburban,Single,$96.00,34,39,0,3,Personal Auto,Personal L3,2,Call Center,$460.08,Four-Door Car,Medsize
VK69632,California,3932.43,No,Basic,Bachelor,2024-05-02,Employed,F,"$93,014.00",Rural,Single,$100.00,8,81,0,1,Personal Auto,Personal L3,2,Branch,$89.24,Two-Door Car,Medsize
DK41858,Arizona,7818.67,No,Basic,College,2024-05-02,Employed,F,"$1,08,648.00",Urban,Married,$97.00,8,74,0,7,Personal Auto,Personal L3,3,Agent,$327.84,Four-Door Car,Medsize
VS86041,Arizona,3637.71,No,Basic,Bachelor,2024-05-02,Employed,F,"$36,104.00",Suburban,Married,$92.00,22,82,0,1,Corporate Auto,Corporate L3,2,Agent,$440.64,Two-Door Car,Large
TZ60132,Oregon,8197.07,No,Extended,High School or Below,2024-05-02,Retired,F,"$16,471.00",Suburban,Divorced,$113.00,19,85,0,4,Corporate Auto,Corporate L3,1,Branch,$816.48,Four-Door Car,Medsize
WL67313,California,13518.98,No,Extended,College,2024-05-02,Unemployed,F,$0.00,Suburban,Single,$132.00,26,23,1,2,Personal Auto,Personal L3,1,Branch,$952.56,Two-Door Car,Small
MD15300,California,13649.54,No,Extended,College,2024-05-02,Employed,M,"$1,02,973.00",Rural,Single,$116.00,32,26,0,2,Corporate Auto,Corporate L3,4,Web,$125.97,Two-Door Car,Large
AM99192,Arizona,12233.63,No,Basic,College,2024-05-02,Employed,M,"$57,703.00",Rural,Married,$158.00,7,116,1,6,Personal Auto,Personal L3,1,Call Center,$136.74,SUV,Medsize
LE30774,California,30017.26,No,Basic,College,2024-05-02,Employed,M,"$1,08,479.00",Suburban,Married,$252.00,32,124,1,2,Corporate Auto,Corporate L2,1,Web,"$1,211.76",Luxury Car,Medsize
ZU30804,California,7423.57,Yes,Basic,College,2024-05-02,Medical Leave,M,"$30,402.00",Suburban,Married,$99.00,23,86,0,3,Personal Auto,Personal L3,1,Branch,$473.04,Four-Door Car,Medsize
YL81070,Oregon,19434.93,No,Extended,High School or Below,2024-05-02,Unemployed,M,$0.00,Suburban,Single,$277.00,19,85,0,4,Personal Auto,Personal L1,1,Call Center,"$1,992.60",Luxury Car,Medsize
BS96517,Washington,3206.25,No,Basic,College,2024-05-02,Employed,F,"$64,064.00",Urban,Single,$82.00,1,82,0,1,Personal Auto,Personal L1,1,Agent,$376.39,Four-Door Car,Medsize
YP37291,Nevada,10603.94,No,Basic,High School or Below,2024-05-02,Employed,M,"$49,152.00",Suburban,Married,$89.00,35,45,0,2,Personal Auto,Personal L3,1,Branch,$427.68,Four-Door Car,Small
SK93727,Washington,12784.87,No,Premium,High School or Below,2024-05-02,Employed,F,"$48,763.00",Suburban,Married,$159.00,9,123,0,4,Personal Auto,Personal L3,3,Call Center,"$1,494.65",Four-Door Car,Small
FI93397,Oregon,3748.03,No,Extended,Bachelor,2024-05-02,Unemployed,F,$0.00,Suburban,Single,$107.00,38,127,0,1,Personal Auto,Personal L2,1,Branch,$687.19,Four-Door Car,Medsize
WC52068,Oregon,10925.38,Yes,Basic,College,2024-05-02,Employed,M,"$68,614.00",Urban,Married,$138.00,4,62,0,3,Corporate Auto,Corporate L3,1,Agent,$498.98,SUV,Medsize
MD70013,Nevada,5236.34,No,Extended,Bachelor,2024-05-02,Employed,F,"$1,14,724.00",Rural,Married,$130.00,8,130,0,1,Personal Auto,Personal L3,1,Agent,$6.37,Four-Door Car,Small
LZ12396,Arizona,6473.77,No,Basic,Bachelor,2024-05-02,Employed,F,"$44,642.00",Urban,Married,$82.00,8,104,1,6,Personal Auto,Personal L1,1,Branch,$287.60,Four-Door Car,Medsize
PA95799,Arizona,3133.01,No,Basic,College,2024-05-02,Medical Leave,M,"$26,434.00",Suburban,Married,$82.00,43,36,0,1,Personal Auto,Personal L1,2,Call Center,$509.28,Four-Door Car,Medsize
TV20901,California,12606.16,No,Premium,College,2024-05-02,Employed,F,"$1,03,114.00",Suburban,Married,$157.00,31,45,0,4,Special Auto,Special L2,3,Branch,$751.68,Two-Door Car,Small
TF68928,Arizona,8876.98,No,Extended,Bachelor,2024-05-02,Disabled,M,"$14,198.00",Urban,Single,$124.00,19,88,0,3,Personal Auto,Personal L1,1,Agent,$596.08,Four-Door Car,Medsize
TS34391,Oregon,10925.38,Yes,Basic,College,2024-05-02,Employed,M,"$68,614.00",Urban,Married,$138.00,4,62,0,3,Personal Auto,Personal L2,1,Agent,$498.98,SUV,Medsize
AQ25590,Washington,7351.25,No,Extended,High School or Below,2024-05-02,Medical Leave,F,"$27,381.00",Suburban,Divorced,$107.00,26,11,3,6,Personal Auto,Personal L2,1,Agent,$685.19,Two-Door Car,Medsize
CK36026,Arizona,4644.49,No,Extended,Bachelor,2024-05-02,Medical Leave,F,"$32,225.00",Suburban,Married,$123.00,5,124,0,1,Personal Auto,Personal L3,2,Web,$675.78,Two-Door Car,Medsize
CR85257,Oregon,6745.34,No,Basic,High School or Below,2024-05-02,Employed,M,"$1,34,677.00",Suburban,Single,$85.00,0,99,0,3,Corporate Auto,Corporate L3,2,Branch,$610.53,Two-Door Car,Medsize
OZ62735,Arizona,20908.04,No,Extended,Bachelor,2024-05-02,Employed,M,"$93,367.00",Urban,Married,$174.00,32,68,0,2,Personal Auto,Personal L3,1,Agent,$595.54,Sports Car,Medsize
SF25048,California,10925.38,Yes,Basic,College,2024-05-02,Employed,M,"$68,614.00",Urban,Married,$138.00,4,62,0,3,Personal Auto,Personal L3,1,Agent,$498.98,SUV,Medsize
NU93648,Arizona,28044.93,No,Basic,Bachelor,2024-05-02,Unemployed,M,$0.00,Urban,Married,$85.00,28,54,0,2,Corporate Auto,Corporate L1,1,Call Center,$328.33,Two-Door Car,Medsize
BV57364,Arizona,10925.38,Yes,Basic,College,2024-05-02,Employed,M,"$68,614.00",Urban,Married,$138.00,4,62,0,3,Personal Auto,Personal L2,1,Agent,$498.98,SUV,Medsize
IM15816,Oregon,12695.35,No,Basic,High School or Below,2024-05-02,Employed,F,"$1,07,244.00",Urban,Divorced,$158.00,15,26,0,8,Personal Auto,Personal L3,4,Web,$675.86,SUV,Medsize
EO87464,Oregon,10686.57,No,Extended,High School or Below,2024-05-02,Employed,M,"$42,367.00",Suburban,Married,$134.00,32,97,0,6,Corporate Auto,Corporate L2,2,Agent,$641.52,Four-Door Car,Medsize
VE47660,Oregon,12194.88,No,Basic,High School or Below,2024-05-02,Employed,F,"$40,505.00",Suburban,Married,$151.00,16,57,0,5,Personal Auto,Personal L3,3,Web,"$1,088.64",SUV,Medsize
CW98743,California,3447.95,No,Basic,College,2024-05-02,Employed,F,"$30,426.00",Suburban,Married,$86.00,8,90,0,1,Personal Auto,Personal L3,4,Agent,$572.11,Four-Door Car,Medsize
WM14507,Nevada,10356.99,No,Extended,High School or Below,2024-05-02,Employed,F,"$84,486.00",Suburban,Married,$128.00,15,62,0,3,Personal Auto,Personal L3,2,Branch,$615.60,Four-Door Car,Small
HX53470,California,6360.99,No,Extended,College,2024-05-02,Unemployed,F,$0.00,Suburban,Single,$174.00,20,99,0,1,Corporate Auto,Corporate L2,1,Branch,"$1,591.58",SUV,Medsize
AS48176,Oregon,16427.81,Yes,Basic,Bachelor,2024-05-02,Retired,M,"$20,214.00",Suburban,Divorced,$155.00,3,101,0,2,Personal Auto,Personal L3,1,Branch,"$1,117.80",SUV,Medsize
YH94097,Washington,12926.73,No,Extended,College,2024-05-02,Unemployed,M,$0.00,Suburban,Married,$181.00,18,15,0,6,Personal Auto,Personal L2,3,Agent,$868.32,SUV,Medsize
EU95973,California,20171.57,No,Basic,Bachelor,2024-05-02,Disabled,F,"$31,020.00",Suburban,Married,$257.00,11,72,0,4,Personal Auto,Personal L3,1,Branch,"$1,231.20",Luxury Car,Medsize
NA82031,Washington,4000.03,No,Basic,College,2024-05-02,Employed,F,"$96,942.00",Rural,Divorced,$100.00,19,4,0,1,Corporate Auto,Corporate L3,3,Agent,$105.64,Four-Door Car,Medsize
JZ61928,California,7423.57,Yes,Basic,College,2024-05-02,Medical Leave,M,"$30,402.00",Suburban,Married,$99.00,23,86,0,3,Corporate Auto,Corporate L3,1,Branch,$473.04,Four-Door Car,Medsize
OG69038,Washington,8398.03,No,Basic,High School or Below,2024-05-02,Unemployed,F,$0.00,Suburban,Single,$88.00,7,85,2,2,Corporate Auto,Corporate L2,1,Agent,$631.80,Four-Door Car,Large
TO12347,California,7471.67,No,Basic,Bachelor,2024-05-02,Disabled,M,"$21,736.00",Suburban,Divorced,$100.00,22,14,0,3,Personal Auto,Personal L2,3,Call Center,$590.77,Four-Door Car,Small
DP50922,California,17096.39,No,Basic,High School or Below,2024-05-02,Employed,M,"$97,347.00",Suburban,Married,$142.00,42,46,0,2,Personal Auto,Personal L3,2,Web,$680.40,Sports Car,Medsize
SR47878,California,7553.78,Yes,Basic,High School or Below,2024-05-02,Employed,F,"$1,00,513.00",Suburban,Single,$96.00,34,39,0,3,Personal Auto,Personal L3,2,Call Center,$460.08,Four-Door Car,Medsize
LO28839,California,6376.66,No,Basic,Bachelor,2024-05-02,Employed,F,"$39,411.00",Suburban,Married,$82.00,0,63,3,9,Corporate Auto,Corporate L3,3,Branch,$395.28,Four-Door Car,Medsize
DA73502,Oregon,3536.11,Yes,Basic,Bachelor,2024-05-02,Employed,M,"$1,06,134.00",Urban,Divorced,$89.00,9,76,0,1,Personal Auto,Personal L3,1,Agent,$304.53,Two-Door Car,Medsize
IW87075,Arizona,9828.41,No,Basic,Bachelor,2024-05-02,Employed,M,"$44,046.00",Rural,Single,$90.00,19,72,4,2,Personal Auto,Personal L3,1,Call Center,$73.75,Four-Door Car,Medsize
PZ67684,Arizona,19593.91,No,Basic,College,2024-05-02,Employed,F,"$1,19,817.00",Suburban,Single,$244.00,8,28,0,3,Personal Auto,Personal L2,1,Agent,"$1,172.88",Luxury SUV,Small
VW58299,California,16427.81,Yes,Basic,Bachelor,2024-05-02,Retired,M,"$20,214.00",Suburban,Divorced,$155.00,3,101,0,2,Personal Auto,Personal L3,1,Branch,"$1,117.80",SUV,Medsize
TN71469,Oregon,5871.29,No,Basic,College,2024-05-02,Employed,F,"$1,22,706.00",Suburban,Single,$149.00,45,0,0,1,Personal Auto,Personal L3,2,Web,$945.01,SUV,Medsize
MZ79386,California,9349,No,Extended,Bachelor,2024-05-02,Employed,F,"$1,20,006.00",Rural,Married,$116.00,7,85,0,9,Personal Auto,Personal L3,2,Call Center,$98.37,Four-Door Car,Small
AA56476,Arizona,7553.78,Yes,Basic,High School or Below,2024-05-02,Employed,F,"$1,00,513.00",Suburban,Single,$96.00,34,39,0,3,Corporate Auto,Corporate L2,2,Call Center,$460.08,Four-Door Car,Medsize
LD69905,Arizona,8682.84,No,Extended,High School or Below,2024-05-02,Medical Leave,M,"$28,671.00",Suburban,Married,$128.00,15,51,4,4,Personal Auto,Personal L2,1,Call Center,$615.60,Four-Door Car,Medsize
YN46118,Arizona,6698.13,No,Basic,High School or Below,2024-05-02,Employed,F,"$28,284.00",Suburban,Single,$88.00,3,68,0,5,Personal Auto,Personal L1,2,Branch,$421.20,Four-Door Car,Small
CB61335,California,9382.64,No,Extended,High School or Below,2024-05-02,Employed,F,"$29,277.00",Suburban,Married,$119.00,14,92,0,8,Personal Auto,Personal L3,2,Agent,$814.19,Four-Door Car,Medsize
GT18396,Arizona,28554.16,No,Extended,College,2024-05-02,Employed,M,"$65,667.00",Rural,Married,$104.00,31,93,0,2,Personal Auto,Personal L2,2,Branch,$124.62,Four-Door Car,Medsize
HJ64867,Arizona,7958.39,No,Basic,College,2024-05-02,Employed,F,"$1,05,775.00",Rural,Divorced,$100.00,45,4,0,7,Personal Auto,Personal L2,4,Web,$205.69,Two-Door Car,Medsize
KH55886,Oregon,91674.82,No,Premium,Bachelor,2024-05-02,Employed,M,"$1,05,719.00",Rural,Married,$259.00,46,24,1,2,Personal Auto,Personal L1,1,Agent,$204.81,Sports Car,Medsize
XQ50187,Oregon,4536.6,No,Extended,Master,2024-05-02,Employed,M,"$1,01,139.00",Urban,Single,$115.00,18,100,0,1,Special Auto,Special L1,4,Branch,$424.23,Two-Door Car,Medsize
WW74234,Arizona,5358.73,No,Basic,College,2024-05-02,Employed,F,"$66,884.00",Rural,Single,$136.00,4,39,0,1,Personal Auto,Personal L3,1,Agent,$1.04,SUV,Medsize
KT54608,Arizona,3536.11,Yes,Basic,Bachelor,2024-05-02,Employed,M,"$1,06,134.00",Urban,Divorced,$89.00,9,76,0,1,Corporate Auto,Corporate L3,1,Agent,$304.53,Two-Door Car,Medsize
FA15811,Nevada,12725.62,No,Extended,College,2024-05-02,Employed,F,"$52,529.00",Rural,Married,$105.00,4,105,0,2,Personal Auto,Personal L2,2,Branch,$27.28,Two-Door Car,Medsize
QC27179,Oregon,7102.92,No,Basic,Bachelor,2024-05-02,Employed,M,"$51,929.00",Urban,Single,$92.00,24,7,0,8,Personal Auto,Personal L2,1,Agent,$276.33,Two-Door Car,Medsize
VC47959,Arizona,6609.35,No,Basic,College,2024-05-02,Employed,F,"$73,568.00",Urban,Married,$82.00,9,4,0,8,Personal Auto,Personal L3,1,Branch,$246.17,Four-Door Car,Medsize
HP40365,Oregon,7611.36,No,Basic,College,2024-05-02,Employed,F,"$95,164.00",Urban,Divorced,$95.00,39,111,0,7,Personal Auto,Personal L2,3,Web,$443.29,Two-Door Car,Medsize
QC30094,Oregon,9320.33,No,Extended,High School or Below,2024-05-02,Medical Leave,F,"$21,493.00",Suburban,Married,$124.00,12,16,1,4,Corporate Auto,Corporate L2,1,Call Center,$771.59,Four-Door Car,Small
TP33286,Washington,16214.77,No,Premium,High School or Below,2024-05-02,Unemployed,M,$0.00,Suburban,Single,$161.00,4,32,0,2,Corporate Auto,Corporate L2,2,Agent,"$1,156.68",Four-Door Car,Medsize
FP31685,Oregon,10621.93,No,Basic,Bachelor,2024-05-02,Employed,F,"$33,597.00",Suburban,Single,$92.00,45,8,0,2,Personal Auto,Personal L3,2,Agent,$440.64,Four-Door Car,Medsize
LE28486,Oregon,5395.64,No,Basic,College,2024-05-02,Employed,F,"$62,384.00",Rural,Married,$135.00,3,59,0,1,Personal Auto,Personal L3,1,Agent,$62.53,SUV,Medsize
EI17022,Washington,16427.81,Yes,Basic,Bachelor,2024-05-02,Retired,M,"$20,214.00",Suburban,Divorced,$155.00,3,101,0,2,Corporate Auto,Corporate L3,1,Branch,"$1,117.80",SUV,Medsize
IE97795,California,9285.31,No,Extended,High School or Below,2024-05-02,Employed,M,"$52,677.00",Suburban,Married,$117.00,0,5,0,5,Corporate Auto,Corporate L1,3,Agent,$654.77,Four-Door Car,Small
JT64945,California,18119.79,No,Basic,College,2024-05-02,Employed,F,"$87,782.00",Urban,Married,$90.00,23,20,0,2,Personal Auto,Personal L2,2,Call Center,$256.32,Four-Door Car,Medsize
RV92809,California,7423.57,Yes,Basic,College,2024-05-02,Medical Leave,M,"$30,402.00",Suburban,Married,$99.00,23,86,0,3,Personal Auto,Personal L2,1,Branch,$473.04,Four-Door Car,Medsize
UE96503,California,7559.55,No,Basic,Doctor,2024-05-02,Unemployed,M,$0.00,Suburban,Married,$99.00,1,81,0,5,Corporate Auto,Corporate L2,4,Web,$473.04,Four-Door Car,Medsize
NY89701,California,8069.5,No,Extended,Bachelor,2024-05-02,Employed,F,"$34,182.00",Urban,Married,$103.00,14,95,1,8,Personal Auto,Personal L3,1,Agent,$363.24,Four-Door Car,Large
CR83581,California,10411.28,No,Basic,College,2024-05-02,Disabled,M,"$37,552.00",Suburban,Married,$159.00,5,122,5,3,Personal Auto,Personal L2,1,Agent,$764.64,SUV,Small
OY95386,California,11365.07,No,Basic,Bachelor,2024-05-02,Unemployed,F,$0.00,Suburban,Married,$155.00,28,84,0,9,Personal Auto,Personal L2,3,Branch,$745.20,SUV,Medsize
CT53265,California,3586.74,No,Basic,College,2024-05-02,Medical Leave,F,"$25,426.00",Suburban,Married,$93.00,27,120,0,1,Personal Auto,Personal L3,2,Agent,$612.76,Two-Door Car,Medsize
UY32623,California,4850.72,No,Extended,College,2024-05-02,Disabled,F,"$24,588.00",Suburban,Divorced,$130.00,16,58,1,1,Corporate Auto,Corporate L2,1,Branch,$622.08,Four-Door Car,Large
TL44525,California,3536.11,Yes,Basic,Bachelor,2024-05-02,Employed,M,"$1,06,134.00",Urban,Divorced,$89.00,9,76,0,1,Corporate Auto,Corporate L1,1,Agent,$304.53,Two-Door Car,Medsize
VQ65197,California,11066.22,No,Basic,College,2024-06-01,Unemployed,F,$0.00,Suburban,Married,$149.00,36,117,0,3,Personal Auto,Personal L3,2,Agent,$712.80,SUV,Medsize
OS94884,Arizona,10326.53,No,Basic,Bachelor,2024-06-01,Employed,F,"$71,152.00",Rural,Married,$86.00,19,11,1,2,Personal Auto,Personal L2,1,Web,$173.75,Two-Door Car,Large
TH95618,California,28813.68,No,Basic,High School or Below,2024-06-01,Unemployed,F,$0.00,Suburban,Married,$100.00,15,115,1,2,Personal Auto,Personal L2,1,Agent,$479.52,Four-Door Car,Medsize
TE34064,California,2927.51,No,Basic,High School or Below,2024-06-01,Unemployed,M,$0.00,Suburban,Single,$85.00,1,76,0,1,Personal Auto,Personal L3,2,Agent,$612.36,Four-Door Car,Medsize
OM24164,Nevada,2969.48,No,Basic,Bachelor,2024-06-01,Unemployed,M,$0.00,Suburban,Single,$88.00,7,26,1,1,Personal Auto,Personal L2,1,Agent,$631.80,Two-Door Car,Medsize
KB72438,California,26776.17,No,Extended,High School or Below,2024-06-01,Employed,F,"$89,085.00",Rural,Married,$166.00,5,58,1,2,Personal Auto,Personal L3,3,Call Center,$155.99,SUV,Medsize
EK87864,Arizona,3809.63,No,Basic,College,2024-06-01,Employed,F,"$52,619.00",Rural,Married,$95.00,36,30,0,1,Special Auto,Special L2,1,Agent,$188.31,Four-Door Car,Medsize
AI85843,Arizona,9121.48,No,Extended,Master,2024-06-01,Employed,F,"$44,939.00",Urban,Married,$116.00,1,36,2,9,Personal Auto,Personal L3,1,Branch,$299.51,Four-Door Car,Medsize
AW77988,Oregon,48398.31,No,Basic,High School or Below,2024-06-01,Disabled,M,"$23,744.00",Suburban,Single,$259.00,32,124,0,2,Personal Auto,Personal L1,1,Web,"$1,866.24",Luxury Car,Medsize
XS12556,California,4972.18,No,Basic,College,2024-06-01,Unemployed,F,$0.00,Suburban,Married,$136.00,26,22,0,1,Corporate Auto,Corporate L2,4,Call Center,$762.03,Sports Car,Medsize
WK23685,Oregon,8959.76,No,Extended,Bachelor,2024-06-01,Employed,F,"$63,820.00",Rural,Married,$112.00,43,35,1,5,Corporate Auto,Corporate L2,1,Agent,$246.28,Four-Door Car,Medsize
NG66579,Oregon,6830.48,No,Basic,Bachelor,2024-06-01,Employed,M,"$56,523.00",Urban,Married,$86.00,7,70,0,6,Personal Auto,Personal L3,2,Web,$353.86,Two-Door Car,Medsize
PN18507,Arizona,18956.84,No,Premium,Bachelor,2024-06-01,Employed,M,"$1,19,953.00",Suburban,Single,$159.00,8,68,0,2,Personal Auto,Personal L2,1,Branch,$965.59,Two-Door Car,Medsize
TA34903,Oregon,7882.51,Yes,Basic,High School or Below,2024-06-01,Employed,M,"$1,09,461.00",Urban,Married,$99.00,7,115,0,4,Personal Auto,Personal L1,2,Agent,$379.75,Four-Door Car,Large
MH40017,Arizona,6483.34,No,Basic,High School or Below,2024-06-01,Employed,M,"$40,242.00",Suburban,Married,$82.00,18,23,0,9,Personal Auto,Personal L3,2,Call Center,$493.17,Four-Door Car,Medsize
PN22481,Oregon,2991.48,No,Basic,College,2024-06-01,Unemployed,M,$0.00,Suburban,Single,$89.00,28,90,0,1,Corporate Auto,Corporate L3,1,Agent,$427.68,Two-Door Car,Medsize
QA41558,Oregon,7316.27,No,Basic,Master,2024-06-01,Employed,F,"$99,274.00",Urban,Married,$90.00,39,36,0,6,Personal Auto,Personal L1,2,Branch,$232.90,Two-Door Car,Medsize
FS29897,Oregon,2895.64,No,Basic,High School or Below,2024-06-01,Unemployed,F,$0.00,Suburban,Single,$82.00,46,47,1,1,Personal Auto,Personal L1,2,Agent,$395.28,Four-Door Car,Medsize
UQ85283,California,41530.4,No,Basic,Bachelor,2024-06-01,Employed,M,"$55,727.00",Rural,Single,$155.00,1,41,0,2,Personal Auto,Personal L3,3,Agent,$339.43,Sports Car,Medsize
AB21519,California,5213.01,Yes,Extended,College,2024-06-01,Employed,F,"$1,25,917.00",Urban,Married,$128.00,4,73,0,1,Personal Auto,Personal L3,2,Branch,$379.50,Four-Door Car,Medsize
NY97446,Oregon,3707.26,No,Basic,High School or Below,2024-06-01,Employed,F,"$1,30,058.00",Urban,Married,$92.00,1,59,0,1,Corporate Auto,Corporate L1,2,Branch,$395.83,Four-Door Car,Medsize
OK50159,Arizona,5812.82,No,Basic,Bachelor,2024-06-01,Employed,F,"$41,946.00",Rural,Single,$150.00,0,77,2,1,Personal Auto,Personal L2,2,Call Center,$290.56,Sports Car,Small
UP97629,California,4667.16,No,Extended,College,2024-06-01,Unemployed,F,$0.00,Urban,Married,$123.00,18,120,0,1,Personal Auto,Personal L3,3,Web,$331.66,Four-Door Car,Medsize
ZG84862,Nevada,5694.11,No,Basic,High School or Below,2024-06-01,Unemployed,M,$0.00,Suburban,Single,$84.00,26,101,0,3,Personal Auto,Personal L3,1,Branch,$602.64,Two-Door Car,Small
TW91179,Oregon,5213.01,Yes,Extended,College,2024-06-01,Employed,F,"$1,25,917.00",Urban,Married,$128.00,4,73,0,1,Corporate Auto,Corporate L3,2,Branch,$379.50,Four-Door Car,Medsize
IY59173,Oregon,7047.93,No,Extended,Master,2024-06-01,Employed,F,"$92,970.00",Suburban,Married,$174.00,26,123,0,1,Personal Auto,Personal L3,1,Call Center,$835.92,SUV,Medsize
JX76668,Washington,15274.23,No,Premium,High School or Below,2024-06-01,Employed,F,"$84,962.00",Rural,Married,$190.00,39,36,0,7,Personal Auto,Personal L1,2,Agent,$313.53,Sports Car,Small
FG99706,Oregon,7454.08,No,Extended,College,2024-06-01,Unemployed,F,$0.00,Suburban,Single,$104.00,27,120,0,9,Personal Auto,Personal L3,1,Agent,$498.96,Four-Door Car,Medsize
GI89160,California,43111.74,No,Basic,Bachelor,2024-06-01,Employed,F,"$76,297.00",Suburban,Married,$269.00,35,62,0,2,Personal Auto,Personal L3,2,Call Center,"$1,289.52",Luxury SUV,Medsize
PR21713,Nevada,7882.51,Yes,Basic,High School or Below,2024-06-01,Employed,M,"$1,09,461.00",Urban,Married,$99.00,7,115,0,4,Personal Auto,Personal L3,2,Agent,$379.75,Four-Door Car,Large
KB15252,Arizona,11757.58,No,Extended,College,2024-06-01,Unemployed,F,$0.00,Suburban,Married,$104.00,39,28,0,2,Personal Auto,Personal L3,1,Agent,$687.29,Two-Door Car,Medsize
KV57104,Oregon,10413.66,No,Basic,High School or Below,2024-06-01,Unemployed,F,$0.00,Suburban,Married,$92.00,3,45,0,2,Personal Auto,Personal L2,2,Agent,$440.64,Four-Door Car,Medsize
UF73578,California,7882.51,Yes,Basic,High School or Below,2024-06-01,Employed,M,"$1,09,461.00",Urban,Married,$99.00,7,115,0,4,Personal Auto,Personal L2,2,Agent,$379.75,Four-Door Car,Large
UE52886,Arizona,38369.12,No,Extended,Bachelor,2024-06-01,Employed,M,"$57,784.00",Urban,Divorced,$331.00,28,76,0,2,Personal Auto,Personal L2,1,Call Center,"$1,200.54",Luxury Car,Small
GK48045,Washington,11089.71,No,Basic,College,2024-06-01,Employed,F,"$98,881.00",Urban,Married,$92.00,45,65,0,2,Personal Auto,Personal L3,3,Branch,$411.91,Four-Door Car,Medsize
CN31328,Arizona,7398.95,No,Basic,College,2024-06-01,Employed,F,"$63,377.00",Suburban,Divorced,$95.00,14,50,0,9,Personal Auto,Personal L3,2,Web,$453.60,Four-Door Car,Medsize
IA91291,Arizona,10780.39,No,Basic,College,2024-06-01,Employed,F,"$1,33,743.00",Rural,Married,$89.00,9,38,0,2,Corporate Auto,Corporate L2,4,Branch,$104.55,Four-Door Car,Medsize
TM79451,California,7245.57,No,Basic,College,2024-06-01,Employed,F,"$1,31,952.00",Rural,Single,$90.00,45,77,0,5,Personal Auto,Personal L1,1,Agent,$91.33,Four-Door Car,Small
JK90180,Arizona,5859.12,No,Basic,College,2024-06-01,Unemployed,M,$0.00,Suburban,Single,$84.00,30,53,0,6,Personal Auto,Personal L2,3,Branch,$602.64,Four-Door Car,Medsize
JC37277,Oregon,9296.54,No,Extended,College,2024-06-01,Employed,M,"$46,730.00",Suburban,Married,$117.00,8,99,0,7,Personal Auto,Personal L2,1,Agent,$563.76,Four-Door Car,Medsize
MB32944,Nevada,3557.93,No,Basic,Master,2024-06-01,Employed,M,"$1,04,423.00",Suburban,Divorced,$89.00,15,5,0,1,Personal Auto,Personal L1,4,Branch,$427.68,Four-Door Car,Medsize
FR15942,Washington,4348.05,No,Extended,Bachelor,2024-06-01,Medical Leave,M,"$25,782.00",Suburban,Married,$117.00,47,4,0,1,Personal Auto,Personal L2,2,Branch,$563.76,Two-Door Car,Medsize
EN65835,Arizona,79317.74,No,Premium,Bachelor,2024-06-01,Employed,F,"$33,701.00",Suburban,Married,$250.00,0,113,0,2,Personal Auto,Personal L2,2,Agent,"$1,198.80",SUV,Medsize
XA77673,Nevada,21919.24,No,Basic,College,2024-06-01,Unemployed,F,$0.00,Suburban,Single,$100.00,32,73,2,2,Personal Auto,Personal L2,2,Branch,$919.02,Four-Door Car,Medsize
JP44710,Nevada,5878.44,No,Extended,High School or Below,2024-06-01,Unemployed,M,$0.00,Suburban,Single,$163.00,41,115,0,1,Personal Auto,Personal L3,1,Call Center,"$1,176.12",SUV,Medsize
UM53032,California,8241.38,No,Extended,College,2024-06-01,Employed,M,"$1,14,510.00",Urban,Married,$103.00,7,18,0,5,Corporate Auto,Corporate L3,1,Agent,$296.84,Four-Door Car,Medsize
TM94572,Arizona,5606.08,No,Extended,Bachelor,2024-06-01,Unemployed,M,$0.00,Suburban,Single,$166.00,45,18,0,1,Personal Auto,Personal L2,1,Agent,"$1,195.56",SUV,Medsize
ZE71012,Nevada,35369.36,No,Basic,Bachelor,2024-06-01,Employed,M,"$27,467.00",Suburban,Married,$100.00,18,77,0,2,Corporate Auto,Corporate L2,3,Agent,$484.17,Two-Door Car,Medsize
PW69692,Oregon,5213.01,Yes,Extended,College,2024-06-01,Employed,F,"$1,25,917.00",Urban,Married,$128.00,4,73,0,1,Personal Auto,Personal L2,2,Branch,$379.50,Four-Door Car,Medsize
IP81759,Nevada,12645.2,No,Extended,High School or Below,2024-06-01,Employed,M,"$81,828.00",Suburban,Single,$324.00,4,70,0,1,Personal Auto,Personal L1,4,Call Center,"$1,555.20",Luxury Car,Small
HF44881,Arizona,6132.25,No,Basic,High School or Below,2024-06-01,Employed,M,"$40,331.00",Suburban,Single,$161.00,12,49,1,1,Corporate Auto,Corporate L2,1,Web,$771.12,Sports Car,Medsize
VJ83206,California,11292.15,No,Basic,College,2024-06-01,Employed,M,"$97,358.00",Rural,Married,$95.00,1,132,0,2,Personal Auto,Personal L2,4,Branch,$144.10,Four-Door Car,Medsize
EX13440,Oregon,39946.42,No,Basic,High School or Below,2024-06-01,Unemployed,M,$0.00,Suburban,Single,$146.00,39,100,0,2,Corporate Auto,Corporate L1,3,Branch,"$1,049.76",SUV,Medsize
HW40931,Oregon,14627.07,No,Extended,College,2024-06-01,Employed,F,"$46,726.00",Suburban,Married,$123.00,11,104,1,2,Special Auto,Special L1,4,Web,$884.52,Four-Door Car,Small
GA71186,Nevada,18177.21,No,Basic,High School or Below,2024-06-01,Employed,M,"$1,12,579.00",Urban,Married,$151.00,27,46,0,2,Personal Auto,Personal L2,1,Agent,$706.98,SUV,Medsize
PV39600,California,11362.96,No,Premium,Bachelor,2024-06-01,Employed,M,"$32,785.00",Suburban,Divorced,$150.00,8,14,0,7,Personal Auto,Personal L3,4,Agent,"$1,697.66",Two-Door Car,Small
PD32943,Oregon,6110.27,No,Basic,Bachelor,2024-06-01,Unemployed,M,$0.00,Suburban,Married,$86.00,43,120,1,3,Personal Auto,Personal L3,2,Branch,$414.72,Four-Door Car,Small
AM57175,Oregon,20251.14,No,Extended,High School or Below,2024-06-01,Employed,F,"$84,339.00",Suburban,Divorced,$103.00,8,95,1,2,Personal Auto,Personal L3,1,Branch,$685.21,Four-Door Car,Small
QF17381,Arizona,6390.23,No,Basic,Bachelor,2024-06-01,Unemployed,F,$0.00,Suburban,Married,$84.00,7,55,0,3,Corporate Auto,Corporate L3,1,Agent,"$1,000.13",Four-Door Car,Small
PA28328,California,5213.01,Yes,Extended,College,2024-06-01,Employed,F,"$1,25,917.00",Urban,Married,$128.00,4,73,0,1,Corporate Auto,Corporate L3,2,Branch,$379.50,Four-Door Car,Medsize
EZ85603,Arizona,15703.04,No,Premium,College,2024-06-01,Unemployed,F,$0.00,Suburban,Married,$205.00,11,127,0,7,Personal Auto,Personal L3,1,Branch,"$1,461.80",SUV,Medsize
GX27974,California,6270.62,No,Basic,College,2024-06-01,Unemployed,F,$0.00,Rural,Married,$85.00,0,57,0,3,Personal Auto,Personal L3,1,Agent,$128.19,Four-Door Car,Medsize
YO49328,Arizona,16600.27,No,Basic,High School or Below,2024-06-01,Employed,M,"$74,511.00",Suburban,Married,$142.00,11,30,1,2,Personal Auto,Personal L2,3,Branch,$680.40,SUV,Medsize
PL14941,Nevada,12303.49,No,Premium,High School or Below,2024-06-01,Employed,F,"$1,03,545.00",Urban,Married,$151.00,18,81,0,5,Personal Auto,Personal L2,2,Branch,$434.76,Four-Door Car,Small
ZE59592,Oregon,7384.75,No,Basic,College,2024-06-01,Employed,M,"$33,629.00",Suburban,Married,$93.00,16,107,0,3,Personal Auto,Personal L1,3,Agent,"$1,007.25",Two-Door Car,Medsize
OI68331,California,7029.72,No,Basic,Doctor,2024-06-01,Employed,F,"$29,128.00",Suburban,Married,$88.00,36,22,0,3,Personal Auto,Personal L3,4,Web,$421.20,Four-Door Car,Medsize
ZM31116,Arizona,10731.53,No,Extended,Doctor,2024-06-01,Employed,M,"$85,979.00",Suburban,Married,$134.00,38,126,0,6,Personal Auto,Personal L2,2,Branch,$641.52,Four-Door Car,Medsize
BX20846,Oregon,5213.01,Yes,Extended,College,2024-06-01,Employed,F,"$1,25,917.00",Urban,Married,$128.00,4,73,0,1,Personal Auto,Personal L3,2,Branch,$379.50,Four-Door Car,Medsize
CO71312,Arizona,15484,No,Premium,High School or Below,2024-06-01,Disabled,F,"$14,018.00",Suburban,Married,$204.00,7,97,0,5,Personal Auto,Personal L2,1,Agent,"$1,234.49",SUV,Medsize
IZ79227,Arizona,4016.6,No,Extended,Bachelor,2024-06-01,Employed,M,"$49,340.00",Suburban,Married,$103.00,14,128,0,1,Personal Auto,Personal L1,2,Agent,$738.72,Four-Door Car,Small
PP20957,Nevada,10529.24,No,Basic,Bachelor,2024-06-01,Unemployed,F,$0.00,Suburban,Married,$142.00,45,9,0,3,Personal Auto,Personal L3,1,Web,$680.40,SUV,Medsize
CH78309,Oregon,3923.5,No,Basic,College,2024-06-01,Employed,M,"$97,485.00",Rural,Married,$99.00,16,1,0,1,Personal Auto,Personal L3,2,Web,$60.63,Four-Door Car,Medsize
EM89554,Oregon,11633.69,No,Basic,Bachelor,2024-06-01,Employed,F,"$64,923.00",Rural,Married,$146.00,41,89,0,9,Personal Auto,Personal L1,1,Branch,$178.26,SUV,Medsize
GQ17441,Nevada,4929.78,No,Basic,High School or Below,2024-06-01,Unemployed,M,$0.00,Suburban,Single,$149.00,9,95,0,1,Personal Auto,Personal L2,2,Agent,"$1,708.27",SUV,Large
VS28690,Nevada,13054.74,No,Extended,Master,2024-06-01,Disabled,F,"$28,272.00",Suburban,Divorced,$113.00,16,80,0,2,Personal Auto,Personal L2,1,Agent,$544.32,Four-Door Car,Medsize
KX53892,Oregon,7100.25,No,Basic,College,2024-06-01,Employed,F,"$82,547.00",Urban,Married,$88.00,9,92,0,6,Personal Auto,Personal L3,2,Branch,$368.58,Four-Door Car,Medsize
SC81807,California,5528.52,No,Basic,College,2024-06-01,Employed,F,"$43,443.00",Suburban,Married,$139.00,4,38,0,1,Special Auto,Special L2,3,Call Center,$754.43,Sports Car,Small
ER10834,Nevada,3610,No,Basic,Master,2024-06-01,Employed,F,"$92,862.00",Rural,Married,$89.00,9,86,0,1,Personal Auto,Personal L3,4,Call Center,$142.26,Four-Door Car,Medsize
HC25359,Oregon,12210.9,No,Premium,Master,2024-06-01,Employed,F,"$70,972.00",Urban,Divorced,$153.00,41,30,0,3,Personal Auto,Personal L2,1,Agent,$596.19,Four-Door Car,Medsize
EV39201,California,5213.01,Yes,Extended,College,2024-06-01,Employed,F,"$1,25,917.00",Urban,Married,$128.00,4,73,0,1,Personal Auto,Personal L3,2,Branch,$379.50,Four-Door Car,Medsize
CE17166,California,10254.79,No,Extended,College,2024-06-01,Employed,M,"$75,904.00",Suburban,Divorced,$131.00,14,128,0,3,Personal Auto,Personal L2,1,Agent,$628.56,Four-Door Car,Small
CQ19667,Oregon,5747.6,No,Premium,Bachelor,2024-06-01,Employed,F,"$67,302.00",Suburban,Single,$147.00,23,63,0,1,Personal Auto,Personal L3,1,Branch,$917.37,Four-Door Car,Medsize
PK37320,Oregon,3548.69,No,Basic,Master,2024-06-01,Employed,F,"$1,13,181.00",Urban,Married,$88.00,1,100,0,1,Personal Auto,Personal L1,3,Call Center,$379.90,Two-Door Car,Medsize
LC86277,Oregon,4503.9,No,Extended,High School or Below,2024-06-01,Disabled,M,"$26,253.00",Suburban,Married,$120.00,8,8,0,1,Corporate Auto,Corporate L3,2,Call Center,$865.08,Four-Door Car,Medsize
LW43630,California,12998.75,No,Extended,Bachelor,2024-06-01,Employed,F,"$96,213.00",Urban,Married,$108.00,38,115,0,2,Personal Auto,Personal L2,1,Branch,$473.43,Four-Door Car,Medsize
TU82820,California,6041.47,No,Basic,Master,2024-06-01,Employed,M,"$98,576.00",Suburban,Divorced,$151.00,28,54,0,1,Corporate Auto,Corporate L3,1,Agent,$725.76,SUV,Large
EM16179,Arizona,11170.1,No,Basic,College,2024-06-01,Employed,F,"$93,165.00",Suburban,Single,$95.00,4,70,0,2,Personal Auto,Personal L3,1,Call Center,$453.60,Four-Door Car,Medsize
TU25694,Oregon,3319.31,No,Basic,High School or Below,2024-06-01,Unemployed,M,$0.00,Suburban,Single,$95.00,27,59,0,1,Personal Auto,Personal L3,1,Call Center,$680.40,Four-Door Car,Medsize
JE19783,Arizona,8624.09,No,Extended,Bachelor,2024-06-01,Employed,M,"$35,689.00",Suburban,Divorced,$112.00,0,14,0,5,Personal Auto,Personal L3,2,Branch,$537.84,Two-Door Car,Small
SD42668,Washington,7149.09,No,Basic,Bachelor,2024-06-01,Unemployed,M,$0.00,Suburban,Single,$100.00,26,96,0,3,Personal Auto,Personal L1,3,Agent,$719.28,Four-Door Car,Medsize
RX96438,Washington,3120.14,No,Basic,High School or Below,2024-06-01,Disabled,F,"$32,940.00",Suburban,Single,$84.00,18,34,0,1,Corporate Auto,Corporate L3,3,Agent,$401.76,Two-Door Car,Medsize
NT79981,Nevada,4868.07,No,Extended,High School or Below,2024-06-01,Disabled,F,"$17,819.00",Suburban,Divorced,$126.00,31,30,0,1,Personal Auto,Personal L3,2,Agent,$786.32,Four-Door Car,Medsize
QP32003,Arizona,13477.22,No,Extended,College,2024-06-01,Unemployed,F,$0.00,Suburban,Single,$126.00,26,107,0,2,Personal Auto,Personal L1,3,Call Center,$903.96,Four-Door Car,Medsize
QF69163,Washington,5904.03,No,Premium,College,2024-06-01,Disabled,F,"$34,663.00",Suburban,Married,$153.00,8,113,0,1,Personal Auto,Personal L3,3,Web,$732.24,Two-Door Car,Medsize
OL48469,Nevada,5618.94,No,Basic,High School or Below,2024-06-01,Unemployed,M,$0.00,Suburban,Single,$90.00,35,119,3,3,Personal Auto,Personal L3,1,Branch,$434.16,Four-Door Car,Medsize
IU14618,Oregon,7882.51,Yes,Basic,High School or Below,2024-06-01,Employed,M,"$1,09,461.00",Urban,Married,$99.00,7,115,0,4,Personal Auto,Personal L3,2,Agent,$379.75,Four-Door Car,Large
OF20965,Nevada,9833.89,No,Extended,Bachelor,2024-06-01,Employed,F,"$91,503.00",Suburban,Divorced,$124.00,0,97,0,3,Personal Auto,Personal L2,3,Call Center,$811.96,Four-Door Car,Small
XJ40322,California,7147.28,No,Basic,High School or Below,2024-06-01,Employed,F,"$83,277.00",Rural,Single,$90.00,18,23,0,3,Personal Auto,Personal L2,4,Web,$162.17,Two-Door Car,Medsize
XL90594,California,10238.89,No,Extended,College,2024-06-01,Employed,F,"$1,18,089.00",Urban,Divorced,$128.00,38,9,0,8,Personal Auto,Personal L3,2,Web,$604.88,Four-Door Car,Medsize
LC27380,Oregon,7723.21,No,Basic,High School or Below,2024-06-01,Employed,F,"$43,502.00",Rural,Married,$97.00,36,28,0,3,Personal Auto,Personal L2,1,Branch,$26.03,Four-Door Car,Medsize
ZK52226,California,3374.21,No,Basic,High School or Below,2024-06-01,Unemployed,F,$0.00,Suburban,Single,$97.00,20,63,0,1,Corporate Auto,Corporate L3,2,Branch,$466.56,Two-Door Car,Large
EI32190,Arizona,9343.35,No,Extended,Doctor,2024-06-01,Employed,M,"$91,171.00",Rural,Married,$117.00,3,74,2,5,Personal Auto,Personal L1,1,Agent,$141.62,Four-Door Car,Small
WS56675,Oregon,5806.22,No,Premium,High School or Below,2024-06-01,Employed,F,"$1,19,597.00",Rural,Married,$144.00,0,77,0,1,Personal Auto,Personal L2,3,Branch,$56.32,Two-Door Car,Medsize
SS90882,Oregon,10369.01,No,Basic,College,2024-06-01,Employed,F,"$90,173.00",Urban,Married,$86.00,19,96,0,2,Personal Auto,Personal L3,3,Web,$321.34,Four-Door Car,Medsize
AP46166,California,6703.41,No,Basic,High School or Below,2024-06-01,Unemployed,F,$0.00,Suburban,Single,$99.00,5,96,1,8,Personal Auto,Personal L3,3,Call Center,$709.56,Two-Door Car,Small
XB61209,Arizona,4737.05,No,Extended,College,2024-06-01,Unemployed,F,$0.00,Suburban,Single,$131.00,26,24,0,1,Personal Auto,Personal L3,1,Agent,$942.84,Four-Door Car,Small
PJ92694,California,6429.5,No,Basic,High School or Below,2024-06-01,Employed,M,"$77,132.00",Urban,Divorced,$82.00,34,63,0,8,Corporate Auto,Corporate L3,2,Branch,$211.84,Four-Door Car,Medsize
SS12362,California,17251.73,No,Extended,High School or Below,2024-06-01,Unemployed,M,$0.00,Suburban,Single,$119.00,22,11,0,2,Special Auto,Special L3,2,Agent,$855.36,Four-Door Car,Medsize
OU99581,California,26140.76,No,Basic,Bachelor,2024-06-01,Employed,M,"$67,426.00",Rural,Married,$95.00,28,88,0,2,Personal Auto,Personal L2,2,Call Center,$68.05,Four-Door Car,Large
GE26813,Arizona,6590.8,No,Basic,High School or Below,2024-06-01,Unemployed,M,$0.00,Suburban,Divorced,$89.00,24,89,0,6,Personal Auto,Personal L3,1,Call Center,$641.52,Four-Door Car,Small
ZY49833,California,8050.28,No,Basic,Bachelor,2024-06-01,Employed,F,"$1,17,477.00",Urban,Married,$100.00,8,113,0,8,Personal Auto,Personal L2,2,Web,$447.01,Four-Door Car,Small
LX15904,Washington,3719.55,No,Basic,High School or Below,2024-06-01,Employed,F,"$53,181.00",Suburban,Married,$95.00,32,76,1,1,Special Auto,Special L2,2,Agent,$547.94,Four-Door Car,Medsize
WP60679,Oregon,12069.78,No,Basic,Bachelor,2024-06-01,Employed,M,"$1,28,724.00",Urban,Married,$150.00,42,100,0,5,Personal Auto,Personal L1,1,Web,$548.75,Sports Car,Medsize
UM26324,Washington,7882.51,Yes,Basic,High School or Below,2024-06-01,Employed,M,"$1,09,461.00",Urban,Married,$99.00,7,115,0,4,Corporate Auto,Corporate L3,2,Agent,$379.75,Four-Door Car,Large
EI85578,California,5180.78,No,Basic,Bachelor,2024-06-01,Unemployed,F,$0.00,Rural,Married,$143.00,20,41,0,1,Personal Auto,Personal L3,3,Agent,$158.26,SUV,Medsize
WM87004,Oregon,14304.34,No,Basic,Bachelor,2024-06-01,Unemployed,M,$0.00,Suburban,Divorced,$138.00,30,27,0,2,Personal Auto,Personal L3,1,Branch,$991.44,SUV,Small
AF69537,Arizona,9895.2,No,Premium,College,2024-06-01,Employed,M,"$80,501.00",Suburban,Married,$250.00,12,90,0,1,Personal Auto,Personal L3,1,Agent,"$1,198.80",SUV,Medsize
SY29553,Oregon,3490.35,No,Basic,High School or Below,2024-06-01,Unemployed,F,$0.00,Suburban,Married,$99.00,19,49,2,1,Personal Auto,Personal L3,2,Agent,$473.04,Four-Door Car,Medsize
DA20791,California,5096.06,No,Extended,College,2024-06-01,Employed,M,"$89,717.00",Suburban,Married,$128.00,3,103,0,1,Personal Auto,Personal L3,2,Branch,$615.60,Four-Door Car,Medsize
JG94795,Oregon,5642.31,No,Premium,Master,2024-06-01,Employed,F,"$81,014.00",Suburban,Married,$139.00,5,116,0,1,Special Auto,Special L1,2,Agent,$667.44,Four-Door Car,Medsize
RT60959,Oregon,19690.26,No,Basic,High School or Below,2024-06-01,Unemployed,F,$0.00,Suburban,Married,$262.00,35,14,0,5,Corporate Auto,Corporate L3,1,Agent,"$1,257.12",Luxury SUV,Medsize
WP64059,California,6876.06,No,Basic,Bachelor,2024-06-01,Employed,F,"$1,23,949.00",Urban,Married,$85.00,41,134,0,3,Personal Auto,Personal L1,3,Call Center,$225.50,Two-Door Car,Medsize
QH87479,Oregon,37163.22,No,Extended,High School or Below,2024-06-01,Employed,F,"$73,691.00",Rural,Married,$103.00,1,123,0,2,Personal Auto,Personal L2,3,Branch,$165.50,Two-Door Car,Large
CD26907,California,42141.18,No,Basic,Bachelor,2024-06-01,Unemployed,M,$0.00,Suburban,Single,$158.00,12,16,0,2,Personal Auto,Personal L3,2,Web,"$1,657.56",Sports Car,Medsize
KA62728,California,11996.92,No,Premium,High School or Below,2024-06-01,Employed,M,"$1,17,577.00",Rural,Single,$153.00,27,23,1,5,Personal Auto,Personal L2,3,Agent,$87.61,Four-Door Car,Medsize
SJ24275,Nevada,6484.37,No,Basic,College,2024-06-01,Employed,F,"$50,373.00",Urban,Single,$84.00,46,53,0,6,Personal Auto,Personal L2,3,Branch,$332.88,Four-Door Car,Medsize
AY30324,Oregon,8355.75,No,Extended,Bachelor,2024-06-01,Employed,F,"$1,33,750.00",Urban,Married,$104.00,5,54,1,9,Special Auto,Special L2,4,Call Center,$281.33,Two-Door Car,Medsize
ET10831,Oregon,6907.58,No,Basic,College,2024-06-01,Employed,M,"$1,28,826.00",Suburban,Single,$88.00,3,115,0,5,Personal Auto,Personal L1,1,Call Center,$597.79,Four-Door Car,Medsize
ON74557,California,19779.68,No,Extended,Bachelor,2024-06-01,Employed,M,"$1,01,135.00",Urban,Married,$165.00,18,23,0,2,Personal Auto,Personal L2,3,Branch,$530.75,SUV,Medsize
MF30956,California,12076.68,No,Basic,College,2024-06-01,Employed,M,"$1,13,077.00",Rural,Married,$151.00,22,95,0,8,Corporate Auto,Corporate L2,1,Web,$364.81,SUV,Medsize
JO60130,California,7882.51,Yes,Basic,High School or Below,2024-06-01,Employed,M,"$1,09,461.00",Urban,Married,$99.00,7,115,0,4,Personal Auto,Personal L2,2,Agent,$379.75,Four-Door Car,Large
BS53322,California,19165.9,No,Basic,High School or Below,2024-06-01,Employed,F,"$1,04,946.00",Urban,Married,$159.00,24,63,0,2,Personal Auto,Personal L3,2,Call Center,$625.67,SUV,Small
TM68292,California,6162.09,No,Basic,Master,2024-06-01,Medical Leave,F,"$17,045.00",Suburban,Single,$93.00,42,20,4,3,Personal Auto,Personal L2,4,Branch,$447.12,Four-Door Car,Small
KM22467,California,7359.93,No,Basic,Bachelor,2024-06-01,Employed,M,"$75,462.00",Suburban,Married,$93.00,47,117,0,6,Personal Auto,Personal L3,1,Agent,$596.63,Two-Door Car,Medsize
JB32090,California,4110.83,No,Extended,High School or Below,2024-06-01,Employed,F,"$72,145.00",Suburban,Married,$103.00,15,105,0,1,Personal Auto,Personal L3,4,Agent,$492.48,Two-Door Car,Medsize
MD32702,California,4823.94,No,Basic,Bachelor,2024-06-01,Unemployed,F,$0.00,Suburban,Single,$147.00,34,28,1,1,Personal Auto,Personal L3,1,Call Center,$706.32,SUV,Medsize
NH99355,California,6256.89,No,Basic,High School or Below,2024-06-01,Unemployed,M,$0.00,Suburban,Married,$84.00,39,80,0,3,Personal Auto,Personal L2,3,Call Center,$401.76,Four-Door Car,Medsize
CC92362,California,12064.1,No,Premium,Bachelor,2024-06-01,Disabled,M,"$24,490.00",Suburban,Married,$157.00,3,117,0,3,Personal Auto,Personal L3,2,Call Center,$975.25,Four-Door Car,Small
IX32007,California,3867.51,No,Basic,Bachelor,2024-06-01,Unemployed,M,$0.00,Suburban,Single,$147.00,3,11,4,1,Personal Auto,Personal L2,3,Call Center,"$1,546.76",SUV,Small
UV44323,California,6619.23,No,Extended,College,2024-06-01,Unemployed,F,$0.00,Suburban,Married,$180.00,15,128,0,1,Personal Auto,Personal L2,2,Branch,$861.84,SUV,Large
RX14132,California,9757.81,No,Basic,High School or Below,2024-06-01,Employed,M,"$35,000.00",Suburban,Married,$82.00,38,92,0,2,Personal Auto,Personal L1,4,Agent,$395.28,Two-Door Car,Small
HO82823,California,4534.02,No,Extended,Bachelor,2024-06-01,Employed,F,"$80,145.00",Rural,Married,$113.00,8,65,0,1,Personal Auto,Personal L3,2,Agent,$9.29,Four-Door Car,Medsize
YM19146,California,5535.54,No,Premium,College,2024-06-01,Employed,F,"$64,477.00",Suburban,Single,$140.00,22,78,0,1,Personal Auto,Personal L2,1,Branch,$730.73,Four-Door Car,Large
DP39365,California,11878.38,No,Premium,Master,2024-06-02,Employed,M,"$1,03,985.00",Urban,Married,$149.00,12,111,2,3,Corporate Auto,Corporate L1,2,Agent,$637.24,Four-Door Car,Medsize
FV94802,Nevada,3465.27,No,Basic,High School or Below,2024-06-02,Medical Leave,M,"$33,816.00",Suburban,Married,$90.00,19,9,0,1,Personal Auto,Personal L3,2,Call Center,$613.23,Two-Door Car,Medsize
DM79012,Oregon,9964.32,No,Extended,Master,2024-06-02,Employed,F,"$88,703.00",Suburban,Married,$123.00,26,116,0,8,Personal Auto,Personal L3,2,Web,$589.68,Four-Door Car,Small
LN31673,Washington,15279.42,No,Extended,College,2024-06-02,Employed,M,"$52,546.00",Rural,Married,$134.00,8,112,2,2,Personal Auto,Personal L3,1,Agent,$156.23,Four-Door Car,Medsize
NR15332,California,3484.5,No,Basic,High School or Below,2024-06-02,Employed,M,"$40,172.00",Suburban,Married,$88.00,18,74,0,1,Personal Auto,Personal L2,2,Web,$421.20,Four-Door Car,Small
RI24911,Arizona,10135.06,Yes,Basic,College,2024-06-02,Employed,M,"$82,242.00",Urban,Single,$86.00,14,82,0,2,Personal Auto,Personal L3,2,Agent,$312.12,Two-Door Car,Medsize
EM66435,Oregon,3541.48,No,Basic,Bachelor,2024-06-02,Employed,F,"$1,08,284.00",Rural,Divorced,$88.00,41,38,0,1,Corporate Auto,Corporate L3,1,Agent,$27.73,Four-Door Car,Medsize
AY40674,Washington,6508.91,No,Extended,Bachelor,2024-06-02,Employed,F,"$35,887.00",Suburban,Married,$173.00,8,62,4,1,Personal Auto,Personal L2,2,Agent,$829.44,SUV,Medsize
WU60905,California,11624.4,No,Basic,High School or Below,2024-06-02,Unemployed,F,$0.00,Suburban,Married,$150.00,36,49,0,9,Corporate Auto,Corporate L1,3,Web,$719.28,SUV,Medsize
GN45013,Oregon,7270.9,No,Basic,High School or Below,2024-06-02,Medical Leave,M,"$40,046.00",Suburban,Married,$96.00,1,93,0,3,Personal Auto,Personal L1,1,Agent,$460.08,Four-Door Car,Medsize
GF65731,California,47976.09,No,Basic,Master,2024-06-02,Unemployed,F,$0.00,Suburban,Married,$153.00,20,8,0,2,Personal Auto,Personal L3,1,Call Center,"$1,079.90",Sports Car,Large
ZR25747,Oregon,11174.96,No,Premium,College,2024-06-02,Employed,F,"$61,097.00",Suburban,Married,$139.00,45,122,0,4,Corporate Auto,Corporate L1,3,Call Center,$667.44,Two-Door Car,Medsize
LL62746,Oregon,12110.37,No,Basic,Doctor,2024-06-02,Medical Leave,M,"$17,319.00",Urban,Married,$159.00,45,1,0,9,Personal Auto,Personal L1,2,Call Center,$443.11,SUV,Medsize
AW73065,Oregon,3769.07,No,Basic,High School or Below,2024-06-02,Unemployed,F,$0.00,Suburban,Single,$100.00,47,80,0,1,Personal Auto,Personal L1,1,Agent,$719.28,Four-Door Car,Small
SH55671,Arizona,15408.15,No,Premium,College,2024-06-02,Unemployed,F,$0.00,Suburban,Married,$217.00,4,96,1,9,Personal Auto,Personal L3,1,Branch,"$1,043.28",Sports Car,Small
TN50051,California,3992.98,No,Basic,Doctor,2024-06-02,Employed,F,"$1,12,479.00",Urban,Divorced,$99.00,28,57,0,1,Personal Auto,Personal L1,3,Web,$285.30,Two-Door Car,Medsize
KM33477,Oregon,11543.02,No,Basic,College,2024-06-02,Employed,M,"$29,340.00",Suburban,Single,$99.00,23,50,0,2,Corporate Auto,Corporate L2,2,Web,$709.56,Four-Door Car,Medsize
ZO83562,Nevada,3212.65,No,Basic,Bachelor,2024-06-02,Unemployed,F,$0.00,Suburban,Single,$90.00,22,122,0,1,Personal Auto,Personal L3,3,Agent,$668.18,Four-Door Car,Medsize
CB58476,Oregon,6980.6,No,Basic,College,2024-06-02,Unemployed,F,$0.00,Suburban,Single,$96.00,7,27,0,5,Corporate Auto,Corporate L2,1,Call Center,"$1,160.46",Four-Door Car,Small
FS76657,Oregon,7386.98,No,Basic,College,2024-06-02,Employed,F,"$72,260.00",Urban,Married,$92.00,36,93,0,4,Personal Auto,Personal L3,1,Agent,$376.52,Four-Door Car,Medsize
KJ87930,California,5246.78,No,Basic,Bachelor,2024-06-02,Unemployed,F,$0.00,Suburban,Single,$151.00,18,80,0,1,Corporate Auto,Corporate L2,1,Agent,"$1,601.08",SUV,Medsize
VB87946,California,6709.98,No,Basic,College,2024-06-02,Employed,M,"$67,114.00",Urban,Married,$85.00,39,86,3,4,Personal Auto,Personal L3,3,Branch,$359.32,Four-Door Car,Medsize
KU61611,Arizona,5841.58,No,Basic,High School or Below,2024-06-02,Employed,M,"$93,204.00",Suburban,Married,$146.00,5,119,0,1,Corporate Auto,Corporate L3,1,Call Center,$699.84,Sports Car,Small
CX99919,Nevada,5576.35,No,Basic,College,2024-06-02,Retired,F,"$38,233.00",Suburban,Single,$150.00,46,43,0,1,Corporate Auto,Corporate L3,3,Branch,$725.48,SUV,Medsize
VH62084,California,18052.64,No,Basic,High School or Below,2024-06-02,Unemployed,M,$0.00,Suburban,Single,$100.00,24,78,0,2,Personal Auto,Personal L3,1,Agent,"$1,094.97",Four-Door Car,Medsize
IA15979,Washington,9380.24,No,Extended,College,2024-06-02,Employed,M,"$54,807.00",Urban,Single,$123.00,47,132,0,5,Personal Auto,Personal L3,1,Agent,$408.77,Four-Door Car,Medsize
SG32258,Arizona,3262.33,No,Basic,College,2024-06-02,Medical Leave,F,"$25,574.00",Rural,Married,$85.00,27,86,0,1,Personal Auto,Personal L3,4,Call Center,$169.12,Four-Door Car,Medsize
PM61374,California,10917.75,No,Premium,Bachelor,2024-06-02,Unemployed,F,$0.00,Suburban,Married,$149.00,12,31,0,6,Personal Auto,Personal L1,1,Web,$743.62,Two-Door Car,Medsize
MD87746,Oregon,10135.06,Yes,Basic,College,2024-06-02,Employed,M,"$82,242.00",Urban,Single,$86.00,14,82,0,2,Personal Auto,Personal L2,2,Agent,$312.12,Two-Door Car,Medsize
UN39066,Washington,5925.53,No,Basic,Bachelor,2024-06-02,Employed,M,"$36,013.00",Suburban,Married,$151.00,9,130,0,1,Personal Auto,Personal L3,2,Agent,$725.76,SUV,Large
XE18554,California,14089.38,No,Extended,Bachelor,2024-06-02,Medical Leave,F,"$32,639.00",Suburban,Married,$124.00,5,50,1,2,Personal Auto,Personal L2,1,Agent,$596.16,Four-Door Car,Medsize
CE94751,California,6167.91,No,Basic,College,2024-06-02,Unemployed,M,$0.00,Suburban,Single,$95.00,7,45,1,7,Personal Auto,Personal L3,1,Branch,$708.53,Two-Door Car,Medsize
DM76654,California,62926.03,No,Extended,College,2024-06-02,Employed,M,"$29,730.00",Suburban,Single,$184.00,47,1,0,2,Personal Auto,Personal L2,2,Branch,"$1,321.92",SUV,Large
VO25602,Nevada,10274.63,No,Extended,College,2024-06-02,Employed,F,"$1,33,246.00",Rural,Married,$127.00,30,89,0,3,Personal Auto,Personal L1,1,Branch,$107.48,Four-Door Car,Small
ZU74482,Oregon,10135.06,Yes,Basic,College,2024-06-02,Employed,M,"$82,242.00",Urban,Single,$86.00,14,82,0,2,Personal Auto,Personal L3,2,Agent,$312.12,Two-Door Car,Medsize
RL74454,Nevada,6948.6,No,Basic,Bachelor,2024-06-02,Employed,F,"$44,781.00",Urban,Married,$88.00,36,23,0,3,Personal Auto,Personal L3,2,Branch,$319.47,Four-Door Car,Medsize
FP93662,California,21338.82,No,Extended,Master,2024-06-02,Employed,F,"$78,997.00",Suburban,Married,$132.00,19,101,0,2,Corporate Auto,Corporate L2,4,Branch,$635.04,Two-Door Car,Large
VG31922,Nevada,8796.89,No,Premium,Bachelor,2024-06-02,Unemployed,F,$0.00,Suburban,Married,$236.00,16,81,0,1,Personal Auto,Personal L3,1,Call Center,"$1,648.54",SUV,Small
QZ77637,Washington,15747.88,No,Basic,College,2024-06-02,Employed,F,"$1,14,720.00",Rural,Married,$97.00,16,69,1,2,Corporate Auto,Corporate L1,1,Agent,$225.14,Four-Door Car,Large
VF73104,Arizona,6772.72,No,Basic,High School or Below,2024-06-02,Employed,F,"$28,172.00",Rural,Married,$85.00,26,18,0,8,Personal Auto,Personal L3,3,Agent,$181.75,Four-Door Car,Medsize
GJ63103,Oregon,24940.86,No,Basic,High School or Below,2024-06-02,Medical Leave,F,"$37,623.00",Suburban,Married,$90.00,24,80,0,2,Personal Auto,Personal L3,1,Web,$651.24,Two-Door Car,Small
RN88075,Washington,4079.62,No,Extended,Bachelor,2024-06-02,Unemployed,F,$0.00,Suburban,Single,$113.00,35,50,0,1,Personal Auto,Personal L1,1,Branch,$945.98,Two-Door Car,Medsize
IE84844,Nevada,6375.02,No,Basic,High School or Below,2024-06-02,Unemployed,F,$0.00,Suburban,Single,$88.00,39,43,0,3,Personal Auto,Personal L2,3,Agent,$884.91,Four-Door Car,Medsize
YW26148,California,17539.57,No,Basic,High School or Below,2024-06-02,Unemployed,F,$0.00,Suburban,Single,$97.00,11,82,0,2,Personal Auto,Personal L3,1,Agent,$699.84,Four-Door Car,Medsize
ON30714,California,6659.39,No,Basic,College,2024-06-02,Employed,M,"$1,00,992.00",Urban,Married,$82.00,9,47,0,3,Personal Auto,Personal L2,2,Branch,$383.11,Two-Door Car,Small
FM61329,California,18373.65,No,Basic,College,2024-06-02,Employed,M,"$67,694.00",Suburban,Married,$154.00,0,47,0,2,Personal Auto,Personal L3,2,Web,"$1,062.36",SUV,Medsize
MY23958,California,10229.04,No,Basic,Bachelor,2024-06-02,Unemployed,M,$0.00,Suburban,Single,$157.00,27,12,2,6,Personal Auto,Personal L3,2,Branch,"$1,127.52",Sports Car,Medsize
FN61865,Nevada,5766.12,No,Premium,Master,2024-06-02,Employed,F,"$35,431.00",Rural,Single,$149.00,8,58,0,1,Personal Auto,Personal L3,4,Call Center,$59.78,Two-Door Car,Medsize
QW60568,California,11998.99,No,Premium,College,2024-06-02,Employed,M,"$79,365.00",Rural,Married,$150.00,5,93,0,3,Corporate Auto,Corporate L2,3,Call Center,$290.84,Four-Door Car,Medsize
CA79988,Oregon,3446.43,No,Basic,College,2024-06-02,Employed,M,"$44,717.00",Rural,Single,$90.00,47,9,0,1,Personal Auto,Personal L1,1,Call Center,$108.16,Four-Door Car,Large
QU40939,Arizona,12927.27,No,Extended,College,2024-06-02,Unemployed,F,$0.00,Suburban,Single,$119.00,4,86,0,2,Personal Auto,Personal L3,4,Web,$855.36,Four-Door Car,Medsize
GR37045,Nevada,4038.79,No,Extended,Bachelor,2024-06-02,Unemployed,F,$0.00,Suburban,Single,$108.00,12,130,0,1,Corporate Auto,Corporate L2,2,Web,$777.60,Four-Door Car,Small
YL91587,Arizona,3205.1,No,Basic,High School or Below,2024-06-02,Employed,M,"$66,030.00",Suburban,Single,$82.00,20,8,0,1,Personal Auto,Personal L2,3,Call Center,$395.28,Two-Door Car,Large
DW62397,Oregon,30788.73,No,Basic,Master,2024-06-02,Retired,F,"$13,955.00",Suburban,Married,$90.00,22,76,0,2,Personal Auto,Personal L3,2,Branch,$434.16,Four-Door Car,Small
QL10321,California,7787.92,No,Basic,Doctor,2024-06-02,Employed,F,"$1,24,887.00",Rural,Married,$96.00,22,58,0,8,Personal Auto,Personal L2,3,Agent,$147.55,Four-Door Car,Medsize
MF41879,Oregon,11090.77,No,Basic,Doctor,2024-06-02,Unemployed,M,$0.00,Suburban,Married,$149.00,14,43,0,7,Personal Auto,Personal L2,2,Web,$811.38,SUV,Small
GO75708,Arizona,8173.56,No,Extended,Master,2024-06-02,Disabled,F,"$23,220.00",Rural,Married,$112.00,7,84,4,8,Personal Auto,Personal L2,1,Branch,$65.85,Four-Door Car,Medsize
OM55336,Nevada,10135.06,Yes,Basic,College,2024-06-02,Employed,M,"$82,242.00",Urban,Single,$86.00,14,82,0,2,Personal Auto,Personal L2,2,Agent,$312.12,Two-Door Car,Medsize
PE39479,Washington,24733.92,No,Extended,College,2024-06-02,Employed,M,"$1,19,599.00",Urban,Married,$103.00,26,1,0,2,Corporate Auto,Corporate L3,1,Branch,$269.73,Four-Door Car,Large
ES93923,Oregon,11877.72,No,Premium,Bachelor,2024-06-02,Employed,F,"$33,143.00",Suburban,Married,$150.00,16,8,0,9,Personal Auto,Personal L1,2,Agent,$723.61,Four-Door Car,Small
BN90616,Washington,11596.95,No,Basic,Bachelor,2024-06-02,Employed,F,"$85,199.00",Rural,Married,$97.00,31,113,0,2,Personal Auto,Personal L3,3,Agent,$92.04,Four-Door Car,Medsize
WL86517,Nevada,5418.85,No,Extended,Doctor,2024-06-02,Employed,F,"$1,25,933.00",Suburban,Married,$134.00,9,35,0,1,Personal Auto,Personal L3,3,Web,$641.52,Two-Door Car,Medsize
OE15600,California,3435.71,No,Basic,College,2024-06-02,Employed,M,"$1,23,078.00",Rural,Single,$88.00,7,68,0,1,Personal Auto,Personal L3,2,Call Center,$188.66,Two-Door Car,Medsize
GB47529,Oregon,7285.1,No,Extended,High School or Below,2024-06-02,Employed,F,"$54,416.00",Suburban,Divorced,$184.00,5,93,0,1,Corporate Auto,Corporate L3,1,Web,$881.28,Sports Car,Medsize
CN16311,Oregon,7393.31,No,Basic,Master,2024-06-02,Employed,F,"$70,494.00",Rural,Married,$92.00,15,115,0,8,Corporate Auto,Corporate L3,2,Call Center,$45.61,Four-Door Car,Medsize
VT84289,California,7975.68,No,Basic,College,2024-06-02,Employed,F,"$1,18,525.00",Suburban,Single,$100.00,31,14,0,4,Personal Auto,Personal L1,1,Agent,$479.52,Four-Door Car,Medsize
IN77241,Washington,7282.85,No,Basic,Bachelor,2024-06-02,Employed,M,"$89,070.00",Urban,Married,$90.00,4,68,0,3,Corporate Auto,Corporate L1,2,Branch,$339.92,Two-Door Car,Medsize
FV58292,Oregon,7500.37,Yes,Basic,Bachelor,2024-06-02,Employed,M,"$99,920.00",Suburban,Single,$97.00,16,82,0,6,Personal Auto,Personal L3,2,Call Center,$636.45,Four-Door Car,Small
ON90223,Washington,17342.7,No,Basic,College,2024-06-02,Employed,M,"$1,25,834.00",Suburban,Married,$144.00,8,12,2,2,Personal Auto,Personal L3,1,Agent,$693.36,SUV,Small
KR35099,Washington,10135.06,Yes,Basic,College,2024-06-02,Employed,M,"$82,242.00",Urban,Single,$86.00,14,82,0,2,Personal Auto,Personal L3,2,Agent,$312.12,Two-Door Car,Medsize
GH64274,California,34837.11,No,Extended,High School or Below,2024-06-02,Employed,M,"$30,660.00",Suburban,Married,$111.00,11,100,0,2,Personal Auto,Personal L2,2,Branch,$531.36,Two-Door Car,Medsize
ZX56541,California,6688.29,No,Basic,Bachelor,2024-06-02,Employed,M,"$61,194.00",Suburban,Married,$88.00,18,9,3,4,Personal Auto,Personal L1,4,Call Center,$421.20,Two-Door Car,Medsize
KI83797,Oregon,6632.71,No,Basic,College,2024-06-02,Employed,F,"$65,198.00",Urban,Single,$85.00,34,130,0,8,Personal Auto,Personal L1,1,Branch,$391.91,Four-Door Car,Medsize
EZ80325,California,6140.19,No,Extended,Bachelor,2024-06-02,Unemployed,F,$0.00,Suburban,Married,$178.00,7,119,3,1,Personal Auto,Personal L2,1,Branch,"$1,283.04",Sports Car,Large
TL39050,Arizona,32255.96,No,Extended,Bachelor,2024-06-02,Employed,F,"$53,780.00",Rural,Married,$271.00,15,85,0,2,Corporate Auto,Corporate L3,1,Web,$514.76,Luxury SUV,Medsize
EB72052,Oregon,16342.15,No,Basic,College,2024-06-02,Employed,M,"$45,016.00",Suburban,Divorced,$138.00,46,50,0,2,Personal Auto,Personal L3,2,Call Center,$937.01,SUV,Medsize
GN76399,Nevada,11041,No,Premium,Bachelor,2024-06-02,Unemployed,M,$0.00,Suburban,Single,$151.00,23,39,0,7,Personal Auto,Personal L3,1,Call Center,"$1,088.64",Four-Door Car,Medsize
LY90785,Oregon,7820.76,No,Basic,Bachelor,2024-06-02,Employed,M,"$1,29,240.00",Suburban,Married,$97.00,26,111,0,3,Corporate Auto,Corporate L3,1,Agent,$641.82,Two-Door Car,Small
SE47384,California,7460.69,No,Extended,Bachelor,2024-06-02,Employed,F,"$1,27,211.00",Suburban,Married,$185.00,28,111,0,1,Special Auto,Special L3,3,Agent,$887.76,SUV,Medsize
BV80674,Oregon,5860.16,No,Extended,Bachelor,2024-06-02,Unemployed,F,$0.00,Suburban,Single,$167.00,8,46,0,1,Personal Auto,Personal L2,3,Call Center,$803.52,SUV,Medsize
LI77073,Oregon,9585.44,No,Premium,College,2024-06-02,Employed,M,"$42,755.00",Suburban,Married,$242.00,45,4,0,1,Corporate Auto,Corporate L3,3,Agent,"$1,739.88",Sports Car,Large
QU52713,California,5520.2,No,Basic,Bachelor,2024-06-02,Employed,M,"$58,289.00",Urban,Married,$139.00,46,100,0,1,Corporate Auto,Corporate L3,2,Agent,$568.31,SUV,Medsize
JL49772,Arizona,32736.6,No,Basic,Bachelor,2024-06-02,Employed,F,"$45,429.00",Urban,Married,$93.00,28,50,1,2,Personal Auto,Personal L2,1,Call Center,$443.68,Four-Door Car,Medsize
KP22549,Oregon,4260.48,No,Extended,Bachelor,2024-06-02,Employed,M,"$78,588.00",Rural,Married,$107.00,30,68,0,1,Personal Auto,Personal L3,1,Agent,$53.61,Four-Door Car,Medsize
FY30870,California,25068.83,No,Extended,High School or Below,2024-06-02,Employed,F,"$44,221.00",Urban,Married,$126.00,24,90,0,2,Personal Auto,Personal L3,1,Agent,$514.51,Two-Door Car,Medsize
WH76688,Oregon,7500.37,Yes,Basic,Bachelor,2024-06-02,Employed,M,"$99,920.00",Suburban,Single,$97.00,16,82,0,6,Personal Auto,Personal L3,2,Call Center,$636.45,Four-Door Car,Small
II49996,Arizona,7500.37,Yes,Basic,Bachelor,2024-06-02,Employed,M,"$99,920.00",Suburban,Single,$97.00,16,82,0,6,Personal Auto,Personal L1,2,Call Center,$636.45,Four-Door Car,Small
BZ81849,Arizona,10117.02,No,Basic,Bachelor,2024-06-02,Unemployed,F,$0.00,Suburban,Married,$92.00,8,34,0,2,Personal Auto,Personal L3,3,Call Center,$440.64,Four-Door Car,Medsize
SY28542,Nevada,10006.38,No,Extended,Bachelor,2024-06-02,Employed,F,"$80,919.00",Urban,Single,$127.00,23,12,0,3,Personal Auto,Personal L3,3,Web,$409.18,Four-Door Car,Medsize
SQ53118,California,10629.51,No,Basic,College,2024-06-02,Employed,M,"$30,179.00",Suburban,Married,$96.00,36,12,3,2,Personal Auto,Personal L2,2,Branch,$460.08,Four-Door Car,Medsize
KR53335,Washington,9607.34,No,Basic,Bachelor,2024-06-02,Unemployed,F,$0.00,Suburban,Single,$89.00,7,62,0,2,Personal Auto,Personal L2,3,Branch,$427.68,Four-Door Car,Small
XO17798,Washington,7867.1,No,Basic,High School or Below,2024-06-02,Employed,M,"$61,822.00",Suburban,Married,$100.00,4,51,0,5,Personal Auto,Personal L1,2,Agent,$607.00,Four-Door Car,Small
KU69274,Arizona,19261.71,No,Extended,High School or Below,2024-06-02,Disabled,F,"$23,162.00",Suburban,Married,$166.00,45,20,0,2,Personal Auto,Personal L3,1,Agent,"$1,040.51",SUV,Small
UM83813,Oregon,18062.74,No,Basic,Bachelor,2024-06-02,Unemployed,F,$0.00,Suburban,Single,$262.00,18,112,0,3,Personal Auto,Personal L1,3,Web,"$1,885.68",Luxury SUV,Small
XM87301,Oregon,3236.67,No,Basic,Bachelor,2024-06-02,Unemployed,M,$0.00,Suburban,Single,$89.00,31,1,0,1,Personal Auto,Personal L3,2,Web,$805.27,Four-Door Car,Medsize
RX45809,California,20053.16,No,Basic,College,2024-06-02,Employed,M,"$51,164.00",Rural,Married,$252.00,12,15,0,5,Personal Auto,Personal L1,4,Branch,$333.44,Luxury SUV,Medsize
JP88955,Oregon,11983.5,No,Basic,High School or Below,2024-06-02,Employed,M,"$41,209.00",Urban,Single,$155.00,32,47,0,3,Personal Auto,Personal L2,2,Call Center,$496.83,Sports Car,Small
TY30683,Oregon,4761.99,No,Extended,College,2024-06-02,Disabled,F,"$35,311.00",Suburban,Single,$130.00,36,68,0,1,Corporate Auto,Corporate L2,2,Agent,$622.08,Four-Door Car,Medsize
BH68769,Oregon,8569.12,No,Extended,Bachelor,2024-06-02,Employed,M,"$57,050.00",Suburban,Married,$109.00,1,20,0,3,Personal Auto,Personal L2,2,Call Center,$714.83,Two-Door Car,Small
VF33776,Nevada,42213.52,No,Extended,High School or Below,2024-06-02,Employed,F,"$1,21,890.00",Rural,Married,$134.00,5,119,3,2,Corporate Auto,Corporate L1,2,Web,$222.07,Four-Door Car,Medsize
UZ42802,Oregon,6110.92,No,Extended,Bachelor,2024-06-02,Unemployed,M,$0.00,Suburban,Single,$182.00,38,89,0,1,Personal Auto,Personal L3,1,Agent,"$2,047.12",Sports Car,Large
KS46420,Washington,18105.27,No,Basic,Master,2024-06-02,Employed,F,"$35,289.00",Rural,Married,$151.00,15,68,0,2,Personal Auto,Personal L3,2,Agent,$310.11,SUV,Medsize
GM48223,Oregon,7373.66,No,Basic,Bachelor,2024-06-02,Employed,F,"$57,578.00",Rural,Married,$93.00,14,124,0,5,Personal Auto,Personal L1,3,Agent,$48.01,Four-Door Car,Medsize
WE11250,Washington,16471.06,No,Basic,College,2024-06-02,Employed,F,"$81,381.00",Rural,Married,$138.00,31,117,0,2,Corporate Auto,Corporate L3,1,Agent,$162.11,SUV,Large
JZ64443,Washington,6352.55,No,Extended,Bachelor,2024-06-02,Unemployed,F,$0.00,Suburban,Single,$105.00,28,31,3,3,Corporate Auto,Corporate L3,4,Agent,$749.87,Four-Door Car,Large
FM10372,California,5152.15,No,Extended,College,2024-06-02,Employed,F,"$1,11,259.00",Rural,Divorced,$128.00,14,115,0,1,Personal Auto,Personal L3,4,Branch,$41.07,Four-Door Car,Large
GQ32356,Nevada,5226.9,No,Premium,High School or Below,2024-06-02,Unemployed,F,$0.00,Suburban,Single,$150.00,14,101,0,1,Personal Auto,Personal L3,2,Agent,"$1,078.92",Four-Door Car,Medsize
RW86245,Arizona,6761.17,No,Extended,High School or Below,2024-06-02,Employed,M,"$1,25,366.00",Rural,Married,$166.00,18,81,0,1,Personal Auto,Personal L3,2,Agent,$130.06,SUV,Medsize
GQ26671,California,3025.5,No,Basic,High School or Below,2024-06-02,Unemployed,F,$0.00,Suburban,Single,$85.00,7,9,0,1,Personal Auto,Personal L2,2,Call Center,$612.36,Two-Door Car,Medsize
BI46495,Oregon,7173.18,No,Extended,High School or Below,2024-06-02,Unemployed,M,$0.00,Suburban,Single,$107.00,5,105,0,4,Corporate Auto,Corporate L2,1,Branch,$767.88,Two-Door Car,Medsize
HM20848,California,6202.3,No,Basic,High School or Below,2024-06-02,Employed,F,"$52,722.00",Suburban,Married,$154.00,7,89,0,1,Personal Auto,Personal L1,3,Agent,$738.72,Sports Car,Medsize
IE36279,California,3840.55,No,Basic,Bachelor,2024-06-02,Employed,M,"$1,08,413.00",Suburban,Divorced,$96.00,15,16,0,1,Corporate Auto,Corporate L1,3,Call Center,$460.08,Two-Door Car,Medsize
IQ73438,California,7500.37,Yes,Basic,Bachelor,2024-06-02,Employed,M,"$99,920.00",Suburban,Single,$97.00,16,82,0,6,Personal Auto,Personal L3,2,Call Center,$636.45,Four-Door Car,Small
CW15758,Oregon,12440.98,No,Basic,College,2024-06-02,Employed,F,"$97,049.00",Suburban,Married,$155.00,19,45,0,4,Personal Auto,Personal L3,1,Agent,$745.20,SUV,Small
HD12841,California,7432.68,No,Basic,Master,2024-06-02,Employed,F,"$1,29,284.00",Rural,Married,$92.00,23,84,0,5,Personal Auto,Personal L3,2,Call Center,$219.45,Four-Door Car,Medsize
HQ10502,Oregon,15784.21,No,Extended,Bachelor,2024-06-02,Employed,M,"$54,740.00",Suburban,Divorced,$132.00,9,77,0,2,Personal Auto,Personal L3,1,Agent,$635.04,Four-Door Car,Medsize
EP46328,California,7500.37,Yes,Basic,Bachelor,2024-06-02,Employed,M,"$99,920.00",Suburban,Single,$97.00,16,82,0,6,Personal Auto,Personal L1,2,Call Center,$636.45,Four-Door Car,Small
MR37609,Oregon,22158.96,No,Basic,College,2024-06-02,Unemployed,M,$0.00,Suburban,Married,$151.00,15,12,0,2,Special Auto,Special L1,1,Web,$921.27,SUV,Medsize
ZX73673,Arizona,7500.37,Yes,Basic,Bachelor,2024-06-02,Employed,M,"$99,920.00",Suburban,Single,$97.00,16,82,0,6,Personal Auto,Personal L3,2,Call Center,$636.45,Four-Door Car,Small
JO68735,California,3095.27,No,Basic,Bachelor,2024-06-02,Unemployed,F,$0.00,Suburban,Single,$86.00,24,41,0,1,Personal Auto,Personal L3,1,Branch,$622.08,Two-Door Car,Medsize
LM63497,Oregon,3963.38,No,Extended,College,2024-06-02,Unemployed,F,$0.00,Suburban,Single,$111.00,15,47,0,1,Personal Auto,Personal L3,1,Web,$797.04,Four-Door Car,Medsize
DH34004,California,8358.39,No,Basic,College,2024-06-02,Unemployed,M,$0.00,Suburban,Married,$269.00,5,39,3,1,Personal Auto,Personal L3,2,Web,"$1,289.52",Luxury Car,Medsize
PX99904,California,6681.68,No,Extended,Bachelor,2024-06-02,Unemployed,F,$0.00,Suburban,Single,$181.00,20,4,0,1,Corporate Auto,Corporate L1,2,Branch,"$1,302.48",Sports Car,Small
OF46381,California,10340.62,No,Basic,High School or Below,2024-06-02,Unemployed,M,$0.00,Suburban,Single,$99.00,30,126,0,2,Personal Auto,Personal L2,1,Agent,$709.56,Two-Door Car,Small
HW27766,Arizona,9800.09,No,Extended,College,2024-06-02,Medical Leave,M,"$22,095.00",Suburban,Married,$127.00,3,134,0,9,Personal Auto,Personal L3,1,Branch,$696.02,Four-Door Car,Medsize
HF72557,Washington,4356.17,No,Extended,Bachelor,2024-06-02,Medical Leave,M,"$26,930.00",Suburban,Divorced,$120.00,23,113,0,1,Personal Auto,Personal L2,1,Branch,$576.72,Four-Door Car,Medsize
UR56056,Oregon,14690.39,No,Extended,Bachelor,2024-06-02,Employed,M,"$98,912.00",Rural,Married,$185.00,41,47,0,3,Personal Auto,Personal L3,3,Agent,$55.54,SUV,Medsize
QV55524,Washington,10129.55,No,Extended,College,2024-06-02,Employed,M,"$70,826.00",Suburban,Married,$128.00,12,20,0,3,Personal Auto,Personal L2,4,Agent,$696.51,Four-Door Car,Medsize
QJ62033,Arizona,3260.34,No,Basic,High School or Below,2024-06-02,Unemployed,M,$0.00,Suburban,Single,$96.00,27,5,0,1,Personal Auto,Personal L3,2,Call Center,$690.12,Four-Door Car,Medsize
OH23652,Oregon,6336.56,No,Extended,Bachelor,2024-06-02,Medical Leave,F,"$35,919.00",Suburban,Married,$165.00,4,99,0,1,Personal Auto,Personal L2,1,Agent,$790.56,SUV,Medsize
GW56797,California,11844.24,No,Extended,High School or Below,2024-06-02,Unemployed,M,$0.00,Suburban,Single,$117.00,32,72,0,2,Personal Auto,Personal L3,4,Branch,$845.64,Four-Door Car,Medsize
JK68578,California,20663.28,No,Basic,High School or Below,2024-06-02,Employed,F,"$1,13,222.00",Rural,Married,$255.00,41,123,0,7,Corporate Auto,Corporate L2,1,Agent,$182.03,Luxury Car,Medsize
PJ59176,California,11818.22,No,Basic,High School or Below,2024-06-02,Employed,M,"$69,132.00",Rural,Married,$147.00,47,4,0,6,Personal Auto,Personal L3,1,Call Center,$53.32,SUV,Medsize
OD66412,California,6775.51,No,Basic,Doctor,2024-06-02,Employed,F,"$1,00,471.00",Rural,Married,$84.00,42,14,0,5,Personal Auto,Personal L2,2,Agent,$68.58,Four-Door Car,Medsize
GV41938,California,62507.8,No,Premium,High School or Below,2024-06-02,Unemployed,F,$0.00,Suburban,Married,$204.00,45,127,1,2,Personal Auto,Personal L1,1,Call Center,"$1,467.72",SUV,Medsize
YR30159,California,28264.05,No,Basic,College,2024-06-02,Employed,M,"$27,417.00",Suburban,Divorced,$244.00,7,16,0,2,Personal Auto,Personal L3,1,Agent,"$2,132.80",Luxury Car,Medsize
SX87181,California,6637.25,No,Basic,Bachelor,2024-06-02,Unemployed,F,$0.00,Suburban,Single,$88.00,28,82,0,7,Personal Auto,Personal L3,1,Agent,$421.20,Two-Door Car,Large
MU64306,California,11280.12,No,Basic,College,2024-06-02,Employed,M,"$77,050.00",Rural,Married,$142.00,38,26,0,3,Personal Auto,Personal L2,2,Web,$108.17,SUV,Medsize
HK84372,California,3253.1,No,Basic,High School or Below,2024-06-02,Unemployed,M,$0.00,Suburban,Single,$95.00,19,128,0,1,Personal Auto,Personal L2,1,Agent,$680.40,Four-Door Car,Small
BV27017,California,23763.39,No,Premium,College,2024-06-02,Unemployed,F,$0.00,Suburban,Divorced,$217.00,1,92,1,2,Corporate Auto,Corporate L1,1,Agent,"$1,043.28",SUV,Medsize
TI14001,California,10135.06,Yes,Basic,College,2024-06-02,Employed,M,"$82,242.00",Urban,Single,$86.00,14,82,0,2,Corporate Auto,Corporate L3,2,Agent,$312.12,Two-Door Car,Medsize
AR17553,California,8249.92,No,Extended,Master,2024-06-02,Medical Leave,M,"$30,974.00",Suburban,Married,$108.00,35,112,0,5,Corporate Auto,Corporate L1,3,Branch,$659.17,Four-Door Car,Medsize
XD54132,California,3465.92,No,Basic,High School or Below,2024-06-02,Employed,F,"$83,565.00",Suburban,Single,$86.00,15,86,0,1,Corporate Auto,Corporate L3,4,Call Center,$414.72,Four-Door Car,Medsize
TD14365,California,11021.25,No,Extended,Bachelor,2024-06-02,Unemployed,M,$0.00,Suburban,Single,$115.00,12,50,3,2,Corporate Auto,Corporate L2,1,Branch,"$1,067.56",Four-Door Car,Medsize
UO98052,Nevada,8314.11,No,Extended,College,2024-07-01,Unemployed,M,$0.00,Urban,Single,$120.00,18,61,0,5,Personal Auto,Personal L2,1,Web,$462.35,Four-Door Car,Medsize
NT89061,Arizona,8537.3,No,Extended,High School or Below,2024-07-01,Employed,F,"$1,06,018.00",Suburban,Married,$105.00,34,117,0,3,Personal Auto,Personal L3,2,Call Center,$505.44,Four-Door Car,Medsize
KU56006,Arizona,7474.12,No,Basic,College,2024-07-01,Employed,F,"$70,497.00",Suburban,Married,$95.00,23,57,1,5,Personal Auto,Personal L2,1,Call Center,$453.60,Four-Door Car,Small
YH43527,Oregon,4867.91,No,Extended,College,2024-07-01,Employed,F,"$29,140.00",Suburban,Married,$124.00,47,82,0,1,Corporate Auto,Corporate L2,4,Agent,$596.16,Four-Door Car,Medsize
QH19450,California,3453.54,No,Basic,High School or Below,2024-07-01,Unemployed,F,$0.00,Suburban,Single,$97.00,9,104,0,1,Corporate Auto,Corporate L3,1,Call Center,$466.56,Four-Door Car,Small
MK70700,California,7496.95,No,Basic,Master,2024-07-01,Employed,M,"$92,066.00",Urban,Married,$93.00,1,109,0,3,Personal Auto,Personal L1,2,Branch,$238.71,Four-Door Car,Medsize
QY74517,Oregon,7439.25,No,Basic,High School or Below,2024-07-01,Unemployed,F,$0.00,Suburban,Single,$99.00,32,77,0,4,Personal Auto,Personal L3,1,Branch,$709.56,Four-Door Car,Large
FY51713,Arizona,4820.53,No,Extended,Bachelor,2024-07-01,Employed,F,"$75,827.00",Suburban,Married,$119.00,18,27,0,1,Personal Auto,Personal L1,1,Branch,$829.81,Four-Door Car,Small
BX94438,California,11434.55,No,Basic,High School or Below,2024-07-01,Unemployed,F,$0.00,Suburban,Married,$153.00,46,7,0,8,Corporate Auto,Corporate L2,1,Call Center,$836.96,SUV,Medsize
DJ77787,Arizona,9829.94,No,Basic,High School or Below,2024-07-01,Unemployed,F,$0.00,Suburban,Married,$93.00,38,38,3,2,Personal Auto,Personal L2,3,Call Center,$501.93,Four-Door Car,Medsize
GM62071,Washington,28938.44,No,Basic,High School or Below,2024-07-01,Employed,F,"$27,902.00",Suburban,Married,$254.00,46,73,3,2,Personal Auto,Personal L3,2,Call Center,"$1,218.24",Luxury Car,Large
SU71163,Arizona,3741.75,No,Basic,College,2024-07-01,Employed,M,"$80,804.00",Suburban,Married,$100.00,41,111,4,1,Personal Auto,Personal L2,2,Branch,$479.52,Two-Door Car,Medsize
EA25683,Washington,10501.02,No,Basic,High School or Below,2024-07-01,Employed,M,"$86,111.00",Urban,Single,$265.00,41,109,0,1,Corporate Auto,Corporate L3,1,Branch,"$1,077.30",Luxury SUV,Medsize
MC71942,California,10690.92,No,Extended,High School or Below,2024-07-01,Employed,F,"$1,11,884.00",Rural,Married,$134.00,11,120,1,3,Personal Auto,Personal L3,1,Agent,$30.81,Two-Door Car,Medsize
YQ99152,Nevada,13213.54,No,Extended,High School or Below,2024-07-01,Retired,M,"$14,141.00",Suburban,Married,$119.00,18,109,1,2,Personal Auto,Personal L2,1,Branch,$570.24,Two-Door Car,Small
PM76175,Oregon,28548.82,No,Extended,Bachelor,2024-07-01,Employed,F,"$67,123.00",Suburban,Married,$178.00,24,66,0,2,Corporate Auto,Corporate L3,3,Call Center,$863.96,Sports Car,Large
UT38865,Oregon,10024.93,No,Basic,College,2024-07-01,Employed,F,"$78,357.00",Urban,Married,$84.00,19,119,0,2,Corporate Auto,Corporate L3,3,Agent,$217.92,Four-Door Car,Medsize
FE73696,Oregon,5119.38,No,Extended,High School or Below,2024-07-01,Employed,M,"$1,31,236.00",Urban,Married,$126.00,38,82,0,1,Personal Auto,Personal L1,2,Call Center,$486.08,Two-Door Car,Medsize
SW19699,Arizona,3720.26,No,Basic,Bachelor,2024-07-01,Employed,F,"$67,025.00",Rural,Divorced,$95.00,0,31,0,1,Personal Auto,Personal L3,2,Call Center,$89.04,Four-Door Car,Medsize
YT69858,Washington,7345.92,No,Basic,Bachelor,2024-07-01,Employed,F,"$1,15,698.00",Urban,Married,$90.00,12,100,0,6,Personal Auto,Personal L2,4,Branch,$336.27,Two-Door Car,Medsize
SA50567,Nevada,7355.55,No,Basic,Bachelor,2024-07-01,Employed,M,"$1,15,150.00",Suburban,Married,$92.00,20,63,0,6,Personal Auto,Personal L3,3,Web,$462.40,Four-Door Car,Medsize
UI73201,California,4950.96,No,Extended,College,2024-07-01,Employed,M,"$84,206.00",Suburban,Married,$124.00,46,46,0,1,Personal Auto,Personal L2,3,Web,$835.15,Two-Door Car,Medsize
YI28422,Oregon,10308.44,No,Extended,High School or Below,2024-07-01,Employed,M,"$40,854.00",Suburban,Married,$132.00,0,130,1,9,Personal Auto,Personal L3,2,Agent,$673.95,Four-Door Car,Large
RB38792,Oregon,7275.82,Yes,Extended,College,2024-07-01,Employed,M,"$89,679.00",Rural,Married,$184.00,47,126,0,1,Personal Auto,Personal L3,2,Agent,$77.91,Sports Car,Medsize
TA89713,Oregon,7275.82,Yes,Extended,College,2024-07-01,Employed,M,"$89,679.00",Rural,Married,$184.00,47,126,0,1,Personal Auto,Personal L3,2,Agent,$77.91,Sports Car,Medsize
QP69826,Arizona,4816.13,Yes,Basic,Bachelor,2024-07-01,Unemployed,M,$0.00,Suburban,Married,$138.00,38,15,0,1,Corporate Auto,Corporate L2,2,Agent,$891.58,SUV,Medsize
ML34366,California,7275.82,Yes,Extended,College,2024-07-01,Employed,M,"$89,679.00",Rural,Married,$184.00,47,126,0,1,Personal Auto,Personal L2,2,Agent,$77.91,Sports Car,Medsize
JL59571,Oregon,6219.78,No,Basic,Bachelor,2024-07-01,Disabled,F,"$23,413.00",Urban,Single,$85.00,12,124,0,5,Corporate Auto,Corporate L3,2,Branch,$281.69,Two-Door Car,Medsize
ZI47663,Arizona,17201.49,Yes,Basic,Bachelor,2024-07-01,Employed,F,"$98,623.00",Urban,Married,$143.00,46,49,1,2,Personal Auto,Personal L2,1,Branch,$566.14,SUV,Medsize
IO27771,Oregon,12199.49,No,Premium,College,2024-07-01,Employed,F,"$1,20,666.00",Suburban,Married,$151.00,3,82,0,3,Corporate Auto,Corporate L2,1,Branch,$774.89,Four-Door Car,Small
AQ46199,Oregon,6514.1,No,Basic,High School or Below,2024-07-01,Unemployed,M,$0.00,Suburban,Single,$96.00,11,41,0,8,Personal Auto,Personal L2,4,Web,$690.12,Two-Door Car,Medsize
HC76653,Oregon,3288.18,No,Basic,College,2024-07-01,Employed,M,"$44,457.00",Suburban,Married,$84.00,22,61,0,1,Personal Auto,Personal L2,2,Agent,$401.76,Four-Door Car,Medsize
QS75550,Washington,3348.06,No,Basic,Bachelor,2024-07-01,Employed,F,"$1,26,067.00",Urban,Single,$84.00,42,86,0,1,Corporate Auto,Corporate L2,1,Branch,$329.69,Two-Door Car,Medsize
TQ88221,California,3835.95,No,Basic,Bachelor,2024-07-01,Employed,F,"$41,139.00",Suburban,Married,$97.00,27,47,0,1,Corporate Auto,Corporate L1,4,Call Center,$607.61,Four-Door Car,Medsize
EP82214,Arizona,35344.09,No,Extended,High School or Below,2024-07-01,Employed,F,"$92,055.00",Urban,Married,$111.00,14,23,1,2,Special Auto,Special L2,2,Branch,$463.21,Four-Door Car,Medsize
VB77950,California,5084.59,No,Extended,High School or Below,2024-07-01,Medical Leave,F,"$30,293.00",Suburban,Married,$132.00,41,85,0,1,Personal Auto,Personal L2,1,Agent,$635.04,Four-Door Car,Medsize
IZ55070,Nevada,7208.31,No,Basic,High School or Below,2024-07-01,Employed,F,"$91,525.00",Suburban,Married,$93.00,9,32,4,8,Personal Auto,Personal L2,2,Web,$447.12,Four-Door Car,Medsize
DY30071,Oregon,7639.97,No,Basic,Bachelor,2024-07-01,Employed,M,"$93,672.00",Rural,Married,$96.00,22,50,0,3,Personal Auto,Personal L3,2,Agent,$96.55,Four-Door Car,Small
HA20933,Oregon,17913.96,No,Basic,Bachelor,2024-07-01,Medical Leave,F,"$21,082.00",Suburban,Married,$154.00,27,130,1,2,Personal Auto,Personal L2,1,Agent,$738.72,SUV,Medsize
TW94555,Nevada,7275.82,Yes,Extended,College,2024-07-01,Employed,M,"$89,679.00",Rural,Married,$184.00,47,126,0,1,Personal Auto,Personal L3,2,Agent,$77.91,Sports Car,Medsize
TH67541,Arizona,7631.18,No,Basic,High School or Below,2024-07-01,Medical Leave,F,"$21,831.00",Urban,Married,$100.00,11,49,0,4,Corporate Auto,Corporate L3,1,Agent,$419.86,Four-Door Car,Medsize
IP69763,Washington,29584.45,No,Premium,College,2024-07-01,Employed,F,"$1,04,370.00",Rural,Married,$244.00,24,49,0,2,Personal Auto,Personal L1,1,Agent,$153.37,SUV,Medsize
NP33989,Oregon,16688.82,No,Premium,Bachelor,2024-07-01,Unemployed,F,$0.00,Rural,Married,$153.00,5,124,0,2,Personal Auto,Personal L3,3,Branch,$294.20,Four-Door Car,Medsize
IM90123,California,20602.91,No,Extended,Bachelor,2024-07-01,Employed,F,"$80,726.00",Suburban,Married,$171.00,5,68,0,2,Personal Auto,Personal L2,3,Call Center,$822.96,SUV,Medsize
CE72177,California,7373.09,No,Basic,High School or Below,2024-07-01,Employed,F,"$53,495.00",Suburban,Married,$93.00,31,0,0,3,Personal Auto,Personal L3,2,Agent,$655.70,Four-Door Car,Large
JC80093,Washington,3472.88,No,Basic,Master,2024-07-01,Employed,M,"$28,490.00",Rural,Divorced,$89.00,46,100,0,1,Personal Auto,Personal L3,4,Branch,$159.91,Four-Door Car,Medsize
BN80677,Oregon,17191.19,No,Extended,Bachelor,2024-07-01,Employed,M,"$33,781.00",Suburban,Single,$111.00,42,51,0,2,Corporate Auto,Corporate L3,1,Branch,$536.14,Two-Door Car,Medsize
NS19456,Oregon,12661.16,No,Basic,College,2024-07-01,Employed,F,"$48,690.00",Suburban,Married,$158.00,41,105,0,3,Personal Auto,Personal L3,2,Branch,$758.16,Sports Car,Large
CG94611,Oregon,4072.2,No,Extended,College,2024-07-01,Medical Leave,M,"$34,601.00",Suburban,Single,$116.00,11,85,0,1,Corporate Auto,Corporate L3,4,Agent,$557.28,Two-Door Car,Medsize
ZS35053,Arizona,5020.98,No,Extended,High School or Below,2024-07-01,Employed,M,"$55,307.00",Suburban,Divorced,$131.00,39,72,1,1,Personal Auto,Personal L3,1,Agent,$628.56,Four-Door Car,Large
SO95845,California,7840.34,No,Basic,College,2024-07-01,Employed,F,"$84,303.00",Rural,Single,$100.00,12,3,0,7,Personal Auto,Personal L3,4,Call Center,$180.87,Two-Door Car,Medsize
XR71687,Oregon,12700.06,No,Basic,Bachelor,2024-07-01,Employed,M,"$42,505.00",Rural,Married,$159.00,23,107,0,6,Personal Auto,Personal L2,2,Agent,$398.12,SUV,Medsize
TC81636,Arizona,13764.75,No,Basic,High School or Below,2024-07-01,Unemployed,M,$0.00,Suburban,Single,$135.00,12,101,0,2,Corporate Auto,Corporate L3,4,Web,$972.00,SUV,Medsize
IR57729,California,22339.31,No,Basic,High School or Below,2024-07-01,Employed,M,"$62,901.00",Rural,Married,$95.00,4,109,0,2,Corporate Auto,Corporate L1,2,Agent,$174.35,Two-Door Car,Medsize
JV99867,California,15213.46,No,Extended,Bachelor,2024-07-01,Employed,F,"$88,355.00",Suburban,Married,$127.00,38,89,0,2,Special Auto,Special L2,3,Agent,$609.12,Four-Door Car,Medsize
ZJ22132,Oregon,4226.42,No,Extended,High School or Below,2024-07-01,Employed,F,"$56,776.00",Urban,Married,$105.00,28,3,0,1,Personal Auto,Personal L3,1,Agent,$299.63,Four-Door Car,Large
PI92163,Nevada,6611.01,No,Basic,Bachelor,2024-07-01,Medical Leave,M,"$32,917.00",Suburban,Single,$93.00,5,105,2,4,Corporate Auto,Corporate L3,1,Call Center,$447.12,Four-Door Car,Medsize
QO77034,California,4816.13,Yes,Basic,Bachelor,2024-07-01,Unemployed,M,$0.00,Suburban,Married,$138.00,38,15,0,1,Personal Auto,Personal L3,2,Agent,$891.58,SUV,Medsize
CF46699,Oregon,4816.13,Yes,Basic,Bachelor,2024-07-01,Unemployed,M,$0.00,Suburban,Married,$138.00,38,15,0,1,Personal Auto,Personal L2,2,Agent,$891.58,SUV,Medsize
CV64725,California,8836.83,No,Extended,High School or Below,2024-07-01,Employed,M,"$74,744.00",Suburban,Divorced,$116.00,15,73,2,4,Personal Auto,Personal L1,3,Agent,$615.21,Four-Door Car,Medsize
CM84035,Arizona,15283.12,No,Premium,College,2024-07-01,Employed,M,"$56,284.00",Rural,Single,$136.00,28,20,1,2,Corporate Auto,Corporate L3,3,Call Center,$332.06,Four-Door Car,Medsize
JL97265,Oregon,6225.19,No,Basic,Master,2024-07-01,Unemployed,M,$0.00,Suburban,Married,$82.00,5,20,0,7,Personal Auto,Personal L3,2,Web,$395.28,Four-Door Car,Medsize
XA63646,California,6283.69,No,Premium,Master,2024-07-01,Employed,F,"$1,10,542.00",Urban,Married,$154.00,20,54,0,1,Personal Auto,Personal L3,2,Branch,$507.60,Four-Door Car,Medsize
VD37089,Washington,4696.5,No,Extended,College,2024-07-01,Employed,M,"$40,416.00",Suburban,Divorced,$122.00,11,47,0,1,Corporate Auto,Corporate L1,2,Branch,$759.28,Four-Door Car,Medsize
SV15363,California,8594.4,Yes,Extended,High School or Below,2024-07-01,Employed,M,"$59,897.00",Suburban,Married,$108.00,7,97,0,3,Personal Auto,Personal L2,2,Call Center,$518.40,Two-Door Car,Large
GM83516,Arizona,3474.52,No,Basic,College,2024-07-01,Employed,M,"$39,825.00",Suburban,Divorced,$90.00,19,97,0,1,Corporate Auto,Corporate L2,2,Agent,$434.16,Four-Door Car,Medsize
GU41198,California,12874.06,No,Extended,Bachelor,2024-07-01,Employed,F,"$84,268.00",Suburban,Divorced,$108.00,30,68,2,2,Corporate Auto,Corporate L3,1,Call Center,$518.40,Four-Door Car,Medsize
CO71128,California,28675.27,No,Basic,College,2024-07-01,Unemployed,F,$0.00,Suburban,Single,$257.00,9,61,0,2,Personal Auto,Personal L2,2,Agent,"$1,846.80",Luxury SUV,Medsize
OY70124,Washington,17201.49,Yes,Basic,Bachelor,2024-07-01,Employed,F,"$98,623.00",Urban,Married,$143.00,46,49,1,2,Personal Auto,Personal L3,1,Branch,$566.14,SUV,Medsize
ZY95807,California,48844.39,No,Basic,Bachelor,2024-07-01,Unemployed,M,$0.00,Suburban,Single,$243.00,20,117,0,2,Corporate Auto,Corporate L2,1,Web,"$1,166.40",Luxury SUV,Small
YJ24476,Nevada,6153.88,No,Basic,Bachelor,2024-07-01,Medical Leave,F,"$19,798.00",Suburban,Married,$82.00,8,111,0,3,Personal Auto,Personal L3,3,Call Center,$395.28,Four-Door Car,Small
RD28560,Washington,17201.49,Yes,Basic,Bachelor,2024-07-01,Employed,F,"$98,623.00",Urban,Married,$143.00,46,49,1,2,Corporate Auto,Corporate L2,1,Branch,$566.14,SUV,Medsize
OP62891,Oregon,3071.79,No,Basic,High School or Below,2024-07-01,Unemployed,F,$0.00,Suburban,Single,$86.00,31,89,0,1,Personal Auto,Personal L2,4,Agent,$622.08,Two-Door Car,Medsize
FR15853,Nevada,8594.4,Yes,Extended,High School or Below,2024-07-01,Employed,M,"$59,897.00",Suburban,Married,$108.00,7,97,0,3,Corporate Auto,Corporate L2,2,Call Center,$518.40,Two-Door Car,Large
CV57391,Arizona,30052.38,No,Basic,Bachelor,2024-07-01,Employed,F,"$68,037.00",Urban,Single,$96.00,24,69,0,2,Personal Auto,Personal L3,3,Web,$458.22,Four-Door Car,Medsize
RI76571,Washington,58085.8,No,Basic,Master,2024-07-01,Employed,M,"$80,121.00",Rural,Married,$161.00,20,55,0,2,Personal Auto,Personal L3,2,Web,$299.74,SUV,Medsize
TF65501,California,6212.58,No,Basic,High School or Below,2024-07-01,Employed,F,"$50,366.00",Suburban,Married,$155.00,3,69,0,1,Personal Auto,Personal L2,1,Web,$745.20,SUV,Medsize
JU64043,Oregon,6749.12,No,Basic,Master,2024-07-01,Employed,M,"$66,709.00",Rural,Single,$92.00,11,111,5,6,Personal Auto,Personal L3,1,Agent,$215.50,Four-Door Car,Large
IY77611,Arizona,35402.15,No,Basic,High School or Below,2024-07-01,Unemployed,M,$0.00,Suburban,Single,$155.00,30,20,1,2,Corporate Auto,Corporate L3,1,Call Center,"$1,117.80",SUV,Medsize
TU64352,Oregon,5505.33,No,Basic,College,2024-07-01,Unemployed,F,$0.00,Suburban,Single,$157.00,24,116,0,1,Personal Auto,Personal L1,1,Agent,"$1,127.52",Sports Car,Medsize
FK10455,California,13233.44,No,Extended,Bachelor,2024-07-01,Employed,M,"$1,13,979.00",Rural,Married,$166.00,15,3,0,6,Personal Auto,Personal L2,2,Call Center,$155.35,SUV,Medsize
FG77231,Oregon,17201.49,Yes,Basic,Bachelor,2024-07-01,Employed,F,"$98,623.00",Urban,Married,$143.00,46,49,1,2,Personal Auto,Personal L3,1,Branch,$566.14,SUV,Medsize
WX10701,Washington,4669.96,No,Extended,Bachelor,2024-07-01,Unemployed,M,$0.00,Suburban,Married,$130.00,8,11,0,1,Corporate Auto,Corporate L3,3,Web,$622.08,Four-Door Car,Medsize
YA83600,Arizona,3716.97,No,Basic,High School or Below,2024-07-01,Employed,F,"$38,997.00",Suburban,Single,$99.00,22,20,2,1,Personal Auto,Personal L2,1,Branch,$574.85,Four-Door Car,Medsize
OD21455,California,6049.87,No,Basic,Bachelor,2024-07-01,Unemployed,M,$0.00,Urban,Single,$93.00,1,34,0,4,Personal Auto,Personal L3,3,Call Center,$313.45,Four-Door Car,Medsize
YA15471,Oregon,10297.34,No,Basic,College,2024-07-01,Employed,M,"$1,25,555.00",Urban,Married,$85.00,42,3,0,2,Corporate Auto,Corporate L3,1,Branch,$278.04,Four-Door Car,Medsize
ED65109,California,7030.78,No,Basic,College,2024-07-01,Employed,F,"$1,10,483.00",Rural,Married,$88.00,31,53,1,4,Personal Auto,Personal L1,1,Agent,$100.80,Four-Door Car,Medsize
NM91640,Oregon,3296.99,No,Basic,High School or Below,2024-07-01,Unemployed,M,$0.00,Suburban,Single,$100.00,20,12,3,1,Personal Auto,Personal L1,4,Branch,$719.28,Four-Door Car,Medsize
LU82585,Nevada,8594.4,Yes,Extended,High School or Below,2024-07-01,Employed,M,"$59,897.00",Suburban,Married,$108.00,7,97,0,3,Personal Auto,Personal L2,2,Call Center,$518.40,Two-Door Car,Large
NW73460,Arizona,10499.22,No,Basic,High School or Below,2024-07-01,Employed,F,"$62,346.00",Rural,Married,$88.00,31,36,0,2,Corporate Auto,Corporate L1,2,Branch,$3.48,Two-Door Car,Medsize
YT91759,California,8594.4,Yes,Extended,High School or Below,2024-07-01,Employed,M,"$59,897.00",Suburban,Married,$108.00,7,97,0,3,Personal Auto,Personal L2,2,Call Center,$518.40,Two-Door Car,Large
GQ15613,Arizona,10805.69,No,Basic,High School or Below,2024-07-01,Employed,F,"$72,911.00",Suburban,Married,$90.00,24,122,0,2,Personal Auto,Personal L3,2,Branch,$500.18,Four-Door Car,Medsize
DT53270,Washington,6609.97,No,Basic,College,2024-07-01,Unemployed,F,$0.00,Suburban,Single,$96.00,12,8,0,3,Personal Auto,Personal L3,2,Agent,$568.55,Four-Door Car,Large
ZO44848,California,28166.82,No,Basic,College,2024-07-01,Unemployed,F,$0.00,Urban,Married,$82.00,30,127,0,2,Special Auto,Special L3,1,Branch,$291.72,Four-Door Car,Medsize
MJ25422,Oregon,49539.47,No,Basic,College,2024-07-01,Unemployed,F,$0.00,Suburban,Married,$269.00,9,126,0,2,Personal Auto,Personal L3,1,Call Center,"$1,433.82",Luxury SUV,Medsize
FG21377,California,26637.31,No,Basic,Bachelor,2024-07-01,Employed,F,"$45,344.00",Suburban,Married,$84.00,3,86,0,2,Corporate Auto,Corporate L3,1,Agent,$566.89,Four-Door Car,Medsize
JZ90556,Oregon,8023.15,No,Basic,High School or Below,2024-07-01,Employed,F,"$83,862.00",Rural,Married,$100.00,7,53,0,8,Corporate Auto,Corporate L3,4,Agent,$38.23,Four-Door Car,Medsize
RI97135,Washington,4062.11,No,Extended,Bachelor,2024-07-01,Unemployed,M,$0.00,Urban,Single,$117.00,3,74,0,1,Personal Auto,Personal L3,1,Branch,$542.00,Four-Door Car,Medsize
RH83684,Oregon,7842.06,No,Basic,Master,2024-07-01,Employed,F,"$58,431.00",Rural,Divorced,$97.00,4,4,0,3,Personal Auto,Personal L1,2,Web,$225.18,Two-Door Car,Medsize
VT97066,Nevada,9010.5,No,Extended,High School or Below,2024-07-01,Unemployed,M,$0.00,Suburban,Single,$132.00,9,32,0,9,Personal Auto,Personal L3,2,Call Center,"$1,257.73",Two-Door Car,Medsize
AL50693,Oregon,4816.13,Yes,Basic,Bachelor,2024-07-01,Unemployed,M,$0.00,Suburban,Married,$138.00,38,15,0,1,Corporate Auto,Corporate L2,2,Agent,$891.58,SUV,Medsize
ZG82127,California,17201.49,Yes,Basic,Bachelor,2024-07-01,Employed,F,"$98,623.00",Urban,Married,$143.00,46,49,1,2,Corporate Auto,Corporate L3,1,Branch,$566.14,SUV,Medsize
TL67005,California,6495.1,No,Extended,High School or Below,2024-07-01,Unemployed,F,$0.00,Urban,Divorced,$184.00,15,41,1,1,Corporate Auto,Corporate L2,1,Agent,$769.38,SUV,Medsize
PI79725,Oregon,3469.08,No,Basic,Bachelor,2024-07-01,Employed,F,"$1,07,051.00",Urban,Married,$86.00,19,59,0,1,Corporate Auto,Corporate L3,2,Call Center,$221.84,Four-Door Car,Small
PE72696,California,14705.43,No,Extended,College,2024-07-01,Employed,M,"$91,834.00",Suburban,Divorced,$123.00,20,23,0,2,Personal Auto,Personal L2,1,Branch,$589.68,Four-Door Car,Medsize
SK47162,Oregon,4816.13,Yes,Basic,Bachelor,2024-07-01,Unemployed,M,$0.00,Suburban,Married,$138.00,38,15,0,1,Personal Auto,Personal L2,2,Agent,$891.58,SUV,Medsize
IS45756,Arizona,6421.83,No,Extended,College,2024-07-01,Employed,F,"$66,066.00",Suburban,Divorced,$163.00,31,27,0,1,Personal Auto,Personal L2,1,Call Center,$784.08,SUV,Large
YL34043,Nevada,5074.58,No,Extended,Bachelor,2024-07-01,Employed,F,"$78,705.00",Rural,Married,$127.00,34,74,0,1,Personal Auto,Personal L3,1,Branch,$32.47,Four-Door Car,Medsize
LV44800,California,4126.94,No,Extended,High School or Below,2024-07-01,Employed,F,"$1,05,719.00",Suburban,Married,$103.00,5,32,0,1,Personal Auto,Personal L2,3,Branch,$492.48,Four-Door Car,Medsize
AR83514,Arizona,9657.46,No,Extended,High School or Below,2024-07-01,Employed,F,"$80,355.00",Suburban,Married,$120.00,0,11,0,3,Corporate Auto,Corporate L2,2,Web,$576.72,Four-Door Car,Small
SA84892,California,6637.1,No,Extended,High School or Below,2024-07-01,Employed,F,"$90,426.00",Suburban,Married,$163.00,16,18,0,1,Corporate Auto,Corporate L3,2,Agent,"$1,176.12",SUV,Medsize
VO75043,Oregon,8993.35,No,Extended,Bachelor,2024-07-01,Unemployed,M,$0.00,Suburban,Married,$128.00,8,134,0,5,Personal Auto,Personal L3,4,Agent,$615.60,Four-Door Car,Medsize
BS87947,California,4523.43,No,Extended,Bachelor,2024-07-01,Employed,F,"$1,27,433.00",Suburban,Married,$112.00,31,1,0,1,Personal Auto,Personal L1,2,Web,$786.63,Four-Door Car,Medsize
PE42960,California,11440.76,No,Basic,Bachelor,2024-07-01,Employed,M,"$78,959.00",Suburban,Divorced,$99.00,39,20,2,2,Personal Auto,Personal L3,2,Agent,$473.04,Four-Door Car,Small
LI76661,Oregon,10049.17,No,Extended,Bachelor,2024-07-01,Employed,M,"$1,20,535.00",Urban,Married,$126.00,23,15,0,4,Corporate Auto,Corporate L3,4,Call Center,$328.79,Two-Door Car,Medsize
BN38134,Washington,9082.28,No,Extended,Bachelor,2024-07-01,Employed,F,"$53,228.00",Rural,Married,$113.00,26,108,2,8,Personal Auto,Personal L3,2,Branch,$97.64,Two-Door Car,Large
TX35222,Washington,15685.05,No,Premium,College,2024-07-01,Employed,F,"$37,463.00",Suburban,Married,$401.00,38,34,1,1,Personal Auto,Personal L2,1,Branch,"$1,924.56",Luxury Car,Medsize
FL96333,Nevada,8428.17,No,Extended,College,2024-07-01,Employed,M,"$99,826.00",Urban,Married,$105.00,28,103,0,8,Personal Auto,Personal L3,2,Web,$446.68,Two-Door Car,Medsize
II27516,California,8594.4,Yes,Extended,High School or Below,2024-07-01,Employed,M,"$59,897.00",Suburban,Married,$108.00,7,97,0,3,Personal Auto,Personal L3,2,Call Center,$518.40,Two-Door Car,Large
MR22119,Oregon,5981.27,No,Basic,High School or Below,2024-07-01,Employed,M,"$32,480.00",Suburban,Married,$151.00,42,23,0,1,Personal Auto,Personal L3,4,Web,$725.76,SUV,Medsize
WR55560,California,8001.98,No,Premium,High School or Below,2024-07-01,Employed,M,"$45,307.00",Rural,Divorced,$205.00,8,41,0,1,Corporate Auto,Corporate L3,3,Branch,$317.68,Sports Car,Medsize
OY32548,Washington,6880.55,No,Basic,College,2024-07-01,Employed,F,"$37,719.00",Rural,Married,$88.00,28,4,1,4,Personal Auto,Personal L3,2,Agent,$37.35,Two-Door Car,Medsize
FK85203,California,12294.27,No,Basic,High School or Below,2024-07-01,Employed,M,"$1,00,093.00",Suburban,Married,$154.00,1,82,0,6,Personal Auto,Personal L3,1,Branch,$738.72,SUV,Medsize
DS58268,Arizona,11143.84,No,Basic,High School or Below,2024-07-01,Unemployed,F,$0.00,Suburban,Divorced,$155.00,26,81,0,9,Corporate Auto,Corporate L3,1,Agent,$745.20,Sports Car,Large
WK62379,Washington,12020.35,No,Premium,Bachelor,2024-07-01,Medical Leave,F,"$20,442.00",Suburban,Married,$157.00,9,7,0,3,Personal Auto,Personal L2,2,Branch,"$1,070.02",Two-Door Car,Small
PF81183,California,7275.82,Yes,Extended,College,2024-07-01,Employed,M,"$89,679.00",Rural,Married,$184.00,47,126,0,1,Corporate Auto,Corporate L2,2,Agent,$77.91,Sports Car,Medsize
KX23022,Arizona,4471.54,No,Basic,Bachelor,2024-07-01,Unemployed,M,$0.00,Suburban,Single,$144.00,3,5,2,1,Corporate Auto,Corporate L3,1,Agent,"$1,040.04",SUV,Medsize
AR63478,California,9065.71,No,Basic,College,2024-07-01,Unemployed,M,$0.00,Suburban,Single,$88.00,30,53,0,2,Corporate Auto,Corporate L1,4,Agent,$884.35,Four-Door Car,Medsize
VL32622,California,3596.73,No,Basic,High School or Below,2024-07-01,Employed,F,"$1,11,897.00",Suburban,Married,$89.00,30,5,1,1,Corporate Auto,Corporate L3,3,Agent,$567.51,Four-Door Car,Small
GG57214,Washington,3253.98,No,Basic,Bachelor,2024-07-01,Unemployed,F,$0.00,Suburban,Single,$90.00,7,72,0,1,Personal Auto,Personal L2,2,Agent,$651.24,Two-Door Car,Medsize
ZI63885,Washington,19863.26,No,Extended,High School or Below,2024-07-01,Unemployed,M,$0.00,Suburban,Single,$115.00,5,24,0,2,Personal Auto,Personal L2,1,Branch,"$1,184.00",Four-Door Car,Medsize
ER50891,California,4657.94,No,Extended,High School or Below,2024-07-01,Employed,M,"$52,985.00",Urban,Married,$117.00,36,30,0,1,Personal Auto,Personal L1,4,Agent,$522.13,Four-Door Car,Medsize
PV99529,Arizona,3677.98,No,Extended,Bachelor,2024-07-01,Unemployed,M,$0.00,Suburban,Divorced,$104.00,20,42,0,1,Personal Auto,Personal L1,1,Branch,$546.51,Two-Door Car,Medsize
BD70337,California,33354.34,No,Basic,High School or Below,2024-07-01,Medical Leave,M,"$35,514.00",Urban,Married,$99.00,35,1,0,2,Personal Auto,Personal L2,4,Call Center,$422.81,Four-Door Car,Medsize
VB42222,Nevada,19327.74,No,Premium,Bachelor,2024-07-01,Employed,F,"$1,31,462.00",Urban,Divorced,$161.00,14,84,0,2,Personal Auto,Personal L1,1,Web,$478.93,Four-Door Car,Medsize
BX24569,California,4816.13,Yes,Basic,Bachelor,2024-07-01,Unemployed,M,$0.00,Suburban,Married,$138.00,38,15,0,1,Personal Auto,Personal L2,2,Agent,$891.58,SUV,Medsize
NG56399,Arizona,11231.36,No,Basic,High School or Below,2024-07-01,Employed,M,"$82,845.00",Suburban,Divorced,$95.00,9,115,0,2,Personal Auto,Personal L2,3,Branch,$673.02,Two-Door Car,Medsize
LO37570,Arizona,16412.68,No,Extended,High School or Below,2024-07-01,Employed,M,"$54,583.00",Suburban,Married,$104.00,28,89,0,2,Personal Auto,Personal L3,3,Agent,$498.96,Four-Door Car,Medsize
LR92373,Nevada,3833.93,No,Basic,Bachelor,2024-07-01,Employed,F,"$72,149.00",Urban,Divorced,$97.00,14,90,1,1,Personal Auto,Personal L2,1,Branch,$426.20,Four-Door Car,Medsize
OH41318,Washington,35264.88,No,Extended,Master,2024-07-01,Employed,M,"$1,12,570.00",Suburban,Divorced,$177.00,35,104,2,2,Personal Auto,Personal L3,3,Web,$950.86,SUV,Medsize
ER52041,California,4370.36,No,Extended,College,2024-07-01,Unemployed,M,$0.00,Suburban,Single,$122.00,26,123,0,1,Personal Auto,Personal L3,1,Call Center,$890.24,Four-Door Car,Medsize
CB78049,California,4454.11,No,Extended,College,2024-07-01,Employed,M,"$89,254.00",Rural,Single,$124.00,16,8,4,1,Personal Auto,Personal L2,4,Branch,$241.44,Four-Door Car,Medsize
ZT53375,California,7403.25,No,Basic,Bachelor,2024-07-01,Employed,M,"$1,18,499.00",Urban,Single,$92.00,22,1,0,7,Personal Auto,Personal L2,1,Branch,$347.91,Two-Door Car,Medsize
SC30127,California,12479.88,No,Extended,Doctor,2024-07-01,Medical Leave,F,"$16,309.00",Suburban,Divorced,$111.00,24,24,0,2,Personal Auto,Personal L3,3,Agent,$739.89,Two-Door Car,Medsize
QR57842,California,13974.35,No,Extended,College,2024-07-01,Employed,F,"$99,758.00",Suburban,Married,$174.00,3,42,0,7,Corporate Auto,Corporate L1,4,Branch,"$1,114.31",SUV,Medsize
HU22390,California,7275.82,Yes,Extended,College,2024-07-01,Employed,M,"$89,679.00",Rural,Married,$184.00,47,126,0,1,Corporate Auto,Corporate L3,2,Agent,$77.91,Sports Car,Medsize
CZ62883,California,15361.5,No,Extended,Bachelor,2024-07-01,Employed,F,"$47,053.00",Suburban,Married,$128.00,47,68,0,2,Corporate Auto,Corporate L2,2,Call Center,$615.60,Four-Door Car,Medsize
QE13586,California,8594.4,Yes,Extended,High School or Below,2024-07-01,Employed,M,"$59,897.00",Suburban,Married,$108.00,7,97,0,3,Personal Auto,Personal L2,2,Call Center,$518.40,Two-Door Car,Large
HE85298,California,5918.87,No,Basic,High School or Below,2024-07-01,Employed,F,"$43,567.00",Rural,Married,$149.00,8,7,0,1,Corporate Auto,Corporate L3,2,Branch,$8.56,SUV,Medsize
LI31082,California,17201.49,Yes,Basic,Bachelor,2024-07-01,Employed,F,"$98,623.00",Urban,Married,$143.00,46,49,1,2,Personal Auto,Personal L2,1,Branch,$566.14,SUV,Medsize
MI49191,California,12704.4,No,Premium,Bachelor,2024-07-01,Employed,M,"$1,29,681.00",Suburban,Married,$158.00,8,77,0,3,Corporate Auto,Corporate L1,1,Branch,$758.16,Four-Door Car,Large
EJ77678,Oregon,4367.74,No,Extended,Master,2024-07-02,Employed,F,"$1,02,182.00",Suburban,Married,$108.00,23,59,1,1,Personal Auto,Personal L3,2,Branch,$518.40,Four-Door Car,Small
WC35801,Arizona,3404.2,No,Basic,High School or Below,2024-07-02,Employed,M,"$71,878.00",Rural,Divorced,$89.00,5,20,2,1,Personal Auto,Personal L3,1,Call Center,$212.49,Four-Door Car,Medsize
KP34198,California,4514.23,No,Extended,Bachelor,2024-07-02,Unemployed,F,$0.00,Suburban,Married,$124.00,15,104,0,1,Corporate Auto,Corporate L2,2,Call Center,$714.99,Four-Door Car,Medsize
XA55993,Oregon,4230.23,No,Extended,Master,2024-07-02,Employed,F,"$79,448.00",Rural,Single,$105.00,27,35,0,1,Personal Auto,Personal L3,2,Branch,$194.06,Four-Door Car,Medsize
BU44523,Arizona,10835.61,No,Basic,High School or Below,2024-07-02,Unemployed,F,$0.00,Suburban,Single,$100.00,20,123,0,2,Corporate Auto,Corporate L2,1,Web,$719.28,Four-Door Car,Small
OZ97704,California,17708.65,No,Basic,High School or Below,2024-07-02,Employed,F,"$1,13,820.00",Suburban,Single,$150.00,15,132,4,2,Personal Auto,Personal L3,3,Call Center,$719.28,SUV,Small
BQ51587,California,7306.14,No,Basic,College,2024-07-02,Unemployed,F,$0.00,Suburban,Single,$99.00,1,30,0,5,Personal Auto,Personal L2,2,Call Center,$493.24,Four-Door Car,Medsize
GE87503,California,24585.04,No,Premium,High School or Below,2024-07-02,Employed,M,"$72,482.00",Suburban,Married,$208.00,27,131,0,2,Personal Auto,Personal L3,4,Call Center,$997.92,SUV,Small
JZ61422,Nevada,7117.46,No,Basic,College,2024-07-02,Employed,F,"$1,30,502.00",Suburban,Single,$89.00,3,128,0,3,Personal Auto,Personal L2,1,Agent,$427.68,Four-Door Car,Medsize
OJ90342,Oregon,3317.55,No,Basic,Bachelor,2024-07-02,Employed,F,"$39,806.00",Rural,Married,$84.00,26,99,0,1,Personal Auto,Personal L3,2,Web,$10.32,Four-Door Car,Medsize
EG48956,Washington,5441.99,No,Basic,College,2024-07-02,Unemployed,M,$0.00,Suburban,Married,$85.00,47,80,3,3,Personal Auto,Personal L2,2,Call Center,$863.27,Two-Door Car,Large
TE35785,California,9380.37,No,Basic,Doctor,2024-07-02,Unemployed,M,$0.00,Suburban,Married,$265.00,0,99,2,1,Personal Auto,Personal L3,1,Branch,"$1,805.04",Luxury SUV,Large
LU89008,Arizona,8039.99,No,Extended,College,2024-07-02,Unemployed,F,$0.00,Suburban,Single,$112.00,47,117,0,8,Personal Auto,Personal L3,1,Agent,$847.83,Four-Door Car,Medsize
GM16780,Oregon,48677.67,No,Extended,College,2024-07-02,Employed,M,"$1,21,946.00",Rural,Single,$185.00,0,116,3,2,Corporate Auto,Corporate L3,1,Call Center,$259.32,Sports Car,Medsize
JY90595,Arizona,7463.7,No,Basic,High School or Below,2024-07-02,Medical Leave,M,"$21,657.00",Suburban,Married,$99.00,45,78,0,9,Personal Auto,Personal L3,1,Agent,$473.04,Two-Door Car,Medsize
YE68736,California,10428.53,No,Premium,Bachelor,2024-07-02,Employed,F,"$43,269.00",Suburban,Married,$261.00,5,54,1,1,Personal Auto,Personal L3,1,Call Center,"$1,250.64",SUV,Medsize
SI26888,Nevada,6431.66,No,Basic,High School or Below,2024-07-02,Unemployed,F,$0.00,Suburban,Single,$90.00,24,99,0,8,Personal Auto,Personal L3,1,Web,$547.46,Four-Door Car,Medsize
OX72195,Arizona,2921.22,No,Basic,College,2024-07-02,Unemployed,M,$0.00,Suburban,Single,$85.00,0,101,0,1,Corporate Auto,Corporate L3,2,Branch,$408.24,Two-Door Car,Medsize
FG91922,Arizona,54302.42,No,Basic,Master,2024-07-02,Employed,M,"$65,592.00",Suburban,Married,$150.00,9,19,0,2,Personal Auto,Personal L2,1,Branch,$719.28,SUV,Medsize
KU88219,Arizona,6260.17,No,Basic,Master,2024-07-02,Employed,M,"$34,852.00",Suburban,Single,$161.00,24,85,0,1,Personal Auto,Personal L1,3,Agent,$771.12,Sports Car,Medsize
NE49052,California,8934.32,No,Extended,High School or Below,2024-07-02,Medical Leave,F,"$27,092.00",Urban,Married,$116.00,11,38,0,3,Corporate Auto,Corporate L2,1,Web,$554.87,Four-Door Car,Medsize
TS53809,Oregon,9583.53,No,Basic,Bachelor,2024-07-02,Unemployed,M,$0.00,Suburban,Single,$95.00,24,134,0,2,Personal Auto,Personal L1,1,Agent,$472.21,Two-Door Car,Medsize
NH16984,California,3831.39,No,Extended,Bachelor,2024-07-02,Unemployed,F,$0.00,Urban,Divorced,$108.00,41,11,0,1,Personal Auto,Personal L1,1,Web,$454.29,Four-Door Car,Medsize
FH51383,California,7191.01,No,Basic,High School or Below,2024-07-02,Employed,F,"$1,03,568.00",Urban,Married,$89.00,35,14,0,6,Personal Auto,Personal L3,4,Call Center,$405.71,Two-Door Car,Large
GK72076,Washington,5628.63,No,Premium,Bachelor,2024-07-02,Employed,F,"$47,867.00",Suburban,Single,$142.00,0,126,0,1,Personal Auto,Personal L3,1,Branch,$865.66,Four-Door Car,Small
EL62967,Oregon,3662.44,No,Basic,High School or Below,2024-07-02,Employed,F,"$78,986.00",Rural,Single,$93.00,43,15,0,1,Personal Auto,Personal L3,2,Web,$77.78,Two-Door Car,Medsize
QN62502,Oregon,5182.84,No,Extended,Bachelor,2024-07-02,Employed,F,"$94,697.00",Rural,Married,$130.00,38,88,0,1,Personal Auto,Personal L1,2,Branch,$212.54,Four-Door Car,Medsize
GH54524,California,22914.55,No,Premium,High School or Below,2024-07-02,Employed,M,"$93,821.00",Rural,Married,$192.00,41,42,0,2,Personal Auto,Personal L3,4,Agent,$124.59,SUV,Medsize
QI64880,California,9459.82,No,Basic,Bachelor,2024-07-02,Unemployed,M,$0.00,Suburban,Single,$136.00,16,16,0,6,Corporate Auto,Corporate L3,2,Branch,"$1,314.61",SUV,Medsize
LZ26801,California,11018.13,No,Basic,High School or Below,2024-07-02,Employed,F,"$99,179.00",Rural,Married,$138.00,3,96,1,6,Personal Auto,Personal L1,3,Call Center,$276.40,SUV,Medsize
GB39003,California,8485.16,No,Extended,High School or Below,2024-07-02,Unemployed,M,$0.00,Suburban,Single,$122.00,5,85,0,7,Personal Auto,Personal L3,1,Agent,$583.20,Two-Door Car,Medsize
UY95530,California,11689.47,Yes,Basic,College,2024-07-02,Employed,M,"$84,326.00",Urban,Married,$147.00,31,61,0,4,Personal Auto,Personal L2,2,Agent,$540.25,Sports Car,Medsize
ZU88113,Oregon,8946.69,No,Extended,College,2024-07-02,Employed,M,"$1,22,514.00",Urban,Married,$111.00,3,30,1,8,Personal Auto,Personal L2,1,Agent,$426.37,Two-Door Car,Medsize
NQ42020,Oregon,9885.95,No,Basic,High School or Below,2024-07-02,Employed,M,"$1,09,166.00",Urban,Married,$246.00,7,41,0,1,Personal Auto,Personal L3,3,Agent,$834.58,Luxury SUV,Medsize
WF34690,Oregon,26132.45,No,Basic,Bachelor,2024-07-02,Unemployed,F,$0.00,Suburban,Married,$92.00,27,89,1,2,Personal Auto,Personal L3,1,Branch,$440.64,Four-Door Car,Medsize
TP12241,California,6916.32,No,Basic,College,2024-07-02,Medical Leave,F,"$30,156.00",Urban,Married,$90.00,12,50,1,9,Personal Auto,Personal L3,1,Branch,$415.53,Two-Door Car,Medsize
YU49449,California,3545.48,No,Basic,Bachelor,2024-07-02,Employed,M,"$56,687.00",Suburban,Married,$89.00,31,26,0,1,Personal Auto,Personal L2,1,Agent,$427.68,Four-Door Car,Medsize
FU74983,Nevada,30780.72,No,Extended,Bachelor,2024-07-02,Employed,F,"$92,841.00",Urban,Divorced,$130.00,14,95,0,2,Personal Auto,Personal L3,1,Call Center,$372.96,Four-Door Car,Medsize
EW86465,Arizona,6425.49,No,Basic,High School or Below,2024-07-02,Employed,M,"$36,108.00",Suburban,Married,$82.00,15,59,0,3,Corporate Auto,Corporate L2,3,Web,$545.50,Four-Door Car,Medsize
JV63229,Arizona,9283.02,No,Extended,Bachelor,2024-07-02,Employed,M,"$1,10,642.00",Suburban,Divorced,$116.00,31,103,0,4,Personal Auto,Personal L2,2,Branch,$585.13,Four-Door Car,Medsize
TQ73726,Oregon,10242.91,No,Basic,Bachelor,2024-07-02,Unemployed,M,$0.00,Suburban,Married,$93.00,23,81,0,2,Personal Auto,Personal L3,1,Branch,$622.00,Two-Door Car,Medsize
DR84620,California,10896.3,No,Basic,Bachelor,2024-07-02,Employed,M,"$97,401.00",Rural,Married,$136.00,24,58,0,6,Personal Auto,Personal L2,2,Call Center,$93.57,SUV,Medsize
HS94778,Oregon,15920.72,No,Basic,College,2024-07-02,Employed,F,"$43,489.00",Urban,Married,$135.00,7,8,0,2,Personal Auto,Personal L3,2,Call Center,$400.36,SUV,Medsize
FA82777,Arizona,5624.09,No,Basic,High School or Below,2024-07-02,Unemployed,F,$0.00,Suburban,Single,$86.00,36,43,3,5,Personal Auto,Personal L1,1,Agent,$777.45,Four-Door Car,Small
AL27471,Oregon,5280.01,No,Extended,Doctor,2024-07-02,Employed,M,"$41,608.00",Urban,Married,$131.00,36,80,0,1,Personal Auto,Personal L3,2,Web,$609.28,Four-Door Car,Medsize
KW52227,California,10549.72,No,Basic,Bachelor,2024-07-02,Employed,M,"$70,162.00",Suburban,Married,$89.00,26,30,0,2,Personal Auto,Personal L2,2,Web,$427.68,Four-Door Car,Medsize
YU80673,California,6894.16,No,Basic,College,2024-07-02,Disabled,F,"$40,357.00",Rural,Married,$97.00,12,93,4,3,Personal Auto,Personal L3,3,Agent,$22.29,Four-Door Car,Large
BV69462,Oregon,7576.71,No,Extended,Bachelor,2024-07-02,Unemployed,F,$0.00,Suburban,Single,$107.00,43,3,0,3,Corporate Auto,Corporate L3,1,Branch,$511.92,Two-Door Car,Medsize
RA17555,Oregon,6988.59,No,Basic,High School or Below,2024-07-02,Employed,M,"$56,070.00",Urban,Married,$88.00,3,62,0,9,Corporate Auto,Corporate L2,3,Agent,$314.39,Four-Door Car,Medsize
MP68135,Oregon,8931.35,No,Extended,College,2024-07-02,Employed,M,"$1,22,059.00",Suburban,Married,$112.00,9,66,1,6,Personal Auto,Personal L2,1,Call Center,$537.84,Four-Door Car,Small
GE63585,California,3267.96,No,Basic,Bachelor,2024-07-02,Employed,M,"$42,809.00",Urban,Divorced,$84.00,7,39,0,1,Corporate Auto,Corporate L3,1,Call Center,$269.39,Two-Door Car,Medsize
GL32197,Oregon,6842.16,No,Basic,College,2024-07-02,Employed,M,"$42,491.00",Rural,Married,$86.00,8,4,1,3,Personal Auto,Personal L2,3,Call Center,$31.00,Four-Door Car,Medsize
XX85323,Arizona,10826.81,No,Premium,Master,2024-07-02,Employed,F,"$73,848.00",Suburban,Married,$269.00,7,57,0,1,Personal Auto,Personal L3,4,Agent,"$1,289.52",SUV,Medsize
VN37592,Arizona,3862.17,No,Basic,High School or Below,2024-07-02,Employed,M,"$67,948.00",Suburban,Married,$97.00,3,15,0,1,Personal Auto,Personal L3,2,Branch,$466.56,Four-Door Car,Large
DB79694,Arizona,8072.63,Yes,Extended,High School or Below,2024-07-02,Employed,F,"$77,886.00",Suburban,Divorced,$103.00,22,76,0,3,Corporate Auto,Corporate L3,2,Agent,$738.72,Four-Door Car,Medsize
FR81224,Oregon,7418.08,No,Basic,Master,2024-07-02,Employed,M,"$1,20,427.00",Rural,Married,$92.00,38,116,0,6,Personal Auto,Personal L2,2,Agent,$223.46,Two-Door Car,Medsize
YE45848,California,10835.48,No,Extended,Bachelor,2024-07-02,Employed,F,"$1,18,018.00",Suburban,Married,$134.00,28,8,0,6,Corporate Auto,Corporate L2,1,Branch,$641.52,Two-Door Car,Medsize
WW99844,Oregon,6674.52,No,Basic,High School or Below,2024-07-02,Employed,F,"$72,369.00",Rural,Married,$82.00,5,24,0,9,Personal Auto,Personal L2,3,Web,$126.75,Four-Door Car,Medsize
PU36617,Arizona,8735.22,No,Extended,College,2024-07-02,Employed,M,"$65,661.00",Rural,Married,$111.00,22,39,0,3,Personal Auto,Personal L1,3,Call Center,$247.19,Four-Door Car,Medsize
SD30853,Oregon,17127.66,No,Basic,College,2024-07-02,Employed,F,"$86,289.00",Suburban,Single,$86.00,5,19,0,2,Personal Auto,Personal L1,3,Agent,$414.72,Four-Door Car,Small
FA90076,Oregon,3313.7,No,Basic,Bachelor,2024-07-02,Unemployed,F,$0.00,Suburban,Single,$97.00,34,5,0,1,Personal Auto,Personal L3,2,Branch,$699.84,Two-Door Car,Medsize
RK76184,Arizona,2914.99,No,Basic,College,2024-07-02,Unemployed,M,$0.00,Suburban,Married,$82.00,12,53,0,1,Personal Auto,Personal L3,2,Web,$395.28,Four-Door Car,Medsize
DY17416,Oregon,8142.55,No,Extended,College,2024-07-02,Employed,M,"$66,878.00",Urban,Single,$107.00,20,112,0,5,Personal Auto,Personal L3,2,Agent,$387.37,Two-Door Car,Medsize
OM70085,Oregon,11591.81,No,Extended,Bachelor,2024-07-02,Unemployed,F,$0.00,Suburban,Single,$112.00,39,18,0,2,Personal Auto,Personal L2,2,Agent,$652.83,Four-Door Car,Medsize
KS98084,California,6843.25,No,Basic,Master,2024-07-02,Employed,F,"$67,990.00",Rural,Married,$85.00,32,54,0,8,Personal Auto,Personal L3,3,Agent,$17.21,Four-Door Car,Medsize
ZG90341,Oregon,12360.97,No,Premium,Bachelor,2024-07-02,Employed,M,"$82,620.00",Suburban,Single,$159.00,27,100,0,4,Personal Auto,Personal L2,1,Branch,$764.64,Four-Door Car,Medsize
WB21698,California,5026.2,No,Extended,High School or Below,2024-07-02,Employed,F,"$43,165.00",Urban,Married,$124.00,34,104,0,1,Personal Auto,Personal L3,2,Branch,$523.98,Four-Door Car,Medsize
DC91024,Oregon,21579.11,No,Basic,Bachelor,2024-07-02,Unemployed,M,$0.00,Suburban,Single,$93.00,26,100,0,2,Personal Auto,Personal L3,4,Branch,$447.12,Two-Door Car,Small
No69427,California,3776.86,No,Basic,High School or Below,2024-07-02,Employed,M,"$93,965.00",Rural,Married,$95.00,14,68,0,1,Corporate Auto,Corporate L3,4,Agent,$151.65,Four-Door Car,Medsize
EF52334,Washington,4402.37,No,Extended,Bachelor,2024-07-02,Unemployed,M,$0.00,Suburban,Divorced,$126.00,39,85,0,1,Personal Auto,Personal L1,3,Agent,$903.96,Four-Door Car,Medsize
PC12390,Nevada,7434.66,No,Basic,Master,2024-07-02,Employed,M,"$1,01,196.00",Rural,Single,$93.00,15,59,1,3,Corporate Auto,Corporate L1,1,Call Center,$145.78,Four-Door Car,Medsize
HI36042,California,16046.06,No,Basic,High School or Below,2024-07-02,Unemployed,M,$0.00,Suburban,Married,$142.00,9,27,0,2,Personal Auto,Personal L3,3,Agent,"$1,020.60",SUV,Medsize
AT86990,Arizona,3357.8,No,Basic,Bachelor,2024-07-02,Employed,F,"$38,796.00",Rural,Divorced,$84.00,3,128,0,1,Personal Auto,Personal L2,1,Agent,$110.17,Two-Door Car,Medsize
TL40288,Oregon,18025.96,No,Premium,College,2024-07-02,Unemployed,F,$0.00,Suburban,Married,$161.00,24,88,0,2,Personal Auto,Personal L2,1,Agent,$984.95,Four-Door Car,Medsize
FM31768,Arizona,8072.63,Yes,Extended,High School or Below,2024-07-02,Employed,F,"$77,886.00",Suburban,Divorced,$103.00,22,76,0,3,Personal Auto,Personal L1,2,Agent,$738.72,Four-Door Car,Medsize
BC31913,Arizona,15819.86,No,Basic,Bachelor,2024-07-02,Employed,F,"$99,769.00",Suburban,Married,$99.00,41,53,0,2,Corporate Auto,Corporate L3,2,Web,$593.14,Four-Door Car,Small
IS95398,Nevada,11400.53,No,Basic,Bachelor,2024-07-02,Employed,F,"$1,03,075.00",Urban,Single,$147.00,23,12,2,4,Personal Auto,Personal L2,1,Agent,$677.48,SUV,Small
FB55024,Oregon,4436.33,No,Extended,High School or Below,2024-07-02,Employed,F,"$82,261.00",Suburban,Married,$111.00,20,86,0,1,Personal Auto,Personal L3,2,Call Center,$531.36,Two-Door Car,Large
AC79024,Nevada,7469.86,No,Basic,Bachelor,2024-07-02,Employed,M,"$31,375.00",Suburban,Married,$95.00,15,19,0,9,Personal Auto,Personal L1,2,Agent,$680.40,Two-Door Car,Small
LX33054,Oregon,9124.39,No,Basic,High School or Below,2024-07-02,Unemployed,M,$0.00,Suburban,Single,$258.00,30,51,0,1,Personal Auto,Personal L2,3,Web,"$2,757.47",Luxury Car,Medsize
HY43263,California,11158.26,No,Extended,Bachelor,2024-07-02,Unemployed,F,$0.00,Suburban,Single,$104.00,23,55,0,2,Corporate Auto,Corporate L3,2,Agent,$748.44,Two-Door Car,Small
XT67997,California,8072.63,Yes,Extended,High School or Below,2024-07-02,Employed,F,"$77,886.00",Suburban,Divorced,$103.00,22,76,0,3,Personal Auto,Personal L3,2,Agent,$738.72,Four-Door Car,Medsize
ZT31931,Oregon,14009.45,No,Extended,High School or Below,2024-07-02,Unemployed,M,$0.00,Suburban,Married,$128.00,1,93,0,2,Personal Auto,Personal L2,2,Web,$782.26,Two-Door Car,Medsize
GU18646,Oregon,12598.87,No,Extended,Bachelor,2024-07-02,Employed,M,"$78,309.00",Suburban,Single,$109.00,31,96,0,2,Special Auto,Special L3,1,Agent,$699.77,Two-Door Car,Small
WP23743,California,9830.32,No,Extended,College,2024-07-02,Employed,M,"$64,101.00",Suburban,Married,$126.00,26,61,0,3,Corporate Auto,Corporate L1,2,Branch,$802.14,Four-Door Car,Small
YP79029,California,16901.73,No,Basic,Bachelor,2024-07-02,Employed,M,"$46,142.00",Suburban,Married,$144.00,20,35,0,2,Corporate Auto,Corporate L3,2,Web,"$1,040.04",Sports Car,Medsize
ZD71862,Oregon,25991.6,No,Premium,High School or Below,2024-07-02,Employed,F,"$53,858.00",Urban,Married,$216.00,43,61,0,2,Personal Auto,Personal L3,3,Agent,"$1,033.55",SUV,Small
QV66305,Washington,11359.01,No,Basic,Master,2024-07-02,Employed,F,"$80,768.00",Suburban,Married,$140.00,34,66,0,8,Personal Auto,Personal L1,1,Call Center,$673.92,SUV,Large
AB73565,California,10429.47,No,Extended,Bachelor,2024-07-02,Employed,M,"$1,30,610.00",Suburban,Married,$130.00,18,92,0,9,Personal Auto,Personal L3,2,Branch,$622.08,Two-Door Car,Medsize
RV95842,California,10888.07,No,Extended,College,2024-07-02,Retired,M,"$40,084.00",Suburban,Divorced,$104.00,4,72,0,2,Personal Auto,Personal L2,2,Branch,$606.63,Four-Door Car,Medsize
RJ39700,Oregon,6633.95,No,Basic,Bachelor,2024-07-02,Medical Leave,M,"$13,550.00",Urban,Single,$96.00,19,39,0,3,Personal Auto,Personal L3,1,Call Center,$394.45,Four-Door Car,Medsize
IA87250,Arizona,3538.22,No,Basic,Master,2024-07-02,Employed,F,"$53,025.00",Rural,Divorced,$89.00,39,61,0,1,Personal Auto,Personal L2,4,Branch,$88.55,Four-Door Car,Medsize
KB18303,California,11689.47,Yes,Basic,College,2024-07-02,Employed,M,"$84,326.00",Urban,Married,$147.00,31,61,0,4,Corporate Auto,Corporate L1,2,Agent,$540.25,Sports Car,Medsize
YP27180,California,36827.1,No,Basic,College,2024-07-02,Employed,F,"$1,03,316.00",Rural,Divorced,$161.00,47,12,4,2,Personal Auto,Personal L2,3,Call Center,$343.10,SUV,Medsize
ZF58696,California,17690.6,No,Extended,High School or Below,2024-07-02,Unemployed,M,$0.00,Suburban,Single,$176.00,9,42,0,2,Personal Auto,Personal L3,1,Agent,"$1,931.24",Sports Car,Medsize
CH95772,California,3462.92,No,Basic,College,2024-07-02,Employed,M,"$92,233.00",Urban,Single,$89.00,42,59,0,1,Personal Auto,Personal L2,4,Branch,$267.66,Four-Door Car,Medsize
BF69918,Oregon,7649.73,No,Extended,High School or Below,2024-07-02,Unemployed,M,$0.00,Suburban,Married,$104.00,23,73,0,9,Personal Auto,Personal L2,1,Web,$721.21,Four-Door Car,Medsize
JW45704,California,3116.74,No,Basic,Bachelor,2024-07-02,Unemployed,M,$0.00,Suburban,Married,$86.00,45,132,0,1,Personal Auto,Personal L3,3,Agent,$582.89,Four-Door Car,Medsize
BB21794,Oregon,7283.13,No,Basic,Bachelor,2024-07-02,Employed,F,"$40,302.00",Rural,Single,$93.00,11,49,0,6,Personal Auto,Personal L2,1,Agent,$103.39,Four-Door Car,Medsize
EJ67407,Arizona,10833.09,No,Premium,High School or Below,2024-07-02,Employed,M,"$1,28,508.00",Urban,Divorced,$136.00,8,20,0,3,Corporate Auto,Corporate L2,2,Agent,$426.75,Four-Door Car,Medsize
YO11701,Oregon,10830.63,No,Basic,High School or Below,2024-07-02,Employed,M,"$71,862.00",Suburban,Married,$136.00,31,35,0,3,Personal Auto,Personal L3,4,Call Center,$654.48,SUV,Small
QO26846,Oregon,4535.04,No,Extended,Master,2024-07-02,Medical Leave,F,"$22,803.00",Suburban,Single,$119.00,20,73,0,1,Personal Auto,Personal L3,4,Call Center,$855.36,Four-Door Car,Medsize
VN57368,California,9573.85,No,Basic,High School or Below,2024-07-02,Unemployed,M,$0.00,Suburban,Single,$92.00,18,70,0,2,Corporate Auto,Corporate L1,1,Agent,$660.96,Four-Door Car,Medsize
VW84170,Washington,3805.8,No,Basic,High School or Below,2024-07-02,Employed,F,"$1,18,890.00",Suburban,Married,$95.00,26,80,0,1,Personal Auto,Personal L3,2,Branch,$453.60,Four-Door Car,Small
CM48429,California,31798.43,No,Basic,High School or Below,2024-07-02,Employed,M,"$42,062.00",Urban,Married,$135.00,31,66,0,2,Personal Auto,Personal L3,2,Branch,$600.12,SUV,Medsize
NZ81536,Washington,22559.63,No,Extended,Doctor,2024-07-02,Employed,F,"$98,616.00",Rural,Single,$188.00,4,57,0,2,Personal Auto,Personal L3,1,Branch,$383.99,SUV,Medsize
YX91403,Arizona,3927.89,No,Basic,High School or Below,2024-07-02,Employed,F,"$1,20,074.00",Rural,Single,$97.00,32,49,0,1,Personal Auto,Personal L3,2,Branch,$153.64,Four-Door Car,Medsize
RM70340,Oregon,3361.04,No,Basic,High School or Below,2024-07-02,Unemployed,M,$0.00,Suburban,Single,$100.00,4,86,0,1,Corporate Auto,Corporate L3,2,Branch,$719.28,Four-Door Car,Small
XI84293,Oregon,2620.32,No,Basic,High School or Below,2024-07-02,Unemployed,M,$0.00,Suburban,Single,$89.00,7,54,3,1,Personal Auto,Personal L3,3,Call Center,$641.52,Two-Door Car,Large
MK19833,Arizona,6166.63,No,Basic,College,2024-07-02,Disabled,M,"$20,767.00",Suburban,Married,$82.00,14,49,0,4,Corporate Auto,Corporate L3,4,Web,$395.28,Two-Door Car,Medsize
XJ92660,Nevada,6774.1,No,Basic,Master,2024-07-02,Employed,F,"$1,07,749.00",Rural,Married,$84.00,24,68,0,3,Personal Auto,Personal L2,4,Branch,$42.60,Four-Door Car,Medsize
KW41658,Arizona,3421.31,No,Basic,Bachelor,2024-07-02,Employed,M,"$29,168.00",Suburban,Divorced,$96.00,28,30,3,1,Personal Auto,Personal L3,4,Call Center,$460.08,Four-Door Car,Medsize
LD48189,Nevada,8072.63,Yes,Extended,High School or Below,2024-07-02,Employed,F,"$77,886.00",Suburban,Divorced,$103.00,22,76,0,3,Personal Auto,Personal L2,2,Agent,$738.72,Four-Door Car,Medsize
BL44708,California,16951.89,No,Basic,High School or Below,2024-07-02,Unemployed,F,$0.00,Suburban,Single,$95.00,46,14,0,2,Personal Auto,Personal L2,1,Branch,$680.40,Two-Door Car,Small
EN97874,Oregon,8703.05,No,Extended,High School or Below,2024-07-02,Employed,F,"$74,300.00",Suburban,Married,$108.00,27,119,1,8,Corporate Auto,Corporate L2,3,Agent,$650.46,Four-Door Car,Medsize
VN22337,California,4419.95,No,Extended,College,2024-07-02,Employed,F,"$1,13,223.00",Urban,Married,$109.00,14,31,0,1,Personal Auto,Personal L1,1,Agent,$470.05,Four-Door Car,Medsize
BK76340,California,11176.27,No,Extended,High School or Below,2024-07-02,Disabled,M,"$22,847.00",Suburban,Single,$305.00,31,93,0,1,Personal Auto,Personal L2,1,Branch,"$1,464.48",Luxury SUV,Medsize
DQ50258,California,6499.37,No,Basic,College,2024-07-02,Unemployed,M,$0.00,Suburban,Single,$90.00,23,5,0,4,Personal Auto,Personal L3,2,Agent,$651.24,Four-Door Car,Medsize
QV89210,Nevada,8072.63,Yes,Extended,High School or Below,2024-07-02,Employed,F,"$77,886.00",Suburban,Divorced,$103.00,22,76,0,3,Corporate Auto,Corporate L3,2,Agent,$738.72,Four-Door Car,Medsize
VF17463,Oregon,11689.47,Yes,Basic,College,2024-07-02,Employed,M,"$84,326.00",Urban,Married,$147.00,31,61,0,4,Personal Auto,Personal L3,2,Agent,$540.25,Sports Car,Medsize
EE59791,California,8007.23,No,Basic,High School or Below,2024-07-02,Employed,F,"$76,433.00",Suburban,Married,$100.00,24,32,0,3,Personal Auto,Personal L2,4,Call Center,$479.52,Four-Door Car,Small
BP53979,California,3396.89,No,Basic,Bachelor,2024-07-02,Employed,F,"$65,919.00",Urban,Single,$86.00,31,95,1,1,Personal Auto,Personal L2,1,Agent,$405.42,Four-Door Car,Medsize
CB52667,Washington,7127.3,No,Basic,High School or Below,2024-07-02,Employed,F,"$1,24,995.00",Suburban,Married,$88.00,39,27,0,9,Personal Auto,Personal L3,4,Call Center,$421.20,Four-Door Car,Large
BV63942,Washington,12153.25,No,Premium,High School or Below,2024-07-02,Employed,M,"$1,02,848.00",Suburban,Married,$150.00,31,26,0,3,Corporate Auto,Corporate L3,2,Agent,$719.28,Two-Door Car,Small
JY42899,California,7161.87,No,Basic,Bachelor,2024-07-02,Medical Leave,M,"$35,551.00",Suburban,Single,$96.00,12,127,0,3,Personal Auto,Personal L3,2,Agent,$460.08,Two-Door Car,Medsize
PA19547,Washington,6452.86,No,Basic,High School or Below,2024-07-02,Employed,M,"$73,162.00",Rural,Married,$161.00,12,122,1,1,Personal Auto,Personal L3,1,Agent,$151.56,SUV,Medsize
OR78439,Arizona,11689.47,Yes,Basic,College,2024-07-02,Employed,M,"$84,326.00",Urban,Married,$147.00,31,61,0,4,Corporate Auto,Corporate L3,2,Agent,$540.25,Sports Car,Medsize
AU98438,Arizona,3825.87,No,Basic,Bachelor,2024-07-02,Employed,F,"$1,27,996.00",Rural,Married,$95.00,15,54,0,1,Personal Auto,Personal L3,2,Branch,$163.38,Four-Door Car,Medsize
DZ62350,California,3394.28,No,Basic,High School or Below,2024-07-02,Employed,M,"$33,404.00",Suburban,Divorced,$88.00,1,0,0,1,Personal Auto,Personal L3,4,Call Center,$421.20,Four-Door Car,Medsize
EL44544,Oregon,17562.48,No,Basic,High School or Below,2024-07-02,Employed,F,"$77,748.00",Suburban,Divorced,$89.00,7,100,0,2,Corporate Auto,Corporate L3,1,Agent,$427.68,Four-Door Car,Medsize
QA72881,Oregon,11689.47,Yes,Basic,College,2024-07-02,Employed,M,"$84,326.00",Urban,Married,$147.00,31,61,0,4,Personal Auto,Personal L3,2,Agent,$540.25,Sports Car,Medsize
AD38685,California,11689.47,Yes,Basic,College,2024-07-02,Employed,M,"$84,326.00",Urban,Married,$147.00,31,61,0,4,Personal Auto,Personal L3,2,Agent,$540.25,Sports Car,Medsize
KC67832,California,23345.46,No,Extended,College,2024-07-02,Employed,M,"$1,08,038.00",Rural,Married,$116.00,46,50,0,2,Corporate Auto,Corporate L1,2,Web,$153.93,Four-Door Car,Medsize
EA87824,Arizona,9267.27,No,Extended,College,2024-07-02,Employed,F,"$1,30,723.00",Suburban,Married,$115.00,26,31,0,3,Personal Auto,Personal L2,1,Branch,$550.80,Two-Door Car,Small
OT36536,Oregon,7063.81,No,Basic,Bachelor,2024-07-02,Employed,M,"$56,155.00",Suburban,Married,$89.00,16,16,0,5,Personal Auto,Personal L3,2,Call Center,$427.68,Four-Door Car,Medsize
DE59454,Nevada,3452.74,No,Basic,Bachelor,2024-07-02,Employed,M,"$97,473.00",Suburban,Married,$85.00,16,18,0,1,Corporate Auto,Corporate L3,2,Branch,$612.36,Two-Door Car,Small
LB59405,California,8072.63,Yes,Extended,High School or Below,2024-07-02,Employed,F,"$77,886.00",Suburban,Divorced,$103.00,22,76,0,3,Personal Auto,Personal L2,2,Agent,$738.72,Four-Door Car,Medsize
EC22495,Oregon,4246.37,No,Extended,High School or Below,2024-07-02,Employed,M,"$70,311.00",Suburban,Married,$107.00,3,63,0,1,Personal Auto,Personal L3,4,Branch,$511.92,Four-Door Car,Small
LX77880,Oregon,6555.29,No,Basic,Bachelor,2024-07-02,Employed,F,"$32,601.00",Suburban,Married,$82.00,20,14,0,3,Personal Auto,Personal L1,1,Agent,$395.28,Four-Door Car,Small
IA85970,California,10934.28,No,Basic,Bachelor,2024-07-02,Unemployed,F,$0.00,Urban,Divorced,$151.00,26,57,0,6,Personal Auto,Personal L3,1,Branch,$592.40,SUV,Medsize
BK47926,California,8606.36,No,Extended,High School or Below,2024-07-02,Employed,M,"$1,32,459.00",Suburban,Single,$112.00,38,92,3,3,Personal Auto,Personal L3,2,Branch,$537.84,Four-Door Car,Small
WO42164,Oregon,8728.05,No,Extended,High School or Below,2024-07-02,Unemployed,M,$0.00,Suburban,Single,$124.00,12,32,0,3,Personal Auto,Personal L3,1,Call Center,$894.24,Four-Door Car,Medsize
FH22095,California,3403.11,No,Basic,College,2024-07-02,Employed,M,"$53,159.00",Suburban,Married,$86.00,9,72,0,1,Corporate Auto,Corporate L3,2,Branch,$414.72,Two-Door Car,Small
VZ61940,Nevada,3602.79,No,Basic,Doctor,2024-07-02,Employed,F,"$70,664.00",Urban,Married,$89.00,5,9,0,1,Personal Auto,Personal L3,3,Agent,$246.52,Four-Door Car,Small
YX96463,Oregon,8001.42,No,Basic,Bachelor,2024-07-02,Employed,F,"$79,290.00",Suburban,Married,$100.00,35,57,0,9,Corporate Auto,Corporate L2,2,Call Center,$479.52,Four-Door Car,Small
OL72669,Arizona,13544.93,No,Premium,Bachelor,2024-07-02,Unemployed,M,$0.00,Suburban,Single,$197.00,7,113,0,3,Corporate Auto,Corporate L3,1,Call Center,"$1,896.54",SUV,Medsize
SR26762,California,10345.74,No,Basic,Bachelor,2024-07-02,Employed,F,"$47,030.00",Rural,Married,$85.00,43,36,0,2,Personal Auto,Personal L1,1,Agent,$98.32,Four-Door Car,Medsize
EJ77557,California,9847.69,No,Extended,High School or Below,2024-07-02,Employed,M,"$1,03,149.00",Suburban,Married,$123.00,30,115,0,9,Personal Auto,Personal L2,1,Agent,$589.68,Four-Door Car,Medsize
BE25221,Arizona,8346.54,No,Extended,High School or Below,2024-07-02,Medical Leave,M,"$27,097.00",Suburban,Married,$111.00,47,69,0,9,Corporate Auto,Corporate L3,1,Agent,$638.91,Four-Door Car,Medsize
LW11571,California,3631.59,No,Basic,Bachelor,2024-07-02,Employed,M,"$1,17,873.00",Suburban,Divorced,$90.00,5,7,0,1,Personal Auto,Personal L1,2,Agent,$434.16,Four-Door Car,Small
EW68125,California,6601.18,No,Basic,Bachelor,2024-07-02,Employed,F,"$63,206.00",Urban,Divorced,$84.00,20,0,0,5,Personal Auto,Personal L2,1,Agent,$213.29,Four-Door Car,Large
QJ31447,California,26107.92,No,Basic,Master,2024-07-02,Employed,M,"$30,486.00",Suburban,Married,$82.00,0,100,0,2,Personal Auto,Personal L1,2,Web,$395.28,Four-Door Car,Medsize
OL28568,California,11779.15,No,Premium,Bachelor,2024-07-02,Employed,M,"$94,192.00",Suburban,Single,$151.00,23,51,0,9,Personal Auto,Personal L2,3,Branch,$725.76,Four-Door Car,Medsize
HV75193,California,3869.9,No,Basic,Master,2024-07-02,Disabled,F,"$36,347.00",Urban,Married,$99.00,16,108,0,1,Personal Auto,Personal L2,1,Call Center,$353.82,Four-Door Car,Medsize
JK16503,California,6637.15,No,Basic,High School or Below,2024-07-02,Unemployed,M,$0.00,Suburban,Married,$90.00,23,28,0,4,Personal Auto,Personal L1,1,Branch,$434.16,Two-Door Car,Medsize
WG29557,California,6841.14,No,Basic,Master,2024-07-02,Employed,M,"$1,01,141.00",Urban,Married,$85.00,14,42,0,9,Personal Auto,Personal L2,2,Branch,$278.43,Four-Door Car,Medsize
IJ25462,California,3841.45,No,Basic,Bachelor,2024-07-02,Employed,M,"$1,16,952.00",Suburban,Divorced,$99.00,9,59,1,1,Personal Auto,Personal L2,3,Agent,$541.12,Four-Door Car,Small
KY38074,California,18753.84,No,Premium,Bachelor,2024-08-01,Employed,M,"$57,112.00",Suburban,Married,$158.00,14,84,0,2,Personal Auto,Personal L3,1,Agent,$758.16,Four-Door Car,Small
MC62068,California,9839.99,No,Extended,High School or Below,2024-08-01,Employed,M,"$1,07,317.00",Urban,Married,$123.00,26,41,0,3,Personal Auto,Personal L2,4,Agent,$535.00,Four-Door Car,Large
ZW84453,Arizona,6906.92,No,Basic,Bachelor,2024-08-01,Unemployed,F,$0.00,Rural,Married,$95.00,1,15,0,5,Personal Auto,Personal L2,1,Web,$177.39,Four-Door Car,Medsize
BI76326,California,16571.71,No,Premium,College,2024-08-01,Employed,F,"$70,382.00",Urban,Single,$211.00,8,116,0,9,Personal Auto,Personal L3,2,Call Center,$581.18,SUV,Small
AP98768,California,14097.3,No,Extended,College,2024-08-01,Unemployed,F,$0.00,Suburban,Single,$132.00,12,68,0,2,Personal Auto,Personal L1,1,Agent,"$1,271.32",Four-Door Car,Small
DW19309,Oregon,19205.78,No,Premium,High School or Below,2024-08-01,Employed,M,"$88,730.00",Suburban,Married,$239.00,47,122,0,7,Corporate Auto,Corporate L1,1,Agent,"$1,146.96",SUV,Medsize
TT82373,California,14765.19,No,Extended,Bachelor,2024-08-01,Employed,F,"$28,958.00",Suburban,Married,$186.00,20,47,0,4,Personal Auto,Personal L2,1,Branch,"$1,266.99",Sports Car,Medsize
VP57424,Nevada,9445.96,No,Extended,Bachelor,2024-08-01,Employed,F,"$75,429.00",Urban,Married,$119.00,41,26,0,6,Personal Auto,Personal L2,2,Agent,$404.13,Four-Door Car,Small
CQ75652,Oregon,11261.19,No,Premium,College,2024-08-01,Unemployed,M,$0.00,Suburban,Divorced,$159.00,20,104,0,4,Personal Auto,Personal L2,1,Agent,$764.64,Four-Door Car,Medsize
TK60799,Arizona,5616.02,No,Basic,High School or Below,2024-08-01,Employed,F,"$1,29,955.00",Rural,Married,$139.00,7,7,0,1,Personal Auto,Personal L3,2,Agent,$2.60,SUV,Small
XR87264,California,5914.6,No,Premium,Bachelor,2024-08-01,Employed,F,"$27,806.00",Suburban,Married,$151.00,42,62,0,1,Personal Auto,Personal L2,2,Agent,$830.60,Four-Door Car,Medsize
WL65572,California,2787.02,No,Basic,College,2024-08-01,Unemployed,M,$0.00,Suburban,Single,$82.00,8,41,0,1,Personal Auto,Personal L3,2,Agent,$395.28,Four-Door Car,Medsize
DE28132,Oregon,6409.44,No,Extended,College,2024-08-01,Employed,M,"$56,923.00",Suburban,Single,$166.00,30,89,0,1,Corporate Auto,Corporate L3,1,Branch,"$1,079.56",SUV,Large
QD31377,California,11604.15,No,Basic,Bachelor,2024-08-01,Employed,M,"$46,738.00",Suburban,Married,$146.00,28,43,1,8,Corporate Auto,Corporate L3,1,Branch,$838.98,SUV,Medsize
EG40670,California,8414.13,No,Extended,Bachelor,2024-08-01,Disabled,F,"$38,251.00",Suburban,Single,$112.00,4,59,0,7,Special Auto,Special L3,1,Agent,$725.98,Four-Door Car,Medsize
VG57728,California,3634.28,No,Basic,High School or Below,2024-08-01,Employed,M,"$1,25,001.00",Rural,Single,$92.00,5,72,0,1,Corporate Auto,Corporate L3,1,Agent,$11.40,Four-Door Car,Medsize
DP26592,Oregon,3399.45,No,Basic,High School or Below,2024-08-01,Employed,M,"$1,16,933.00",Urban,Single,$85.00,12,14,0,1,Personal Auto,Personal L3,3,Agent,$254.24,Four-Door Car,Medsize
AG22225,Oregon,9371.57,No,Extended,High School or Below,2024-08-01,Unemployed,M,$0.00,Suburban,Married,$130.00,28,24,0,3,Personal Auto,Personal L3,2,Call Center,$622.08,Four-Door Car,Small
LS98306,Nevada,18790.02,No,Premium,High School or Below,2024-08-01,Employed,M,"$86,553.00",Suburban,Divorced,$158.00,32,43,0,2,Special Auto,Special L3,1,Agent,$758.16,Four-Door Car,Medsize
EP93369,Arizona,11489.21,No,Extended,College,2024-08-01,Unemployed,F,$0.00,Suburban,Single,$163.00,7,127,0,8,Personal Auto,Personal L2,2,Branch,"$1,176.12",Sports Car,Medsize
TD20252,Arizona,7179.04,No,Basic,College,2024-08-01,Employed,M,"$1,00,024.00",Suburban,Married,$90.00,23,97,0,3,Personal Auto,Personal L2,2,Agent,$434.16,Four-Door Car,Medsize
JU19953,California,11638.58,No,Basic,Master,2024-08-01,Employed,F,"$1,10,628.00",Urban,Married,$96.00,16,105,0,2,Personal Auto,Personal L3,3,Branch,$275.39,Two-Door Car,Medsize
OJ33945,Oregon,11735.06,No,Basic,High School or Below,2024-08-01,Employed,F,"$1,31,987.00",Rural,Divorced,$97.00,30,19,0,2,Personal Auto,Personal L1,3,Agent,$204.99,Two-Door Car,Medsize
DX98298,Washington,5510.93,No,Basic,High School or Below,2024-08-01,Employed,M,"$77,633.00",Suburban,Married,$138.00,32,58,0,1,Personal Auto,Personal L1,4,Agent,$830.58,Sports Car,Small
EZ74530,Nevada,4150.04,No,Basic,High School or Below,2024-08-01,Unemployed,M,$0.00,Suburban,Single,$140.00,34,45,3,1,Personal Auto,Personal L2,1,Web,"$1,010.88",Sports Car,Medsize
WY57101,Arizona,5419.51,Yes,Extended,Doctor,2024-08-01,Employed,F,"$50,468.00",Suburban,Married,$134.00,12,23,0,1,Personal Auto,Personal L3,2,Agent,$641.52,Four-Door Car,Medsize
EV53200,Nevada,29030.86,No,Basic,College,2024-08-01,Employed,M,"$81,308.00",Urban,Divorced,$151.00,31,38,1,2,Personal Auto,Personal L2,1,Agent,$386.24,SUV,Medsize
PF40592,Washington,6672.55,No,Basic,College,2024-08-01,Medical Leave,F,"$31,435.00",Rural,Married,$88.00,41,30,0,7,Personal Auto,Personal L2,2,Web,$159.90,Two-Door Car,Medsize
ID45268,California,8109.4,No,Extended,College,2024-08-01,Unemployed,F,$0.00,Suburban,Married,$108.00,7,14,0,8,Personal Auto,Personal L3,2,Web,$660.03,Four-Door Car,Medsize
TG69238,Oregon,17763.8,No,Basic,Bachelor,2024-08-01,Employed,F,"$98,341.00",Urban,Married,$146.00,18,38,0,2,Personal Auto,Personal L2,1,Call Center,$625.05,SUV,Small
GV59387,California,7584.96,No,Basic,College,2024-08-01,Medical Leave,F,"$33,099.00",Urban,Married,$100.00,31,84,0,3,Personal Auto,Personal L2,1,Call Center,$326.24,Two-Door Car,Large
QO54008,Oregon,18116.18,No,Extended,Master,2024-08-01,Unemployed,M,$0.00,Suburban,Divorced,$165.00,20,15,0,2,Personal Auto,Personal L3,1,Call Center,"$1,117.51",SUV,Small
CI68869,Arizona,2563.22,No,Basic,College,2024-08-01,Unemployed,F,$0.00,Suburban,Single,$95.00,23,27,5,1,Personal Auto,Personal L3,3,Agent,$947.73,Two-Door Car,Small
WG91434,Oregon,13011.39,No,Basic,High School or Below,2024-08-01,Employed,M,"$47,561.00",Rural,Married,$82.00,36,3,1,2,Personal Auto,Personal L1,1,Call Center,$21.89,Four-Door Car,Medsize
EW13798,California,5419.51,Yes,Extended,Doctor,2024-08-01,Employed,F,"$50,468.00",Suburban,Married,$134.00,12,23,0,1,Personal Auto,Personal L3,2,Agent,$641.52,Four-Door Car,Medsize
FY82691,California,8431.53,No,Extended,College,2024-08-01,Employed,F,"$53,471.00",Rural,Married,$105.00,19,20,1,7,Corporate Auto,Corporate L3,2,Agent,$31.00,Four-Door Car,Medsize
UF84144,Washington,4471.64,No,Extended,College,2024-08-01,Employed,M,"$35,485.00",Suburban,Married,$113.00,9,1,0,1,Corporate Auto,Corporate L2,3,Call Center,$544.32,Four-Door Car,Medsize
YK16362,Arizona,13788.89,No,Extended,Bachelor,2024-08-01,Employed,F,"$81,105.00",Rural,Married,$171.00,31,81,0,3,Corporate Auto,Corporate L1,3,Branch,$190.11,SUV,Medsize
WF50693,Oregon,6528.9,No,Extended,High School or Below,2024-08-01,Disabled,M,"$22,208.00",Suburban,Married,$173.00,8,109,0,1,Corporate Auto,Corporate L3,1,Branch,"$1,176.50",SUV,Medsize
MX80067,California,3387.51,No,Basic,High School or Below,2024-08-01,Employed,M,"$99,961.00",Suburban,Single,$86.00,31,112,0,1,Personal Auto,Personal L3,3,Web,$414.72,Four-Door Car,Medsize
TV53243,Arizona,3580.29,No,Basic,College,2024-08-01,Employed,F,"$66,994.00",Urban,Married,$89.00,39,12,0,1,Corporate Auto,Corporate L1,3,Agent,$353.09,Two-Door Car,Medsize
KX75698,Oregon,7497.25,No,Extended,High School or Below,2024-08-01,Employed,M,"$1,30,392.00",Suburban,Married,$186.00,42,134,0,1,Personal Auto,Personal L3,2,Agent,"$1,011.48",SUV,Medsize
DL20327,Oregon,10308,No,Basic,College,2024-08-01,Employed,F,"$73,628.00",Urban,Married,$85.00,7,100,0,2,Personal Auto,Personal L2,3,Agent,$388.06,Four-Door Car,Medsize
JN69287,California,4697.68,No,Extended,High School or Below,2024-08-01,Employed,M,"$47,295.00",Suburban,Married,$117.00,35,72,0,1,Personal Auto,Personal L2,1,Agent,$662.36,Two-Door Car,Small
JY97451,California,3553.03,No,Basic,College,2024-08-01,Disabled,F,"$22,918.00",Urban,Married,$93.00,31,73,0,1,Personal Auto,Personal L3,1,Agent,$322.59,Four-Door Car,Medsize
SJ87277,Arizona,3625.33,No,Basic,High School or Below,2024-08-01,Employed,M,"$1,01,694.00",Rural,Married,$90.00,20,23,0,1,Corporate Auto,Corporate L2,3,Branch,$61.97,Four-Door Car,Large
GT66241,California,3259,No,Basic,High School or Below,2024-08-01,Unemployed,M,$0.00,Suburban,Single,$96.00,34,41,0,1,Personal Auto,Personal L3,2,Call Center,$690.12,Four-Door Car,Medsize
FX80133,California,6178.63,No,Premium,Master,2024-08-01,Employed,F,"$65,568.00",Urban,Married,$154.00,0,19,0,1,Personal Auto,Personal L3,1,Agent,$586.92,Four-Door Car,Medsize
CL79250,Nevada,71295.51,No,Basic,Bachelor,2024-08-01,Unemployed,M,$0.00,Suburban,Married,$246.00,11,95,0,2,Corporate Auto,Corporate L2,2,Agent,"$1,179.36",Luxury Car,Small
WO64354,California,3714.34,No,Basic,Bachelor,2024-08-01,Employed,F,"$57,490.00",Urban,Married,$93.00,22,59,0,1,Personal Auto,Personal L1,1,Agent,$389.20,Two-Door Car,Medsize
PR51268,Arizona,5419.51,Yes,Extended,Doctor,2024-08-01,Employed,F,"$50,468.00",Suburban,Married,$134.00,12,23,0,1,Personal Auto,Personal L3,2,Agent,$641.52,Four-Door Car,Medsize
MV89967,Oregon,31241.9,No,Premium,College,2024-08-01,Unemployed,F,$0.00,Suburban,Single,$142.00,22,22,0,2,Personal Auto,Personal L2,1,Agent,$762.68,Four-Door Car,Medsize
SQ18525,Arizona,11417.57,No,Basic,College,2024-08-01,Employed,F,"$35,131.00",Rural,Married,$97.00,35,45,1,2,Personal Auto,Personal L3,1,Branch,$107.28,Four-Door Car,Medsize
LE41874,Nevada,6939.15,No,Extended,High School or Below,2024-08-01,Unemployed,F,$0.00,Suburban,Married,$186.00,30,24,0,1,Corporate Auto,Corporate L3,1,Agent,"$1,215.83",SUV,Small
MM49431,Washington,9853.09,No,Basic,Bachelor,2024-08-01,Employed,M,"$99,993.00",Urban,Divorced,$85.00,45,109,2,2,Personal Auto,Personal L3,1,Agent,$371.95,Two-Door Car,Medsize
UL80763,Oregon,5419.51,Yes,Extended,Doctor,2024-08-01,Employed,F,"$50,468.00",Suburban,Married,$134.00,12,23,0,1,Personal Auto,Personal L2,2,Agent,$641.52,Four-Door Car,Medsize
AQ70619,California,17612.98,No,Basic,High School or Below,2024-08-01,Employed,M,"$95,882.00",Urban,Married,$88.00,35,130,1,2,Corporate Auto,Corporate L3,1,Agent,$359.96,Four-Door Car,Medsize
DC78147,Arizona,18532.53,Yes,Extended,College,2024-08-01,Unemployed,M,$0.00,Suburban,Single,$170.00,16,5,0,2,Personal Auto,Personal L2,1,Agent,$816.48,SUV,Medsize
KB75939,Oregon,12718.49,No,Extended,Bachelor,2024-08-01,Disabled,F,"$31,130.00",Rural,Divorced,$170.00,41,89,0,3,Corporate Auto,Corporate L3,3,Branch,$129.39,Sports Car,Medsize
WQ89892,Washington,3520.55,No,Basic,College,2024-08-01,Unemployed,F,$0.00,Suburban,Married,$95.00,35,59,1,1,Special Auto,Special L1,2,Branch,$453.60,Two-Door Car,Medsize
KL29678,Oregon,11643.64,No,Basic,Master,2024-08-01,Employed,F,"$58,874.00",Suburban,Married,$143.00,22,81,0,5,Personal Auto,Personal L3,2,Agent,$686.88,Sports Car,Medsize
PQ27923,Washington,8549.59,No,Extended,Master,2024-08-01,Employed,M,"$96,845.00",Urban,Divorced,$107.00,9,107,0,4,Personal Auto,Personal L2,3,Agent,$457.37,Two-Door Car,Medsize
GC29421,California,3981.53,No,Basic,High School or Below,2024-08-01,Employed,F,"$1,06,105.00",Rural,Divorced,$99.00,15,0,0,1,Personal Auto,Personal L3,3,Call Center,$143.46,Four-Door Car,Medsize
JF90784,California,26086.37,No,Extended,High School or Below,2024-08-01,Unemployed,F,$0.00,Suburban,Divorced,$188.00,32,4,1,2,Personal Auto,Personal L2,1,Branch,"$1,875.34",SUV,Small
CH50339,Arizona,3405.05,No,Basic,Master,2024-08-01,Unemployed,F,$0.00,Suburban,Married,$93.00,24,86,1,1,Corporate Auto,Corporate L2,4,Call Center,$634.87,Four-Door Car,Small
XG14438,Arizona,18532.53,Yes,Extended,College,2024-08-01,Unemployed,M,$0.00,Suburban,Single,$170.00,16,5,0,2,Personal Auto,Personal L3,1,Agent,$816.48,SUV,Medsize
GW52309,Nevada,12309.5,No,Basic,High School or Below,2024-08-01,Employed,F,"$76,202.00",Suburban,Married,$154.00,3,11,0,3,Personal Auto,Personal L3,1,Branch,$738.72,SUV,Medsize
UF93725,Oregon,3023.52,No,Basic,Bachelor,2024-08-01,Unemployed,M,$0.00,Suburban,Single,$89.00,3,103,0,1,Personal Auto,Personal L2,4,Web,$641.52,Four-Door Car,Small
IV32877,Oregon,9257.65,No,Basic,Bachelor,2024-08-01,Unemployed,M,$0.00,Suburban,Single,$136.00,42,1,0,3,Personal Auto,Personal L1,4,Web,"$1,379.32",SUV,Medsize
FN67085,California,3357.93,No,Basic,College,2024-08-01,Employed,M,"$30,147.00",Rural,Divorced,$86.00,15,16,0,1,Corporate Auto,Corporate L3,2,Web,$82.63,Four-Door Car,Medsize
LZ81665,Washington,13034.85,No,Basic,High School or Below,2024-08-01,Unemployed,M,$0.00,Suburban,Single,$135.00,41,5,2,2,Personal Auto,Personal L2,2,Call Center,$972.00,SUV,Medsize
No74162,Arizona,10253.7,No,Basic,High School or Below,2024-08-01,Retired,M,"$27,726.00",Suburban,Divorced,$140.00,34,86,0,7,Personal Auto,Personal L1,1,Agent,$673.92,SUV,Small
NF82527,Arizona,3552.61,No,Basic,Bachelor,2024-08-01,Unemployed,M,$0.00,Suburban,Married,$96.00,15,92,0,1,Personal Auto,Personal L3,2,Call Center,$460.08,Two-Door Car,Large
YW72997,Arizona,9715.57,No,Basic,High School or Below,2024-08-01,Unemployed,M,$0.00,Suburban,Single,$144.00,30,130,0,4,Personal Auto,Personal L2,4,Web,"$1,040.04",SUV,Medsize
WL72919,California,6716.08,No,Basic,College,2024-08-01,Employed,F,"$64,988.00",Suburban,Single,$85.00,12,55,0,9,Personal Auto,Personal L1,3,Call Center,$444.82,Four-Door Car,Medsize
YE64125,Oregon,3576.43,No,Basic,College,2024-08-01,Employed,F,"$48,982.00",Urban,Divorced,$92.00,19,85,1,1,Personal Auto,Personal L2,1,Call Center,$393.40,Four-Door Car,Medsize
KP83069,California,9836.31,No,Basic,High School or Below,2024-08-01,Unemployed,F,$0.00,Suburban,Single,$93.00,5,112,1,2,Personal Auto,Personal L3,2,Branch,$904.12,Four-Door Car,Small
DI19952,Arizona,12193.7,No,Extended,Bachelor,2024-08-01,Unemployed,F,$0.00,Rural,Married,$111.00,32,28,0,2,Personal Auto,Personal L1,1,Branch,$212.23,Four-Door Car,Medsize
ZR66788,California,3679.67,No,Basic,High School or Below,2024-08-01,Employed,F,"$52,867.00",Suburban,Married,$96.00,11,113,3,1,Personal Auto,Personal L3,1,Branch,$460.08,Four-Door Car,Medsize
VT44999,Arizona,5209.47,No,Basic,High School or Below,2024-08-01,Unemployed,F,$0.00,Suburban,Married,$144.00,20,78,1,1,Personal Auto,Personal L3,3,Agent,$693.36,SUV,Medsize
IC82877,Arizona,18942.8,No,Basic,Bachelor,2024-08-01,Employed,M,"$78,424.00",Urban,Married,$97.00,9,76,1,2,Personal Auto,Personal L2,2,Branch,$273.03,Two-Door Car,Medsize
XA21742,California,36543.82,No,Extended,Bachelor,2024-08-01,Employed,F,"$30,989.00",Suburban,Single,$124.00,8,31,3,2,Personal Auto,Personal L3,3,Branch,$596.16,Four-Door Car,Small
VK94354,Oregon,12500.62,No,Extended,Master,2024-08-01,Unemployed,M,$0.00,Rural,Married,$171.00,15,116,0,3,Special Auto,Special L2,1,Call Center,$30.35,SUV,Small
FY86121,Oregon,11120.46,No,Basic,College,2024-08-01,Employed,M,"$95,691.00",Rural,Married,$93.00,27,68,0,2,Personal Auto,Personal L3,1,Agent,$167.91,Four-Door Car,Medsize
NK16909,Oregon,11055.04,No,Basic,Doctor,2024-08-01,Employed,M,"$61,179.00",Suburban,Married,$139.00,23,36,0,8,Personal Auto,Personal L2,2,Call Center,$667.44,SUV,Large
AT13963,Washington,21417.97,No,Extended,Master,2024-08-01,Employed,F,"$59,327.00",Urban,Divorced,$180.00,18,112,0,2,Corporate Auto,Corporate L2,2,Call Center,$561.58,Sports Car,Medsize
IS48950,California,11725.99,No,Basic,College,2024-08-01,Employed,M,"$1,18,184.00",Suburban,Married,$147.00,38,124,1,3,Corporate Auto,Corporate L1,2,Branch,$706.32,SUV,Small
TN54884,California,20158.33,No,Basic,College,2024-08-01,Employed,F,"$52,716.00",Urban,Married,$85.00,41,46,0,2,Personal Auto,Personal L2,2,Agent,$397.92,Two-Door Car,Medsize
CP87192,California,8262.25,No,Extended,College,2024-08-01,Medical Leave,F,"$32,188.00",Urban,Married,$107.00,1,57,0,5,Personal Auto,Personal L3,3,Branch,$465.34,Four-Door Car,Medsize
FK28721,Oregon,10414.78,No,Basic,High School or Below,2024-08-01,Unemployed,M,$0.00,Suburban,Single,$100.00,45,32,0,2,Corporate Auto,Corporate L2,3,Agent,$719.28,Two-Door Car,Medsize
GV35061,Oregon,30407,No,Basic,High School or Below,2024-08-01,Employed,M,"$93,617.00",Urban,Married,$85.00,36,57,1,2,Special Auto,Special L3,2,Branch,$332.48,Two-Door Car,Medsize
IL12516,Oregon,3766.16,No,Basic,Bachelor,2024-08-01,Medical Leave,F,"$20,944.00",Suburban,Married,$100.00,27,32,0,1,Corporate Auto,Corporate L2,4,Web,$479.52,Four-Door Car,Medsize
EL82767,Arizona,5025.2,No,Basic,College,2024-08-01,Unemployed,F,$0.00,Suburban,Married,$147.00,34,82,2,1,Personal Auto,Personal L3,3,Agent,$706.32,SUV,Medsize
XB64207,Arizona,5558.58,No,Basic,Bachelor,2024-08-01,Employed,F,"$1,16,236.00",Urban,Married,$138.00,5,99,0,1,Personal Auto,Personal L1,1,Agent,$465.39,SUV,Medsize
JK74110,California,5373.57,No,Extended,High School or Below,2024-08-01,Employed,M,"$1,32,750.00",Urban,Married,$134.00,22,93,1,1,Personal Auto,Personal L3,1,Branch,$619.72,Four-Door Car,Medsize
IR73545,Oregon,18532.53,Yes,Extended,College,2024-08-01,Unemployed,M,$0.00,Suburban,Single,$170.00,16,5,0,2,Personal Auto,Personal L2,1,Agent,$816.48,SUV,Medsize
UG72692,Oregon,3210.42,No,Basic,Bachelor,2024-08-01,Unemployed,M,$0.00,Suburban,Single,$95.00,47,100,0,1,Personal Auto,Personal L3,1,Branch,$991.00,Four-Door Car,Small
CV63337,Oregon,4723.84,No,Extended,Bachelor,2024-08-01,Employed,F,"$50,319.00",Suburban,Divorced,$119.00,14,117,0,1,Personal Auto,Personal L3,1,Branch,$570.24,Two-Door Car,Large
AP89323,Nevada,3683.94,No,Basic,College,2024-08-01,Employed,F,"$54,697.00",Suburban,Divorced,$95.00,12,101,0,1,Personal Auto,Personal L2,3,Agent,$453.60,Four-Door Car,Small
DA10870,Arizona,8491.23,No,Extended,Bachelor,2024-08-01,Employed,M,"$54,911.00",Suburban,Married,$109.00,41,20,2,5,Personal Auto,Personal L2,1,Call Center,$761.03,Four-Door Car,Small
YK36937,Washington,7817.87,No,Basic,College,2024-08-01,Employed,M,"$45,629.00",Suburban,Married,$100.00,11,63,1,3,Personal Auto,Personal L3,3,Agent,$479.52,Four-Door Car,Medsize
ZB54635,California,3408.27,No,Basic,Bachelor,2024-08-01,Unemployed,F,$0.00,Suburban,Married,$92.00,15,109,3,1,Personal Auto,Personal L1,1,Agent,$522.42,Two-Door Car,Small
TQ85537,Washington,4023.63,No,Basic,College,2024-08-01,Employed,M,"$98,103.00",Urban,Married,$100.00,39,53,0,1,Personal Auto,Personal L3,4,Agent,$449.24,Four-Door Car,Medsize
HA56608,California,18532.53,Yes,Extended,College,2024-08-01,Unemployed,M,$0.00,Suburban,Single,$170.00,16,5,0,2,Special Auto,Special L3,1,Agent,$816.48,SUV,Medsize
CW63533,California,3332.4,No,Basic,Bachelor,2024-08-01,Employed,M,"$88,933.00",Rural,Married,$85.00,1,70,1,1,Personal Auto,Personal L2,2,Agent,$59.89,Two-Door Car,Medsize
FY27460,California,5785.53,No,Basic,College,2024-08-01,Employed,M,"$64,561.00",Suburban,Married,$146.00,35,96,0,1,Personal Auto,Personal L3,2,Agent,$699.84,Sports Car,Medsize
RC67125,Arizona,13649.8,No,Extended,College,2024-08-01,Employed,F,"$1,30,283.00",Urban,Married,$167.00,5,30,0,3,Corporate Auto,Corporate L3,3,Agent,$681.09,SUV,Medsize
EC71857,Washington,3284.49,No,Basic,Doctor,2024-08-01,Employed,F,"$38,501.00",Rural,Married,$82.00,12,127,0,1,Personal Auto,Personal L2,2,Agent,$151.02,Four-Door Car,Medsize
FI11096,Arizona,9887.79,No,Basic,High School or Below,2024-08-01,Unemployed,F,$0.00,Suburban,Single,$140.00,14,100,0,7,Special Auto,Special L1,2,Branch,"$1,504.03",SUV,Small
KW84736,California,3633.66,No,Basic,College,2024-08-01,Employed,M,"$44,690.00",Suburban,Married,$95.00,14,31,1,1,Personal Auto,Personal L3,2,Agent,$453.60,Two-Door Car,Small
VY30333,Nevada,8311.09,No,Extended,College,2024-08-01,Employed,M,"$1,06,412.00",Urban,Divorced,$104.00,14,16,0,6,Personal Auto,Personal L3,1,Agent,$361.39,Four-Door Car,Medsize
ZN71189,Oregon,5419.51,Yes,Extended,Doctor,2024-08-01,Employed,F,"$50,468.00",Suburban,Married,$134.00,12,23,0,1,Personal Auto,Personal L3,2,Agent,$641.52,Four-Door Car,Medsize
QL46987,Oregon,12261.83,No,Premium,Bachelor,2024-08-01,Employed,F,"$46,481.00",Rural,Divorced,$158.00,22,69,0,8,Personal Auto,Personal L3,1,Branch,$314.38,Four-Door Car,Medsize
FP34904,Oregon,3936.08,No,Basic,College,2024-08-01,Employed,M,"$1,16,909.00",Suburban,Married,$99.00,43,120,0,1,Corporate Auto,Corporate L1,2,Web,$473.04,Four-Door Car,Medsize
QV86635,California,10027.13,No,Extended,Bachelor,2024-08-01,Employed,M,"$38,945.00",Urban,Single,$130.00,30,73,0,7,Corporate Auto,Corporate L3,3,Branch,$608.31,Two-Door Car,Medsize
WY27579,Oregon,9759.59,No,Extended,Bachelor,2024-08-01,Employed,M,"$81,466.00",Rural,Single,$126.00,30,14,0,5,Personal Auto,Personal L3,2,Web,$48.74,Two-Door Car,Large
MH76107,California,5418.83,No,Basic,College,2024-08-01,Employed,M,"$76,391.00",Rural,Married,$135.00,45,116,0,1,Personal Auto,Personal L3,2,Agent,$164.60,Sports Car,Medsize
WT21922,Arizona,23946.57,No,Basic,High School or Below,2024-08-01,Employed,F,"$88,220.00",Rural,Married,$149.00,47,78,0,2,Corporate Auto,Corporate L1,1,Branch,$181.06,Sports Car,Medsize
OX35378,Oregon,4259.87,No,Extended,Bachelor,2024-08-01,Employed,M,"$49,553.00",Suburban,Married,$108.00,26,90,0,1,Personal Auto,Personal L3,1,Agent,$659.20,Four-Door Car,Medsize
AD33653,Oregon,4488.14,No,Extended,High School or Below,2024-08-01,Unemployed,M,$0.00,Suburban,Married,$124.00,18,23,0,1,Personal Auto,Personal L2,1,Agent,$596.16,Two-Door Car,Medsize
DQ58142,Arizona,11558.11,No,Basic,High School or Below,2024-08-01,Employed,M,"$50,975.00",Suburban,Married,$146.00,12,69,0,5,Corporate Auto,Corporate L3,4,Web,$699.84,SUV,Medsize
WO30947,Washington,7220.21,No,Basic,Bachelor,2024-08-01,Employed,M,"$42,622.00",Urban,Married,$95.00,19,128,3,3,Personal Auto,Personal L2,2,Call Center,$394.79,Four-Door Car,Medsize
BX70848,Washington,18532.53,Yes,Extended,College,2024-08-01,Unemployed,M,$0.00,Suburban,Single,$170.00,16,5,0,2,Personal Auto,Personal L3,1,Agent,$816.48,SUV,Medsize
YP29527,Oregon,11167.65,No,Basic,College,2024-08-01,Employed,M,"$1,30,530.00",Rural,Married,$139.00,46,108,0,5,Personal Auto,Personal L2,1,Agent,$51.03,Sports Car,Medsize
HV16877,California,3674.14,No,Basic,High School or Below,2024-08-01,Employed,F,"$58,425.00",Suburban,Married,$92.00,14,14,0,1,Personal Auto,Personal L1,2,Call Center,$440.64,Four-Door Car,Small
DV57698,Oregon,4250.37,No,Extended,Doctor,2024-08-01,Unemployed,F,$0.00,Suburban,Married,$112.00,22,101,0,1,Personal Auto,Personal L3,1,Call Center,$734.69,Two-Door Car,Medsize
CC46747,Arizona,25229.21,No,Extended,High School or Below,2024-08-01,Unemployed,F,$0.00,Suburban,Single,$103.00,3,89,0,2,Personal Auto,Personal L2,1,Agent,$492.48,Four-Door Car,Small
YT74573,California,18532.53,Yes,Extended,College,2024-08-01,Unemployed,M,$0.00,Suburban,Single,$170.00,16,5,0,2,Personal Auto,Personal L1,1,Agent,$816.48,SUV,Medsize
MP22051,Washington,3531.4,No,Basic,College,2024-08-01,Employed,M,"$73,324.00",Urban,Married,$89.00,18,132,0,1,Personal Auto,Personal L3,2,Branch,$381.74,Four-Door Car,Medsize
YT46746,Oregon,8720.52,No,Extended,College,2024-08-01,Employed,F,"$32,792.00",Suburban,Married,$111.00,20,113,0,8,Personal Auto,Personal L1,4,Branch,$531.36,Four-Door Car,Medsize
RW71963,Nevada,9765.28,No,Extended,High School or Below,2024-08-01,Employed,F,"$1,27,643.00",Suburban,Single,$122.00,0,126,0,7,Personal Auto,Personal L3,2,Agent,$583.20,Four-Door Car,Small
OD79784,Arizona,3617.58,No,Basic,Bachelor,2024-08-01,Employed,M,"$1,14,008.00",Urban,Single,$92.00,24,16,0,1,Corporate Auto,Corporate L3,2,Branch,$393.20,Four-Door Car,Medsize
VE85103,Nevada,3306.32,No,Basic,College,2024-08-01,Medical Leave,M,"$27,765.00",Suburban,Married,$97.00,32,103,4,1,Personal Auto,Personal L2,4,Agent,$466.56,Four-Door Car,Large
HD83496,Arizona,3345.54,No,Basic,Bachelor,2024-08-01,Unemployed,M,$0.00,Suburban,Single,$96.00,32,43,0,1,Corporate Auto,Corporate L3,2,Web,$690.12,Four-Door Car,Large
DN67273,Oregon,10838.45,No,Basic,High School or Below,2024-08-01,Unemployed,F,$0.00,Suburban,Single,$100.00,35,113,0,2,Personal Auto,Personal L3,1,Agent,$719.28,Two-Door Car,Small
GG84614,Oregon,4092.64,No,Extended,High School or Below,2024-08-01,Employed,F,"$37,037.00",Suburban,Single,$103.00,12,8,0,1,Personal Auto,Personal L3,3,Branch,$614.99,Two-Door Car,Medsize
CW85845,California,3718.52,No,Basic,High School or Below,2024-08-01,Employed,F,"$33,954.00",Urban,Married,$93.00,30,26,0,1,Corporate Auto,Corporate L2,2,Agent,$429.36,Four-Door Car,Medsize
LA35379,Oregon,3988.42,No,Basic,Master,2024-08-01,Employed,F,"$84,322.00",Rural,Married,$99.00,20,9,0,1,Personal Auto,Personal L1,2,Agent,$174.51,Four-Door Car,Small
NY57065,California,3802.62,No,Basic,Bachelor,2024-08-01,Employed,M,"$57,965.00",Urban,Married,$96.00,19,12,0,1,Corporate Auto,Corporate L1,1,Call Center,$339.90,Two-Door Car,Small
EW15755,California,13338.13,No,Extended,Master,2024-08-01,Employed,F,"$84,140.00",Rural,Married,$165.00,11,72,0,8,Personal Auto,Personal L1,1,Agent,$129.61,SUV,Medsize
EP64069,California,6936.63,No,Basic,Bachelor,2024-08-01,Employed,F,"$97,556.00",Urban,Married,$86.00,3,89,0,9,Corporate Auto,Corporate L3,3,Web,$368.08,Four-Door Car,Medsize
TE79454,California,20223.06,No,Extended,Bachelor,2024-08-01,Unemployed,F,$0.00,Suburban,Single,$300.00,35,68,0,8,Personal Auto,Personal L2,1,Branch,"$1,516.71",Luxury Car,Medsize
MG53211,California,4371.2,No,Extended,College,2024-08-01,Employed,F,"$81,131.00",Urban,Single,$111.00,15,84,0,1,Personal Auto,Personal L3,3,Branch,$376.29,Four-Door Car,Medsize
LZ56963,California,11605.37,No,Basic,College,2024-08-01,Employed,F,"$34,810.00",Suburban,Single,$151.00,11,30,1,4,Corporate Auto,Corporate L2,1,Call Center,$725.76,SUV,Small
IV60781,California,5419.51,Yes,Extended,Doctor,2024-08-01,Employed,F,"$50,468.00",Suburban,Married,$134.00,12,23,0,1,Personal Auto,Personal L1,2,Agent,$641.52,Four-Door Car,Medsize
HK40573,California,19416.46,No,Extended,College,2024-08-01,Employed,M,"$70,435.00",Urban,Married,$163.00,30,34,0,2,Personal Auto,Personal L2,1,Call Center,$545.05,SUV,Medsize
AW27717,California,27717.72,No,Extended,High School or Below,2024-08-01,Disabled,F,"$16,879.00",Rural,Single,$124.00,5,42,0,2,Personal Auto,Personal L3,1,Branch,$162.94,Four-Door Car,Medsize
SM10031,California,3960.22,No,Extended,Master,2024-08-01,Unemployed,M,$0.00,Suburban,Married,$105.00,30,132,0,1,Personal Auto,Personal L3,1,Branch,$537.87,Four-Door Car,Medsize
AT33529,California,3748.61,No,Basic,Doctor,2024-08-01,Employed,F,"$41,706.00",Rural,Divorced,$95.00,34,18,0,1,Corporate Auto,Corporate L2,3,Branch,$115.31,Four-Door Car,Medsize
SR38658,Arizona,16513.04,No,Basic,High School or Below,2024-08-02,Employed,M,"$58,379.00",Suburban,Married,$139.00,20,22,0,2,Personal Auto,Personal L2,4,Agent,$667.44,Sports Car,Medsize
SX26335,Oregon,12896.45,No,Extended,College,2024-08-02,Employed,F,"$1,31,938.00",Urban,Married,$107.00,0,95,0,2,Personal Auto,Personal L3,4,Branch,$391.38,Four-Door Car,Medsize
RV98763,Oregon,8654.81,No,Extended,College,2024-08-02,Employed,M,"$83,307.00",Urban,Married,$111.00,7,55,2,7,Personal Auto,Personal L3,3,Branch,$371.78,Four-Door Car,Medsize
XV84099,Arizona,7430.59,Yes,Basic,Bachelor,2024-08-02,Unemployed,F,$0.00,Suburban,Married,$99.00,24,61,0,5,Corporate Auto,Corporate L1,1,Call Center,$473.04,Four-Door Car,Medsize
JC11405,Oregon,14801.34,Yes,Premium,High School or Below,2024-08-02,Employed,M,"$75,177.00",Suburban,Divorced,$373.00,45,123,0,1,Personal Auto,Personal L3,1,Agent,"$1,788.48",Luxury SUV,Medsize
BV55014,Oregon,9812.79,No,Basic,Bachelor,2024-08-02,Employed,M,"$33,001.00",Suburban,Single,$85.00,24,20,0,2,Personal Auto,Personal L3,1,Agent,$408.24,Two-Door Car,Medsize
VW27730,California,11699.04,No,Basic,Master,2024-08-02,Employed,F,"$55,570.00",Rural,Married,$146.00,15,89,0,3,Corporate Auto,Corporate L2,1,Branch,$313.09,SUV,Small
SN16059,California,3565.95,No,Basic,Master,2024-08-02,Employed,F,"$39,562.00",Suburban,Married,$89.00,1,51,0,1,Personal Auto,Personal L2,3,Web,$641.52,Four-Door Car,Small
GQ66762,California,6444.48,No,Basic,College,2024-08-02,Employed,M,"$45,496.00",Urban,Single,$85.00,22,90,0,5,Personal Auto,Personal L2,3,Agent,$231.29,Four-Door Car,Small
LH26563,Oregon,6143.66,No,Premium,High School or Below,2024-08-02,Disabled,F,"$24,183.00",Suburban,Married,$157.00,0,53,0,1,Personal Auto,Personal L3,3,Web,$751.68,Four-Door Car,Small
US85318,Oregon,3346.08,No,Basic,Bachelor,2024-08-02,Employed,F,"$88,754.00",Urban,Divorced,$84.00,12,104,0,1,Corporate Auto,Corporate L3,2,Call Center,$224.78,Four-Door Car,Medsize
QG15661,Oregon,3274.42,No,Basic,College,2024-08-02,Employed,M,"$90,235.00",Rural,Divorced,$84.00,5,99,0,1,Personal Auto,Personal L3,4,Call Center,$166.64,Four-Door Car,Medsize
VW46878,Oregon,10692.38,No,Basic,High School or Below,2024-08-02,Employed,F,"$80,525.00",Suburban,Married,$89.00,27,97,0,2,Personal Auto,Personal L3,3,Agent,$427.68,Four-Door Car,Medsize
WO78310,Oregon,5616.22,No,Basic,College,2024-08-02,Unemployed,F,$0.00,Suburban,Single,$82.00,4,78,0,5,Personal Auto,Personal L2,1,Branch,$395.28,Four-Door Car,Large
MK52197,Nevada,7434.54,No,Basic,Master,2024-08-02,Unemployed,F,$0.00,Suburban,Married,$96.00,4,51,0,3,Personal Auto,Personal L3,1,Branch,$460.08,Four-Door Car,Medsize
RJ79502,Arizona,11476.73,No,Basic,Bachelor,2024-08-02,Employed,M,"$1,32,304.00",Urban,Divorced,$144.00,5,62,0,7,Personal Auto,Personal L3,3,Call Center,$606.70,SUV,Small
DT99586,California,50100.74,No,Basic,Master,2024-08-02,Employed,F,"$83,095.00",Rural,Married,$155.00,1,128,0,2,Personal Auto,Personal L3,1,Agent,$16.54,SUV,Medsize
UW98698,California,3064.29,No,Basic,College,2024-08-02,Unemployed,M,$0.00,Suburban,Single,$92.00,30,58,0,1,Personal Auto,Personal L3,4,Agent,$731.72,Four-Door Car,Medsize
XT93203,California,14801.34,Yes,Premium,High School or Below,2024-08-02,Employed,M,"$75,177.00",Suburban,Divorced,$373.00,45,123,0,1,Personal Auto,Personal L3,1,Agent,"$1,788.48",Luxury SUV,Medsize
AV72430,Oregon,22317.8,No,Premium,Master,2024-08-02,Employed,M,"$1,01,960.00",Suburban,Married,$139.00,35,92,1,2,Personal Auto,Personal L3,3,Branch,$667.44,Four-Door Car,Small
HR64684,Oregon,11731.26,No,Extended,Master,2024-08-02,Unemployed,M,$0.00,Suburban,Divorced,$134.00,34,77,5,2,Personal Auto,Personal L2,1,Agent,$641.52,Four-Door Car,Medsize
BU16704,Oregon,7938.35,No,Extended,High School or Below,2024-08-02,Unemployed,F,$0.00,Suburban,Single,$111.00,42,34,0,8,Personal Auto,Personal L1,2,Branch,$797.04,Four-Door Car,Large
YU72540,Arizona,13982.8,No,Basic,College,2024-08-02,Employed,F,"$71,192.00",Rural,Married,$88.00,28,26,0,2,Personal Auto,Personal L3,1,Call Center,$166.74,Four-Door Car,Medsize
XZ64172,Oregon,14801.34,Yes,Premium,High School or Below,2024-08-02,Employed,M,"$75,177.00",Suburban,Divorced,$373.00,45,123,0,1,Corporate Auto,Corporate L2,1,Agent,"$1,788.48",Luxury SUV,Medsize
MD43085,Oregon,5366.68,No,Premium,Doctor,2024-08-02,Employed,F,"$91,658.00",Urban,Married,$136.00,34,36,4,1,Personal Auto,Personal L3,2,Call Center,$545.32,Four-Door Car,Medsize
WP58340,Arizona,14801.34,Yes,Premium,High School or Below,2024-08-02,Employed,M,"$75,177.00",Suburban,Divorced,$373.00,45,123,0,1,Personal Auto,Personal L2,1,Agent,"$1,788.48",Luxury SUV,Medsize
PG43749,Oregon,5829.88,No,Premium,College,2024-08-02,Disabled,F,"$23,722.00",Suburban,Married,$149.00,0,47,0,1,Personal Auto,Personal L1,3,Call Center,$863.69,Two-Door Car,Medsize
QS76805,Arizona,10817.44,No,Basic,High School or Below,2024-08-02,Unemployed,M,$0.00,Suburban,Married,$144.00,23,53,0,5,Corporate Auto,Corporate L2,1,Branch,$693.36,SUV,Medsize
HN63935,Arizona,4635.66,No,Extended,Master,2024-08-02,Employed,M,"$1,15,245.00",Rural,Married,$115.00,36,27,0,1,Personal Auto,Personal L2,4,Agent,$91.77,Four-Door Car,Large
LR10110,Washington,7430.59,Yes,Basic,Bachelor,2024-08-02,Unemployed,F,$0.00,Suburban,Married,$99.00,24,61,0,5,Corporate Auto,Corporate L3,1,Call Center,$473.04,Four-Door Car,Medsize
YT25875,California,3748.39,No,Basic,College,2024-08-02,Employed,F,"$68,830.00",Urban,Divorced,$96.00,9,42,0,1,Personal Auto,Personal L2,4,Agent,$415.38,Two-Door Car,Medsize
VT34834,Nevada,6687.03,No,Basic,High School or Below,2024-08-02,Unemployed,M,$0.00,Suburban,Married,$92.00,15,122,0,4,Personal Auto,Personal L1,3,Branch,$462.33,Four-Door Car,Small
YI85251,Nevada,24813.53,No,Extended,High School or Below,2024-08-02,Employed,M,"$68,049.00",Urban,Married,$124.00,41,90,0,2,Personal Auto,Personal L3,1,Agent,$475.28,Four-Door Car,Medsize
RF39856,Nevada,30718.79,No,Basic,Bachelor,2024-08-02,Employed,M,"$69,440.00",Rural,Married,$155.00,47,41,0,2,Corporate Auto,Corporate L1,3,Branch,$329.52,SUV,Medsize
IV35546,Nevada,7751.29,No,Basic,Master,2024-08-02,Employed,F,"$61,857.00",Urban,Married,$96.00,5,120,0,8,Corporate Auto,Corporate L1,1,Branch,$337.15,Four-Door Car,Medsize
NP66209,California,20017.68,No,Basic,College,2024-08-02,Unemployed,F,$0.00,Suburban,Married,$92.00,42,93,2,2,Personal Auto,Personal L3,2,Call Center,$440.64,Two-Door Car,Medsize
AQ11656,Arizona,2891.36,No,Basic,Bachelor,2024-08-02,Unemployed,M,$0.00,Suburban,Married,$82.00,7,122,0,1,Personal Auto,Personal L2,4,Call Center,$590.00,Four-Door Car,Medsize
II37804,Nevada,5667.34,No,Basic,Bachelor,2024-08-02,Employed,M,"$53,883.00",Urban,Married,$143.00,22,82,0,1,Personal Auto,Personal L3,1,Agent,$465.43,SUV,Small
QA68548,California,14357.03,No,Basic,High School or Below,2024-08-02,Unemployed,F,$0.00,Suburban,Single,$82.00,47,96,0,2,Personal Auto,Personal L3,2,Agent,$395.28,Two-Door Car,Medsize
XM19715,Oregon,7190.78,No,Basic,College,2024-08-02,Employed,F,"$30,062.00",Urban,Married,$90.00,16,95,0,8,Personal Auto,Personal L1,3,Call Center,$397.99,Two-Door Car,Medsize
PT73521,California,3689.03,No,Basic,College,2024-08-02,Employed,M,"$58,007.00",Suburban,Married,$93.00,20,115,0,1,Personal Auto,Personal L1,3,Agent,$447.12,Four-Door Car,Medsize
YG46815,Arizona,12447.02,No,Extended,High School or Below,2024-08-02,Unemployed,M,$0.00,Suburban,Single,$184.00,18,38,0,4,Personal Auto,Personal L3,1,Agent,"$1,321.92",SUV,Medsize
PZ47901,Arizona,7430.59,Yes,Basic,Bachelor,2024-08-02,Unemployed,F,$0.00,Suburban,Married,$99.00,24,61,0,5,Corporate Auto,Corporate L3,1,Call Center,$473.04,Four-Door Car,Medsize
VK53354,Washington,37726.96,No,Extended,Bachelor,2024-08-02,Unemployed,M,$0.00,Suburban,Single,$128.00,43,93,0,2,Special Auto,Special L3,2,Call Center,$923.40,Two-Door Car,Medsize
TN39471,Arizona,4587.31,No,Extended,High School or Below,2024-08-02,Unemployed,F,$0.00,Suburban,Married,$124.00,9,101,0,1,Personal Auto,Personal L2,4,Agent,$825.99,Two-Door Car,Medsize
PV24005,Oregon,5698.77,No,Basic,High School or Below,2024-08-02,Unemployed,M,$0.00,Suburban,Single,$84.00,16,92,0,3,Personal Auto,Personal L1,3,Web,$829.01,Four-Door Car,Small
QB15345,California,3755.15,No,Basic,High School or Below,2024-08-02,Unemployed,F,$0.00,Suburban,Single,$100.00,11,18,0,1,Personal Auto,Personal L3,4,Web,$719.28,Four-Door Car,Medsize
VS40267,California,41648.29,No,Basic,High School or Below,2024-08-02,Disabled,M,"$34,429.00",Suburban,Married,$155.00,16,80,0,2,Personal Auto,Personal L3,2,Branch,$745.20,SUV,Medsize
QN36109,Nevada,6148.65,No,Basic,Master,2024-08-02,Employed,F,"$1,14,939.00",Rural,Single,$159.00,9,15,4,1,Personal Auto,Personal L3,1,Branch,$119.04,SUV,Medsize
RN87402,California,13998.67,No,Basic,College,2024-08-02,Unemployed,F,$0.00,Suburban,Married,$93.00,47,68,0,2,Corporate Auto,Corporate L2,1,Branch,$613.38,Four-Door Car,Small
LH26131,Nevada,5233.64,No,Premium,High School or Below,2024-08-02,Unemployed,F,$0.00,Suburban,Single,$146.00,3,24,0,1,Personal Auto,Personal L2,1,Agent,"$1,483.97",Two-Door Car,Large
EA68909,California,3300.61,No,Basic,Bachelor,2024-08-02,Employed,M,"$65,439.00",Suburban,Single,$85.00,1,99,0,1,Personal Auto,Personal L3,2,Agent,$408.24,Four-Door Car,Medsize
IZ71030,California,3469.76,No,Basic,College,2024-08-02,Employed,F,"$93,752.00",Rural,Married,$86.00,31,43,1,1,Personal Auto,Personal L2,3,Branch,$36.09,Four-Door Car,Medsize
FD98839,Oregon,3907.34,No,Basic,College,2024-08-02,Employed,M,"$71,110.00",Rural,Married,$99.00,11,66,0,1,Personal Auto,Personal L1,2,Call Center,$224.84,Two-Door Car,Large
HO79663,Arizona,5588.37,No,Basic,Doctor,2024-08-02,Employed,F,"$61,129.00",Rural,Married,$140.00,18,113,1,1,Personal Auto,Personal L2,1,Branch,$87.79,Sports Car,Medsize
FN66189,Oregon,20813.94,No,Extended,College,2024-08-02,Employed,F,"$1,13,908.00",Rural,Married,$130.00,7,73,0,2,Personal Auto,Personal L3,4,Branch,$58.83,Four-Door Car,Medsize
VF58561,Oregon,6743.54,No,Basic,Bachelor,2024-08-02,Employed,F,"$1,11,258.00",Suburban,Divorced,$84.00,16,107,0,3,Personal Auto,Personal L3,1,Agent,$401.76,Four-Door Car,Medsize
PB90912,California,10535.43,No,Basic,High School or Below,2024-08-02,Employed,M,"$95,625.00",Suburban,Married,$261.00,20,45,0,1,Personal Auto,Personal L2,2,Web,"$1,250.64",Luxury SUV,Large
RA62150,Arizona,38388.11,No,Basic,College,2024-08-02,Unemployed,F,$0.00,Suburban,Single,$157.00,39,30,0,2,Personal Auto,Personal L1,2,Branch,"$1,214.51",SUV,Medsize
TQ84956,California,14801.34,Yes,Premium,High School or Below,2024-08-02,Employed,M,"$75,177.00",Suburban,Divorced,$373.00,45,123,0,1,Corporate Auto,Corporate L3,1,Agent,"$1,788.48",Luxury SUV,Medsize
XI56955,Washington,7430.59,Yes,Basic,Bachelor,2024-08-02,Unemployed,F,$0.00,Suburban,Married,$99.00,24,61,0,5,Personal Auto,Personal L2,1,Call Center,$473.04,Four-Door Car,Medsize
JO11457,Oregon,6281.68,No,Basic,High School or Below,2024-08-02,Unemployed,M,$0.00,Suburban,Single,$95.00,1,5,1,4,Personal Auto,Personal L2,1,Agent,$790.40,Two-Door Car,Medsize
KV99077,Nevada,6962.02,No,Basic,College,2024-08-02,Employed,M,"$59,273.00",Suburban,Divorced,$88.00,8,72,0,6,Personal Auto,Personal L1,1,Web,$631.80,Two-Door Car,Small
IH17933,Washington,6024.3,No,Basic,College,2024-08-02,Employed,M,"$94,619.00",Urban,Married,$151.00,0,45,0,1,Personal Auto,Personal L3,2,Call Center,$724.25,SUV,Large
TR96772,Arizona,21541.3,No,Extended,High School or Below,2024-08-02,Employed,F,"$82,550.00",Rural,Married,$178.00,38,34,0,2,Personal Auto,Personal L3,2,Branch,$132.58,Sports Car,Small
YA17061,Nevada,5017.25,No,Extended,High School or Below,2024-08-02,Medical Leave,F,"$23,169.00",Suburban,Married,$130.00,20,39,0,1,Corporate Auto,Corporate L2,2,Web,$622.08,Four-Door Car,Small
LN62857,California,8106.79,No,Extended,Master,2024-08-02,Medical Leave,F,"$32,061.00",Rural,Married,$104.00,27,8,0,4,Personal Auto,Personal L2,1,Agent,$204.59,Four-Door Car,Medsize
UE10014,Arizona,17370.31,No,Basic,High School or Below,2024-08-02,Unemployed,M,$0.00,Suburban,Single,$255.00,32,126,0,6,Personal Auto,Personal L3,1,Agent,"$1,911.03",Luxury Car,Small
AG56998,Oregon,3305.67,No,Basic,College,2024-08-02,Unemployed,M,$0.00,Suburban,Married,$93.00,9,92,0,1,Corporate Auto,Corporate L3,2,Branch,$447.12,Two-Door Car,Medsize
DD68171,Arizona,4762.6,No,Extended,Bachelor,2024-08-02,Employed,F,"$80,320.00",Rural,Married,$119.00,30,86,0,1,Personal Auto,Personal L3,1,Agent,$255.35,Four-Door Car,Medsize
HD44279,Arizona,6872.11,No,Basic,Bachelor,2024-08-02,Disabled,F,"$34,055.00",Suburban,Divorced,$96.00,18,131,1,4,Personal Auto,Personal L2,1,Branch,$460.08,Four-Door Car,Medsize
YR75102,Arizona,48465.1,No,Basic,College,2024-08-02,Employed,M,"$34,135.00",Suburban,Married,$154.00,16,113,0,2,Personal Auto,Personal L2,1,Agent,$738.72,SUV,Medsize
DF97701,Oregon,9544.15,No,Extended,Bachelor,2024-08-02,Employed,F,"$86,220.00",Suburban,Married,$120.00,28,5,1,3,Corporate Auto,Corporate L3,3,Branch,$583.69,Four-Door Car,Medsize
KP77095,Arizona,20885.31,No,Premium,Bachelor,2024-08-02,Employed,F,"$91,916.00",Rural,Married,$262.00,46,8,0,3,Corporate Auto,Corporate L2,2,Web,$294.76,SUV,Large
RW67951,Washington,11695.79,No,Basic,Bachelor,2024-08-02,Employed,M,"$1,26,205.00",Rural,Married,$97.00,42,54,0,2,Personal Auto,Personal L2,4,Agent,$171.59,Four-Door Car,Medsize
EV60177,California,11480.32,No,Basic,High School or Below,2024-08-02,Employed,F,"$1,18,491.00",Suburban,Single,$100.00,11,12,4,2,Personal Auto,Personal L3,2,Branch,$479.52,Four-Door Car,Small
TO74000,Oregon,10954.45,No,Basic,High School or Below,2024-08-02,Employed,M,"$41,303.00",Suburban,Married,$93.00,30,49,0,2,Corporate Auto,Corporate L2,1,Agent,$602.21,Four-Door Car,Medsize
WV39838,Arizona,3289.73,No,Basic,College,2024-08-02,Unemployed,F,$0.00,Rural,Married,$88.00,46,113,0,1,Personal Auto,Personal L3,2,Branch,$201.48,Two-Door Car,Large
GB68813,Nevada,11478.02,No,Premium,Bachelor,2024-08-02,Medical Leave,F,"$17,338.00",Suburban,Single,$150.00,8,63,0,3,Corporate Auto,Corporate L2,2,Branch,"$1,543.72",Four-Door Car,Small
BC53363,Oregon,47556.85,No,Premium,High School or Below,2024-08-02,Employed,F,"$31,092.00",Suburban,Married,$200.00,35,103,0,2,Special Auto,Special L3,4,Web,$959.04,SUV,Medsize
FP17993,Arizona,7430.59,Yes,Basic,Bachelor,2024-08-02,Unemployed,F,$0.00,Suburban,Married,$99.00,24,61,0,5,Personal Auto,Personal L2,1,Call Center,$473.04,Four-Door Car,Medsize
XK49057,California,6014.95,No,Basic,High School or Below,2024-08-02,Employed,M,"$42,115.00",Suburban,Single,$84.00,35,77,4,9,Corporate Auto,Corporate L1,1,Web,$462.78,Two-Door Car,Small
FB84409,Arizona,6643.79,No,Basic,Bachelor,2024-08-02,Employed,M,"$58,914.00",Rural,Married,$86.00,14,134,2,3,Personal Auto,Personal L2,2,Agent,$1.63,Four-Door Car,Medsize
SI90461,Washington,4552.77,No,Extended,High School or Below,2024-08-02,Employed,F,"$1,26,210.00",Rural,Divorced,$113.00,22,97,0,1,Corporate Auto,Corporate L3,2,Agent,$140.78,Four-Door Car,Medsize
OG62048,California,12221.48,No,Basic,Master,2024-08-02,Medical Leave,F,"$13,785.00",Suburban,Divorced,$161.00,9,22,0,7,Personal Auto,Personal L2,3,Branch,$771.12,SUV,Medsize
HW16019,Oregon,10237.31,No,Basic,Bachelor,2024-08-02,Disabled,M,"$32,580.00",Rural,Married,$92.00,27,57,0,2,Personal Auto,Personal L1,4,Call Center,$102.64,Two-Door Car,Medsize
TW66679,Oregon,11912.2,No,Basic,High School or Below,2024-08-02,Employed,M,"$1,02,250.00",Rural,Married,$147.00,42,80,0,7,Corporate Auto,Corporate L3,3,Agent,$293.20,SUV,Small
QF29828,Arizona,4332.04,No,Extended,Master,2024-08-02,Employed,F,"$54,182.00",Rural,Married,$108.00,39,95,0,1,Personal Auto,Personal L2,1,Agent,$105.31,Four-Door Car,Medsize
WD87578,Nevada,10558.6,No,Premium,High School or Below,2024-08-02,Unemployed,F,$0.00,Suburban,Single,$147.00,42,100,0,3,Personal Auto,Personal L2,2,Call Center,"$1,059.48",Four-Door Car,Medsize
GF38306,Nevada,10474.09,No,Extended,High School or Below,2024-08-02,Employed,F,"$1,29,819.00",Urban,Single,$131.00,12,123,0,4,Corporate Auto,Corporate L3,2,Agent,$508.37,Four-Door Car,Small
QR79788,Nevada,7846.2,No,Basic,College,2024-08-02,Employed,M,"$79,168.00",Urban,Divorced,$100.00,45,78,0,3,Personal Auto,Personal L1,3,Agent,$444.78,Four-Door Car,Medsize
VO84133,California,5278.01,No,Extended,High School or Below,2024-08-02,Employed,M,"$54,487.00",Rural,Married,$132.00,4,132,0,1,Personal Auto,Personal L3,2,Branch,$96.08,Four-Door Car,Medsize
QU53781,Oregon,12410,No,Basic,High School or Below,2024-08-02,Employed,M,"$50,474.00",Suburban,Married,$158.00,41,28,0,5,Corporate Auto,Corporate L1,4,Branch,$758.16,SUV,Medsize
RJ45123,Oregon,12287.06,No,Basic,College,2024-08-02,Employed,M,"$64,839.00",Suburban,Divorced,$157.00,12,107,0,7,Personal Auto,Personal L2,2,Agent,$751.68,SUV,Medsize
BK85520,Oregon,6745.36,No,Basic,College,2024-08-02,Employed,F,"$34,985.00",Suburban,Single,$86.00,18,84,0,7,Corporate Auto,Corporate L3,1,Agent,$429.27,Two-Door Car,Medsize
YG42297,Arizona,7086.12,No,Basic,College,2024-08-02,Unemployed,M,$0.00,Urban,Married,$97.00,0,61,0,4,Personal Auto,Personal L3,4,Web,$292.55,Four-Door Car,Medsize
XB86235,Arizona,32651.43,No,Basic,Doctor,2024-08-02,Disabled,M,"$19,859.00",Suburban,Single,$151.00,34,116,0,2,Personal Auto,Personal L2,3,Agent,$725.76,Sports Car,Medsize
TP30316,California,13102.17,No,Basic,College,2024-08-02,Employed,M,"$1,06,862.00",Rural,Married,$82.00,34,61,0,2,Corporate Auto,Corporate L1,2,Agent,$159.01,Two-Door Car,Small
WC72942,Oregon,5116.76,No,Extended,High School or Below,2024-08-02,Employed,M,"$89,328.00",Rural,Married,$130.00,47,41,1,1,Personal Auto,Personal L2,4,Web,$211.18,Two-Door Car,Small
NX32730,California,4050.59,No,Basic,High School or Below,2024-08-02,Employed,F,"$1,04,005.00",Suburban,Married,$100.00,15,82,0,1,Personal Auto,Personal L3,3,Agent,$641.27,Two-Door Car,Large
DM34321,California,4617.89,No,Extended,Master,2024-08-02,Retired,F,"$15,730.00",Suburban,Married,$120.00,31,18,0,1,Personal Auto,Personal L2,4,Call Center,$710.74,Two-Door Car,Small
GO80206,Arizona,3284.84,No,Basic,Bachelor,2024-08-02,Employed,F,"$32,045.00",Suburban,Married,$84.00,14,88,1,1,Personal Auto,Personal L3,2,Agent,$591.21,Four-Door Car,Small
QY56887,Arizona,19181.48,No,Extended,High School or Below,2024-08-02,Unemployed,F,$0.00,Suburban,Single,$177.00,16,35,0,2,Corporate Auto,Corporate L3,3,Agent,"$1,273.32",SUV,Medsize
OC50447,Nevada,6705.14,No,Basic,Bachelor,2024-08-02,Employed,M,"$51,374.00",Rural,Married,$86.00,9,32,1,8,Personal Auto,Personal L3,4,Call Center,$52.74,Two-Door Car,Medsize
LH53046,Nevada,7343.14,No,Basic,High School or Below,2024-08-02,Employed,F,"$93,401.00",Urban,Single,$93.00,32,22,0,3,Personal Auto,Personal L3,2,Agent,$260.00,Four-Door Car,Small
FL76894,Washington,5824.14,No,Basic,High School or Below,2024-08-02,Employed,M,"$45,209.00",Urban,Married,$149.00,9,82,0,1,Personal Auto,Personal L1,2,Branch,$427.78,SUV,Medsize
RH70599,Arizona,3738.49,No,Basic,Bachelor,2024-08-02,Employed,M,"$54,683.00",Rural,Married,$95.00,19,132,0,1,Personal Auto,Personal L1,2,Call Center,$153.53,Four-Door Car,Medsize
NZ60700,Washington,14801.34,Yes,Premium,High School or Below,2024-08-02,Employed,M,"$75,177.00",Suburban,Divorced,$373.00,45,123,0,1,Personal Auto,Personal L2,1,Agent,"$1,788.48",Luxury SUV,Medsize
DA40009,Washington,3713.23,No,Basic,Bachelor,2024-08-02,Employed,F,"$46,170.00",Rural,Divorced,$95.00,36,20,0,1,Corporate Auto,Corporate L3,3,Agent,$225.85,Four-Door Car,Medsize
ZS36394,California,7430.59,Yes,Basic,Bachelor,2024-08-02,Unemployed,F,$0.00,Suburban,Married,$99.00,24,61,0,5,Corporate Auto,Corporate L1,1,Call Center,$473.04,Four-Door Car,Medsize
WM64930,Oregon,7092.21,No,Premium,College,2024-08-02,Medical Leave,M,"$17,295.00",Suburban,Married,$203.00,36,0,2,1,Corporate Auto,Corporate L2,2,Call Center,$972.00,SUV,Medsize
AU13233,California,7976.81,No,Basic,High School or Below,2024-08-02,Employed,F,"$96,391.00",Urban,Married,$99.00,20,111,0,3,Personal Auto,Personal L3,4,Agent,$387.90,Four-Door Car,Medsize
YC77374,California,6911.87,No,Basic,Bachelor,2024-08-02,Employed,F,"$36,302.00",Suburban,Married,$88.00,38,50,0,4,Personal Auto,Personal L3,2,Branch,$421.20,Two-Door Car,Small
JN66901,Nevada,8912.18,No,Basic,High School or Below,2024-08-02,Unemployed,M,$0.00,Suburban,Single,$262.00,30,107,0,1,Corporate Auto,Corporate L1,4,Web,"$3,113.79",Luxury SUV,Medsize
FN33339,Oregon,5603.63,No,Premium,High School or Below,2024-08-02,Employed,F,"$72,612.00",Suburban,Married,$140.00,27,104,0,1,Corporate Auto,Corporate L2,1,Agent,$899.22,Four-Door Car,Medsize
ET88948,California,7429.64,No,Basic,Bachelor,2024-08-02,Employed,F,"$1,03,733.00",Suburban,Married,$92.00,16,115,0,3,Personal Auto,Personal L2,1,Call Center,$440.64,Four-Door Car,Medsize
JQ60102,California,11330.04,No,Basic,Master,2024-08-02,Unemployed,M,$0.00,Suburban,Married,$150.00,8,69,0,4,Corporate Auto,Corporate L2,3,Branch,$833.49,Sports Car,Medsize
CS51928,Arizona,6086.96,No,Basic,Bachelor,2024-08-02,Employed,M,"$1,13,099.00",Urban,Married,$151.00,24,100,0,1,Personal Auto,Personal L3,1,Branch,$509.43,Sports Car,Small
EG16813,Arizona,7445.58,No,Basic,College,2024-08-02,Employed,F,"$1,02,550.00",Rural,Divorced,$93.00,5,31,0,7,Corporate Auto,Corporate L3,3,Branch,$137.90,Two-Door Car,Medsize
BA87048,Washington,6164.27,No,Basic,Bachelor,2024-08-02,Unemployed,M,$0.00,Suburban,Single,$92.00,26,72,0,3,Personal Auto,Personal L3,1,Agent,$440.64,Four-Door Car,Medsize
CG13512,Oregon,12171.36,No,Basic,College,2024-08-02,Unemployed,M,$0.00,Rural,Married,$84.00,35,46,0,2,Personal Auto,Personal L3,1,Agent,$57.57,Two-Door Car,Medsize
KL39500,Arizona,6727.89,No,Extended,College,2024-08-02,Unemployed,M,$0.00,Suburban,Single,$112.00,30,0,3,5,Personal Auto,Personal L3,1,Agent,$993.61,Four-Door Car,Small
RD73104,Washington,10722.31,No,Premium,High School or Below,2024-08-02,Disabled,F,"$16,444.00",Suburban,Divorced,$146.00,14,26,0,4,Personal Auto,Personal L1,2,Web,$798.54,Four-Door Car,Medsize
SC90717,California,43017.56,No,Extended,Doctor,2024-08-02,Employed,M,"$31,828.00",Urban,Married,$120.00,11,97,0,2,Personal Auto,Personal L3,2,Web,$517.74,Four-Door Car,Medsize
NX37589,Washington,3600.42,No,Basic,Bachelor,2024-08-02,Employed,F,"$1,06,989.00",Suburban,Married,$90.00,14,43,1,1,Personal Auto,Personal L3,2,Web,$434.16,Four-Door Car,Medsize
LH38387,Nevada,15376.42,No,Extended,Bachelor,2024-08-02,Employed,F,"$78,552.00",Rural,Married,$128.00,24,53,0,2,Personal Auto,Personal L3,4,Branch,$103.59,Two-Door Car,Medsize
DM59629,California,8655.76,No,Extended,Bachelor,2024-08-02,Employed,F,"$64,268.00",Suburban,Divorced,$109.00,32,68,0,4,Personal Auto,Personal L3,3,Agent,$524.88,Two-Door Car,Small
IZ76711,California,13518.6,No,Extended,Bachelor,2024-08-02,Unemployed,F,$0.00,Suburban,Married,$182.00,35,51,0,3,Personal Auto,Personal L2,2,Branch,"$1,044.48",Sports Car,Medsize
RR39300,California,46228.74,No,Extended,High School or Below,2024-08-02,Employed,F,"$69,194.00",Urban,Married,$165.00,16,0,0,2,Personal Auto,Personal L2,1,Call Center,$569.30,SUV,Medsize
IX10511,California,5231.98,No,Basic,College,2024-08-02,Unemployed,M,$0.00,Suburban,Single,$158.00,15,39,0,1,Personal Auto,Personal L3,1,Branch,"$1,137.24",Sports Car,Medsize
DN92191,California,11317.96,No,Basic,Master,2024-08-02,Employed,M,"$92,768.00",Suburban,Divorced,$95.00,5,45,0,2,Personal Auto,Personal L3,4,Branch,"$1,094.72",Four-Door Car,Small
FM12425,California,26106.17,No,Extended,College,2024-08-02,Employed,M,"$35,759.00",Suburban,Divorced,$333.00,28,53,0,7,Personal Auto,Personal L2,1,Web,"$1,784.14",Luxury SUV,Medsize
AT79008,California,12238.1,No,Premium,Bachelor,2024-08-02,Employed,F,"$54,008.00",Rural,Divorced,$154.00,46,24,1,7,Personal Auto,Personal L2,1,Branch,$178.97,Two-Door Car,Medsize
DP19210,California,12408.84,No,Basic,Master,2024-08-02,Employed,F,"$32,161.00",Suburban,Married,$155.00,7,53,0,6,Corporate Auto,Corporate L2,2,Branch,$766.10,Sports Car,Medsize
RZ33670,California,15832.5,No,Premium,College,2024-09-01,Disabled,F,"$40,337.00",Suburban,Married,$138.00,23,0,0,2,Personal Auto,Personal L3,3,Web,$675.34,Four-Door Car,Medsize
DE75225,Oregon,11768.71,No,Basic,High School or Below,2024-09-01,Unemployed,M,$0.00,Suburban,Married,$158.00,7,120,1,3,Personal Auto,Personal L1,1,Agent,$758.16,SUV,Medsize
DS81757,Oregon,3334.66,No,Basic,College,2024-09-01,Unemployed,M,$0.00,Suburban,Single,$100.00,9,27,0,1,Personal Auto,Personal L1,4,Web,$973.68,Two-Door Car,Large
XC67861,Arizona,6765.86,No,Basic,Bachelor,2024-09-01,Employed,F,"$38,960.00",Suburban,Divorced,$90.00,32,69,3,4,Corporate Auto,Corporate L2,1,Call Center,$434.16,Two-Door Car,Medsize
QR87004,Nevada,11416.9,No,Basic,College,2024-09-01,Employed,F,"$33,940.00",Rural,Divorced,$99.00,16,5,1,2,Personal Auto,Personal L3,3,Agent,$34.34,Four-Door Car,Medsize
EN21086,Arizona,9300.28,No,Basic,High School or Below,2024-09-01,Unemployed,F,$0.00,Suburban,Divorced,$85.00,8,16,0,2,Personal Auto,Personal L2,1,Branch,$408.24,Four-Door Car,Small
XX12304,California,3948.72,No,Basic,College,2024-09-01,Employed,F,"$87,020.00",Urban,Married,$97.00,22,86,0,1,Personal Auto,Personal L1,2,Branch,$324.35,Four-Door Car,Medsize
FE84989,Washington,6798.26,No,Basic,College,2024-09-01,Employed,M,"$98,107.00",Urban,Married,$85.00,9,53,0,5,Personal Auto,Personal L2,2,Call Center,$350.14,Four-Door Car,Large
XI41052,California,7367.3,No,Extended,Bachelor,2024-09-01,Employed,F,"$67,559.00",Suburban,Single,$188.00,22,19,0,1,Personal Auto,Personal L2,3,Call Center,$900.72,SUV,Medsize
DQ10761,Oregon,3125.38,No,Basic,Bachelor,2024-09-01,Unemployed,M,$0.00,Suburban,Single,$99.00,19,53,1,1,Corporate Auto,Corporate L3,1,Branch,$473.04,Four-Door Car,Medsize
UX38930,Arizona,13991.87,No,Extended,Master,2024-09-01,Employed,F,"$78,741.00",Urban,Married,$174.00,42,7,0,3,Personal Auto,Personal L3,2,Branch,$468.55,SUV,Medsize
FJ54907,Oregon,9694.31,No,Basic,College,2024-09-01,Employed,F,"$57,109.00",Suburban,Married,$243.00,32,89,0,1,Personal Auto,Personal L2,2,Agent,"$1,634.74",Luxury SUV,Medsize
PN86062,California,3999.68,No,Extended,High School or Below,2024-09-01,Medical Leave,M,"$22,268.00",Suburban,Married,$115.00,34,101,3,1,Corporate Auto,Corporate L2,1,Branch,$550.80,Four-Door Car,Medsize
BD16530,Arizona,11196.2,No,Basic,Bachelor,2024-09-01,Employed,F,"$94,848.00",Urban,Divorced,$93.00,27,88,0,2,Personal Auto,Personal L1,1,Agent,$303.95,Four-Door Car,Medsize
PI78084,Arizona,6854.38,No,Basic,High School or Below,2024-09-01,Unemployed,M,$0.00,Suburban,Single,$99.00,35,113,0,3,Personal Auto,Personal L3,2,Call Center,$709.56,Two-Door Car,Medsize
TJ20375,Arizona,10280.76,No,Basic,High School or Below,2024-09-01,Employed,F,"$46,028.00",Suburban,Married,$85.00,7,134,0,2,Personal Auto,Personal L3,2,Web,$408.24,Two-Door Car,Medsize
GB35238,California,10232.37,No,Basic,Bachelor,2024-09-01,Employed,F,"$45,773.00",Suburban,Married,$86.00,34,66,0,2,Personal Auto,Personal L2,1,Branch,$542.15,Two-Door Car,Small
NF31087,Nevada,33376.3,No,Basic,High School or Below,2024-09-01,Employed,F,"$60,325.00",Suburban,Married,$93.00,1,55,0,2,Personal Auto,Personal L2,2,Agent,$447.12,Four-Door Car,Medsize
VT63298,Oregon,26331.04,No,Basic,Bachelor,2024-09-01,Unemployed,M,$0.00,Suburban,Single,$97.00,23,74,0,2,Personal Auto,Personal L1,3,Agent,$466.56,Four-Door Car,Medsize
NJ46849,Arizona,3381,No,Basic,College,2024-09-01,Unemployed,M,$0.00,Suburban,Single,$93.00,31,20,0,1,Personal Auto,Personal L2,2,Branch,$670.68,Four-Door Car,Medsize
OD56551,Oregon,7073.85,No,Basic,College,2024-09-01,Employed,M,"$37,770.00",Suburban,Single,$93.00,4,28,1,7,Personal Auto,Personal L3,1,Branch,$604.68,Four-Door Car,Medsize
DQ28641,Nevada,3598.05,No,Basic,High School or Below,2024-09-01,Medical Leave,M,"$19,325.00",Suburban,Married,$96.00,45,22,0,1,Personal Auto,Personal L1,2,Branch,$690.12,Four-Door Car,Medsize
NP91656,California,6630.89,No,Basic,Bachelor,2024-09-01,Unemployed,F,$0.00,Suburban,Single,$93.00,35,45,0,9,Personal Auto,Personal L2,4,Agent,$670.68,Four-Door Car,Medsize
VU32116,Oregon,4787.64,No,Basic,College,2024-09-01,Unemployed,F,$0.00,Suburban,Single,$139.00,15,124,0,1,Personal Auto,Personal L3,3,Branch,$839.65,SUV,Small
IE15348,Washington,5490.46,No,Basic,High School or Below,2024-09-01,Employed,F,"$38,429.00",Urban,Married,$138.00,45,123,0,1,Personal Auto,Personal L3,3,Agent,$501.93,SUV,Medsize
YX99200,Nevada,16672.58,No,Premium,Bachelor,2024-09-01,Employed,M,"$73,859.00",Urban,Married,$139.00,18,62,0,2,Personal Auto,Personal L3,3,Branch,$396.98,Two-Door Car,Medsize
KX54900,Arizona,8418.63,No,Extended,Doctor,2024-09-01,Employed,M,"$77,976.00",Urban,Single,$105.00,12,90,0,3,Special Auto,Special L2,2,Call Center,$302.33,Four-Door Car,Medsize
AM30008,California,19077.01,No,Basic,High School or Below,2024-09-01,Employed,M,"$38,241.00",Suburban,Single,$250.00,39,35,0,3,Personal Auto,Personal L2,4,Web,"$1,198.80",Luxury Car,Medsize
XA75063,Oregon,13788.31,No,Extended,College,2024-09-01,Employed,F,"$53,621.00",Suburban,Divorced,$177.00,1,77,0,3,Personal Auto,Personal L3,1,Agent,$848.88,Sports Car,Medsize
ZP80713,Arizona,3742.8,No,Basic,Master,2024-09-01,Employed,F,"$1,07,545.00",Urban,Divorced,$93.00,19,53,0,1,Personal Auto,Personal L2,3,Branch,$356.34,Two-Door Car,Medsize
NM22175,Oregon,15511.95,No,Premium,College,2024-09-01,Unemployed,M,$0.00,Suburban,Married,$217.00,0,127,0,3,Personal Auto,Personal L3,2,Branch,"$1,421.46",SUV,Large
WV15213,California,3303.52,No,Basic,Bachelor,2024-09-01,Employed,M,"$1,14,288.00",Rural,Single,$84.00,28,126,0,1,Personal Auto,Personal L1,1,Branch,$60.45,Four-Door Car,Medsize
TN90661,Nevada,7846.09,No,Basic,High School or Below,2024-09-01,Employed,M,"$1,12,479.00",Suburban,Married,$97.00,28,78,0,3,Corporate Auto,Corporate L3,1,Branch,$466.56,Four-Door Car,Medsize
VY64199,Oregon,13791.3,No,Basic,Bachelor,2024-09-01,Disabled,F,"$24,503.00",Urban,Married,$90.00,23,46,0,2,Corporate Auto,Corporate L1,1,Branch,$297.41,Four-Door Car,Medsize
KN25124,Oregon,3316.7,No,Basic,Master,2024-09-01,Employed,F,"$68,822.00",Urban,Married,$82.00,34,61,1,1,Personal Auto,Personal L2,1,Branch,$354.84,Two-Door Car,Medsize
VD51297,California,9883.33,No,Basic,College,2024-09-01,Employed,M,"$1,34,625.00",Suburban,Single,$82.00,8,65,0,2,Personal Auto,Personal L3,4,Call Center,$395.28,Four-Door Car,Small
OC47565,Oregon,8028.74,No,Basic,College,2024-09-01,Employed,F,"$91,476.00",Suburban,Married,$100.00,26,26,0,3,Special Auto,Special L3,4,Branch,$628.13,Four-Door Car,Medsize
HH14259,Arizona,3461.22,No,Basic,Bachelor,2024-09-01,Unemployed,F,$0.00,Rural,Married,$93.00,18,100,0,1,Personal Auto,Personal L3,4,Web,$131.88,Four-Door Car,Medsize
DV27428,Oregon,18598.6,No,Basic,High School or Below,2024-09-01,Employed,M,"$84,556.00",Rural,Single,$157.00,14,120,0,2,Personal Auto,Personal L2,3,Call Center,$164.72,SUV,Medsize
XZ58588,Arizona,11404.53,No,Premium,High School or Below,2024-09-01,Unemployed,M,$0.00,Suburban,Divorced,$154.00,3,61,0,7,Corporate Auto,Corporate L2,1,Agent,$738.72,Four-Door Car,Small
VJ71087,Arizona,5391.74,No,Basic,Bachelor,2024-09-01,Disabled,M,"$23,857.00",Suburban,Divorced,$149.00,38,22,0,1,Personal Auto,Personal L1,3,Branch,"$1,069.20",SUV,Medsize
JP28293,California,9040.82,No,Extended,Doctor,2024-09-01,Employed,F,"$77,274.00",Rural,Married,$112.00,24,107,0,7,Corporate Auto,Corporate L3,2,Call Center,$112.93,Four-Door Car,Medsize
DI65961,Arizona,10573.97,No,Basic,High School or Below,2024-09-01,Employed,M,"$46,769.00",Suburban,Married,$89.00,9,49,0,2,Personal Auto,Personal L3,4,Agent,$427.68,Four-Door Car,Medsize
FD79560,Arizona,14575.21,No,Basic,High School or Below,2024-09-01,Employed,F,"$41,527.00",Suburban,Divorced,$93.00,22,22,2,2,Special Auto,Special L3,1,Branch,$447.12,Two-Door Car,Small
WZ98067,Oregon,5467.24,No,Premium,College,2024-09-01,Employed,M,"$57,391.00",Rural,Married,$142.00,20,97,1,1,Personal Auto,Personal L2,3,Agent,$104.60,Four-Door Car,Medsize
NF51705,Nevada,3691.6,No,Basic,High School or Below,2024-09-01,Employed,M,"$1,24,412.00",Urban,Single,$93.00,26,45,0,1,Corporate Auto,Corporate L3,2,Branch,$365.01,Two-Door Car,Medsize
FC59209,California,3321.9,No,Basic,Bachelor,2024-09-01,Unemployed,F,$0.00,Suburban,Married,$90.00,41,18,0,1,Personal Auto,Personal L1,4,Call Center,$434.16,Four-Door Car,Large
EY13576,Oregon,9955.01,No,Basic,College,2024-09-01,Unemployed,F,$0.00,Suburban,Married,$149.00,26,117,4,3,Personal Auto,Personal L2,1,Web,$712.80,SUV,Medsize
UE67791,Arizona,7945.2,No,Basic,College,2024-09-01,Unemployed,M,$0.00,Suburban,Single,$90.00,12,27,3,2,Personal Auto,Personal L3,1,Agent,$651.24,Two-Door Car,Medsize
TW45475,Nevada,11551.16,No,Extended,College,2024-09-01,Unemployed,M,$0.00,Suburban,Married,$167.00,9,3,3,6,Personal Auto,Personal L3,1,Branch,$803.52,SUV,Small
TO60700,Washington,10548.11,No,Basic,Bachelor,2024-09-01,Retired,F,"$34,910.00",Suburban,Single,$100.00,0,59,0,2,Special Auto,Special L2,1,Agent,$479.52,Four-Door Car,Small
SM88270,California,40660.18,No,Premium,High School or Below,2024-09-01,Employed,M,"$93,023.00",Suburban,Married,$252.00,16,82,0,2,Personal Auto,Personal L3,3,Web,"$1,421.96",Sports Car,Medsize
IS75141,Oregon,7621.44,No,Basic,High School or Below,2024-09-01,Employed,F,"$59,619.00",Rural,Married,$96.00,36,22,0,7,Personal Auto,Personal L3,2,Agent,$217.11,Two-Door Car,Medsize
UV17888,California,9997.32,No,Basic,Bachelor,2024-09-01,Disabled,F,"$29,759.00",Rural,Divorced,$88.00,47,95,0,2,Corporate Auto,Corporate L1,1,Agent,$14.03,Four-Door Car,Large
WT10649,Oregon,8887.33,No,Extended,Bachelor,2024-09-01,Unemployed,M,$0.00,Suburban,Single,$131.00,30,7,0,3,Personal Auto,Personal L2,1,Branch,$628.56,Four-Door Car,Medsize
OI77877,Oregon,10122.69,No,Extended,High School or Below,2024-09-01,Employed,M,"$42,031.00",Suburban,Married,$130.00,32,22,0,6,Personal Auto,Personal L2,3,Call Center,$899.81,Four-Door Car,Medsize
OU81877,Oregon,6381.4,No,Basic,High School or Below,2024-09-01,Unemployed,M,$0.00,Suburban,Married,$86.00,14,22,0,6,Personal Auto,Personal L1,4,Agent,$414.72,Four-Door Car,Medsize
FU43761,Nevada,3288.09,No,Basic,Doctor,2024-09-01,Disabled,F,"$34,699.00",Suburban,Married,$84.00,5,86,0,1,Personal Auto,Personal L3,1,Call Center,$401.76,Four-Door Car,Small
UD99460,Washington,13033.61,No,Extended,Bachelor,2024-09-01,Employed,M,"$91,492.00",Suburban,Single,$111.00,39,36,0,2,Personal Auto,Personal L1,4,Branch,$678.48,Four-Door Car,Medsize
FA15338,Arizona,18318.47,No,Basic,High School or Below,2024-09-01,Medical Leave,M,"$28,320.00",Suburban,Married,$95.00,47,27,0,2,Personal Auto,Personal L2,4,Branch,$453.60,Two-Door Car,Medsize
TQ37204,Oregon,11649.59,No,Basic,High School or Below,2024-09-01,Employed,F,"$79,794.00",Urban,Married,$144.00,39,77,0,7,Personal Auto,Personal L2,2,Branch,$648.70,SUV,Medsize
NN54114,Arizona,6635.78,No,Basic,Bachelor,2024-09-01,Unemployed,M,$0.00,Suburban,Single,$95.00,18,65,0,9,Personal Auto,Personal L3,1,Branch,$680.40,Four-Door Car,Medsize
XI58886,California,3773.99,No,Basic,High School or Below,2024-09-01,Employed,M,"$94,242.00",Rural,Married,$95.00,0,81,0,1,Personal Auto,Personal L1,2,Branch,$150.96,Two-Door Car,Medsize
DC62428,Arizona,6872.99,No,Basic,High School or Below,2024-09-01,Employed,M,"$27,329.00",Suburban,Married,$88.00,8,57,0,8,Personal Auto,Personal L3,3,Branch,$421.20,Four-Door Car,Medsize
VQ67172,Oregon,25032.11,No,Basic,College,2024-09-01,Unemployed,F,$0.00,Suburban,Married,$97.00,41,65,0,2,Corporate Auto,Corporate L2,4,Agent,$841.04,Four-Door Car,Small
ZD42919,California,6053.18,No,Basic,Master,2024-09-01,Employed,M,"$44,527.00",Urban,Married,$153.00,34,80,0,1,Personal Auto,Personal L1,2,Call Center,$630.20,SUV,Medsize
ZV17267,Oregon,14890.4,No,Extended,Bachelor,2024-09-01,Employed,F,"$50,026.00",Suburban,Married,$124.00,16,9,0,2,Personal Auto,Personal L3,1,Agent,$596.16,Four-Door Car,Small
PX86841,Arizona,8803.85,Yes,Extended,College,2024-09-01,Employed,F,"$98,021.00",Suburban,Married,$111.00,35,26,3,8,Special Auto,Special L2,2,Agent,$531.36,Four-Door Car,Medsize
BX20227,Oregon,8803.85,Yes,Extended,College,2024-09-01,Employed,F,"$98,021.00",Suburban,Married,$111.00,35,26,3,8,Personal Auto,Personal L3,2,Agent,$531.36,Four-Door Car,Medsize
AH17051,California,19845.67,No,Extended,Bachelor,2024-09-01,Employed,M,"$40,088.00",Suburban,Married,$127.00,46,89,0,2,Personal Auto,Personal L3,2,Branch,$748.09,Four-Door Car,Medsize
TR75465,Washington,13366.73,No,Extended,Master,2024-09-01,Unemployed,M,$0.00,Suburban,Married,$181.00,32,69,0,3,Personal Auto,Personal L2,1,Agent,$868.32,SUV,Small
JR72064,Arizona,11165.34,No,Basic,High School or Below,2024-09-01,Employed,M,"$60,286.00",Suburban,Married,$95.00,3,108,0,2,Personal Auto,Personal L2,2,Branch,$453.60,Two-Door Car,Medsize
IQ37561,Arizona,10247.8,No,Extended,High School or Below,2024-09-01,Employed,F,"$71,311.00",Rural,Married,$128.00,9,20,0,5,Personal Auto,Personal L3,2,Branch,$169.79,Two-Door Car,Medsize
TP34946,California,6895.85,No,Basic,College,2024-09-01,Disabled,M,"$36,158.00",Suburban,Married,$90.00,19,111,0,8,Corporate Auto,Corporate L3,3,Branch,$651.24,Four-Door Car,Small
VA91846,Arizona,7529.68,No,Basic,College,2024-09-01,Employed,M,"$1,32,122.00",Urban,Married,$95.00,7,30,1,3,Special Auto,Special L2,3,Branch,$361.51,Two-Door Car,Large
UK66803,Oregon,6650.48,No,Basic,Bachelor,2024-09-01,Employed,F,"$66,400.00",Rural,Married,$82.00,15,124,0,8,Corporate Auto,Corporate L3,3,Branch,$171.38,Two-Door Car,Medsize
WG15595,California,3725.48,No,Basic,College,2024-09-01,Employed,M,"$86,924.00",Suburban,Married,$93.00,16,69,0,1,Personal Auto,Personal L3,1,Agent,$447.12,Two-Door Car,Small
ID89933,Oregon,9795.03,No,Extended,Doctor,2024-09-01,Employed,F,"$53,711.00",Urban,Married,$123.00,3,123,1,9,Personal Auto,Personal L2,1,Web,$493.88,Four-Door Car,Medsize
PP14656,Washington,7668.63,No,Basic,Master,2024-09-01,Employed,M,"$1,21,977.00",Rural,Married,$95.00,4,86,0,7,Personal Auto,Personal L1,2,Branch,$98.03,Two-Door Car,Medsize
NT66759,Arizona,5274,No,Extended,College,2024-09-01,Employed,F,"$81,311.00",Rural,Married,$132.00,18,123,0,1,Personal Auto,Personal L2,2,Web,$10.97,Four-Door Car,Small
EL77795,California,7341.18,No,Extended,College,2024-09-01,Employed,F,"$31,508.00",Suburban,Married,$186.00,11,42,0,1,Corporate Auto,Corporate L3,2,Branch,$899.51,SUV,Medsize
ZZ77357,Nevada,6032.1,No,Basic,High School or Below,2024-09-01,Unemployed,M,$0.00,Suburban,Single,$88.00,22,82,0,9,Corporate Auto,Corporate L2,1,Agent,$631.80,Two-Door Car,Medsize
KD70601,Washington,7623.65,No,Basic,College,2024-09-01,Employed,F,"$74,026.00",Urban,Single,$97.00,31,18,0,8,Corporate Auto,Corporate L3,3,Web,$251.36,Four-Door Car,Medsize
OZ82391,California,8490.17,No,Extended,Master,2024-09-01,Employed,M,"$67,863.00",Rural,Divorced,$108.00,20,119,0,3,Personal Auto,Personal L1,2,Call Center,$43.51,Two-Door Car,Large
PF24757,Arizona,8803.85,Yes,Extended,College,2024-09-01,Employed,F,"$98,021.00",Suburban,Married,$111.00,35,26,3,8,Personal Auto,Personal L1,2,Agent,$531.36,Four-Door Car,Medsize
PF53601,Oregon,38383.2,No,Basic,Bachelor,2024-09-01,Medical Leave,M,"$23,126.00",Suburban,Divorced,$267.00,1,78,0,2,Special Auto,Special L3,1,Agent,"$1,283.04",Luxury SUV,Medsize
TF61492,Washington,7497.57,No,Extended,College,2024-09-01,Unemployed,F,$0.00,Suburban,Single,$124.00,41,86,3,9,Personal Auto,Personal L3,1,Branch,$894.24,Four-Door Car,Medsize
EP35930,Oregon,7081.67,No,Basic,Master,2024-09-01,Employed,F,"$62,182.00",Rural,Married,$88.00,31,128,0,3,Personal Auto,Personal L3,3,Branch,$29.18,Two-Door Car,Large
KW59167,Oregon,8803.85,Yes,Extended,College,2024-09-01,Employed,F,"$98,021.00",Suburban,Married,$111.00,35,26,3,8,Personal Auto,Personal L2,2,Agent,$531.36,Four-Door Car,Medsize
JS90115,Nevada,26456.03,No,Basic,High School or Below,2024-09-01,Employed,F,"$87,155.00",Rural,Divorced,$84.00,42,122,0,2,Personal Auto,Personal L3,3,Agent,$145.18,Four-Door Car,Medsize
MP25903,Oregon,3649.41,No,Basic,High School or Below,2024-09-01,Unemployed,M,$0.00,Suburban,Married,$96.00,8,62,0,1,Personal Auto,Personal L3,2,Agent,$671.48,Two-Door Car,Small
YE46109,Arizona,14633.34,No,Extended,College,2024-09-01,Medical Leave,F,"$35,595.00",Rural,Married,$188.00,9,35,0,3,Personal Auto,Personal L2,1,Branch,$143.09,SUV,Small
WZ92405,Nevada,10114.42,No,Basic,College,2024-09-01,Employed,F,"$42,826.00",Urban,Married,$84.00,31,72,0,2,Personal Auto,Personal L1,2,Branch,$327.55,Two-Door Car,Medsize
YD76280,Oregon,3153.44,No,Basic,High School or Below,2024-09-01,Employed,M,"$29,817.00",Suburban,Married,$82.00,39,4,2,1,Personal Auto,Personal L2,3,Agent,$395.28,Two-Door Car,Small
JH94846,California,5169.53,No,Extended,Bachelor,2024-09-01,Disabled,F,"$25,974.00",Suburban,Married,$134.00,34,93,0,1,Personal Auto,Personal L2,3,Call Center,$641.52,Four-Door Car,Small
HP27902,Arizona,31774.61,No,Basic,Bachelor,2024-09-01,Employed,F,"$45,558.00",Urban,Married,$269.00,39,128,0,2,Corporate Auto,Corporate L2,3,Branch,"$1,124.15",Luxury Car,Medsize
SK47066,Washington,14165.51,No,Extended,College,2024-09-01,Employed,M,"$97,601.00",Rural,Married,$117.00,23,50,2,2,Personal Auto,Personal L3,1,Agent,$147.88,Four-Door Car,Medsize
IJ52285,Arizona,8282.36,No,Extended,Master,2024-09-01,Employed,F,"$58,832.00",Suburban,Single,$104.00,16,23,0,8,Personal Auto,Personal L2,1,Agent,$610.33,Two-Door Car,Small
OD75777,Oregon,7542.4,No,Basic,College,2024-09-01,Disabled,F,"$26,028.00",Suburban,Married,$97.00,5,53,0,6,Personal Auto,Personal L3,1,Branch,$466.56,Four-Door Car,Medsize
JS19054,Oregon,4508.05,No,Extended,Bachelor,2024-09-01,Employed,F,"$52,408.00",Suburban,Single,$117.00,19,86,0,1,Personal Auto,Personal L3,1,Agent,$659.94,Two-Door Car,Small
FQ20031,Oregon,14751.04,No,Premium,High School or Below,2024-09-01,Employed,M,"$39,714.00",Suburban,Married,$370.00,31,42,0,1,Personal Auto,Personal L2,4,Agent,"$2,663.28",Luxury SUV,Medsize
AH58807,Arizona,69425.44,No,Basic,College,2024-09-01,Employed,F,"$1,14,278.00",Urban,Married,$250.00,18,53,3,2,Personal Auto,Personal L2,1,Agent,$891.64,Luxury Car,Medsize
HU87011,California,7664.37,No,Extended,Bachelor,2024-09-01,Unemployed,F,$0.00,Suburban,Married,$104.00,18,77,0,9,Personal Auto,Personal L1,3,Web,$498.96,Four-Door Car,Medsize
LZ78622,California,8815.38,No,Extended,High School or Below,2024-09-01,Employed,M,"$59,912.00",Suburban,Married,$112.00,14,16,1,8,Special Auto,Special L3,2,Call Center,$537.84,Four-Door Car,Medsize
TA77711,Oregon,11700.57,No,Basic,College,2024-09-01,Employed,M,"$42,328.00",Suburban,Married,$147.00,15,31,0,9,Personal Auto,Personal L3,3,Branch,$712.48,SUV,Small
SA62385,Oregon,10320.32,No,Extended,High School or Below,2024-09-01,Medical Leave,F,"$35,810.00",Suburban,Married,$134.00,0,116,0,3,Personal Auto,Personal L3,1,Call Center,$707.00,Four-Door Car,Medsize
WM19996,California,11271.86,No,Basic,Bachelor,2024-09-01,Employed,M,"$61,328.00",Urban,Divorced,$147.00,3,62,1,3,Corporate Auto,Corporate L3,1,Call Center,$657.82,SUV,Medsize
DY34902,Oregon,6977.01,No,Basic,High School or Below,2024-09-01,Employed,F,"$1,09,596.00",Suburban,Single,$86.00,4,61,0,8,Corporate Auto,Corporate L2,2,Branch,$414.72,Four-Door Car,Small
SX75100,Arizona,3726.64,No,Basic,Bachelor,2024-09-01,Employed,M,"$1,06,738.00",Urban,Married,$93.00,18,32,0,1,Corporate Auto,Corporate L2,2,Web,$392.70,Four-Door Car,Medsize
DI22093,California,13946.09,No,Extended,College,2024-09-01,Employed,M,"$76,248.00",Urban,Married,$117.00,18,84,0,2,Personal Auto,Personal L3,1,Call Center,$519.34,Four-Door Car,Medsize
LN99954,Washington,36449.57,No,Premium,Master,2024-09-01,Unemployed,M,$0.00,Suburban,Divorced,$140.00,45,26,0,2,Personal Auto,Personal L2,3,Branch,$840.90,Four-Door Car,Medsize
FO78512,California,23530.33,No,Basic,Master,2024-09-01,Employed,M,"$56,396.00",Rural,Married,$147.00,15,108,0,2,Personal Auto,Personal L3,1,Web,$141.31,Sports Car,Medsize
BZ47770,Washington,6863.12,No,Basic,Bachelor,2024-09-01,Employed,F,"$83,819.00",Rural,Married,$86.00,8,38,2,4,Corporate Auto,Corporate L2,1,Agent,$98.90,Two-Door Car,Medsize
JW87443,Oregon,8803.85,Yes,Extended,College,2024-09-01,Employed,F,"$98,021.00",Suburban,Married,$111.00,35,26,3,8,Personal Auto,Personal L3,2,Agent,$531.36,Four-Door Car,Medsize
KY48450,Oregon,9901.6,No,Basic,College,2024-09-01,Employed,F,"$1,13,300.00",Rural,Married,$244.00,42,119,0,1,Personal Auto,Personal L1,3,Agent,$168.00,Luxury Car,Medsize
EO75698,Oregon,30027.4,No,Premium,Bachelor,2024-09-01,Employed,F,"$1,13,257.00",Rural,Married,$149.00,8,62,0,2,Personal Auto,Personal L1,2,Agent,$110.73,Four-Door Car,Medsize
FE90301,Nevada,7858.52,No,Basic,Bachelor,2024-09-01,Employed,F,"$82,496.00",Rural,Married,$97.00,36,113,0,6,Personal Auto,Personal L1,2,Agent,$32.09,Four-Door Car,Medsize
XE96798,Oregon,3774.24,No,Basic,Master,2024-09-01,Employed,M,"$1,16,033.00",Rural,Divorced,$93.00,7,82,0,1,Personal Auto,Personal L3,4,Web,$64.40,Four-Door Car,Small
UU12600,Nevada,11665.02,No,Basic,Bachelor,2024-09-01,Employed,F,"$45,093.00",Rural,Married,$147.00,9,89,0,4,Personal Auto,Personal L3,1,Web,$95.92,SUV,Small
IG89777,California,9931.36,No,Extended,High School or Below,2024-09-01,Employed,M,"$1,09,546.00",Urban,Married,$124.00,46,124,0,8,Corporate Auto,Corporate L2,2,Call Center,$433.43,Two-Door Car,Large
WC11272,Oregon,9325.2,No,Extended,Bachelor,2024-09-01,Employed,F,"$57,767.00",Urban,Married,$117.00,14,100,0,3,Personal Auto,Personal L1,1,Branch,$391.58,Two-Door Car,Medsize
VA78645,California,2954.68,No,Basic,College,2024-09-01,Unemployed,M,$0.00,Suburban,Single,$90.00,39,66,1,1,Personal Auto,Personal L3,3,Branch,$434.16,Four-Door Car,Medsize
WP19664,Arizona,6217.93,No,Basic,College,2024-09-01,Employed,M,"$64,099.00",Suburban,Married,$157.00,27,53,0,1,Personal Auto,Personal L3,4,Call Center,$751.68,SUV,Medsize
ZR86524,Oregon,7969.88,No,Basic,College,2024-09-01,Employed,F,"$74,781.00",Rural,Married,$100.00,20,8,1,3,Corporate Auto,Corporate L2,1,Call Center,$2.93,Four-Door Car,Medsize
TT20057,Oregon,14299.99,No,Extended,College,2024-09-01,Employed,M,"$80,447.00",Urban,Divorced,$184.00,20,90,0,5,Personal Auto,Personal L1,1,Branch,$621.36,SUV,Small
BP25150,Arizona,7313.95,No,Basic,College,2024-09-01,Employed,F,"$74,112.00",Urban,Single,$93.00,34,43,0,9,Corporate Auto,Corporate L2,1,Call Center,$237.93,Two-Door Car,Small
WA54110,Nevada,3632.56,No,Basic,High School or Below,2024-09-01,Employed,M,"$65,244.00",Suburban,Married,$90.00,12,95,0,1,Corporate Auto,Corporate L2,4,Agent,$635.02,Four-Door Car,Small
CQ76876,California,18561.65,No,Premium,College,2024-09-01,Employed,F,"$1,11,717.00",Rural,Married,$154.00,4,57,0,2,Personal Auto,Personal L1,1,Web,$357.30,Four-Door Car,Medsize
JT46803,Oregon,3721.33,No,Basic,Bachelor,2024-09-01,Employed,F,"$57,154.00",Rural,Single,$93.00,16,76,0,1,Personal Auto,Personal L2,3,Web,$34.57,Four-Door Car,Medsize
FM37864,California,4821.97,No,Extended,Bachelor,2024-09-01,Employed,F,"$1,01,157.00",Urban,Divorced,$120.00,18,22,0,1,Personal Auto,Personal L2,1,Agent,$311.65,Two-Door Car,Large
BU59722,Washington,6801.24,No,Basic,High School or Below,2024-09-01,Unemployed,M,$0.00,Suburban,Married,$92.00,38,31,1,9,Personal Auto,Personal L2,3,Web,$440.64,Four-Door Car,Medsize
UC19334,California,6342.77,No,Extended,High School or Below,2024-09-01,Medical Leave,F,"$35,655.00",Suburban,Married,$170.00,34,12,1,1,Corporate Auto,Corporate L3,3,Agent,$816.48,SUV,Medsize
YE20366,California,9697.15,No,Basic,Bachelor,2024-09-01,Medical Leave,M,"$19,427.00",Suburban,Single,$88.00,22,5,0,2,Personal Auto,Personal L2,1,Agent,$543.75,Four-Door Car,Medsize
CO19402,California,17908.44,No,Basic,Bachelor,2024-09-01,Employed,F,"$1,34,483.00",Rural,Married,$147.00,1,84,0,2,Personal Auto,Personal L2,3,Agent,$101.16,SUV,Medsize
DO93657,California,9834.89,No,Extended,Master,2024-09-01,Employed,M,"$77,131.00",Suburban,Married,$123.00,8,8,1,8,Personal Auto,Personal L3,1,Branch,$589.68,Two-Door Car,Medsize
LN87823,California,5959.68,No,Basic,High School or Below,2024-09-01,Unemployed,F,$0.00,Suburban,Single,$82.00,31,62,0,7,Personal Auto,Personal L2,3,Agent,$869.23,Four-Door Car,Medsize
BG55927,California,16479.3,No,Premium,College,2024-09-01,Disabled,F,"$23,902.00",Suburban,Married,$146.00,9,26,1,2,Personal Auto,Personal L3,2,Agent,$902.80,Two-Door Car,Medsize
EN31802,California,48827.26,No,Basic,High School or Below,2024-09-01,Employed,M,"$1,00,089.00",Suburban,Married,$136.00,42,31,2,2,Personal Auto,Personal L1,2,Web,$654.48,SUV,Medsize
KW99972,California,14208.36,No,Extended,High School or Below,2024-09-01,Employed,F,"$54,448.00",Urban,Married,$178.00,14,80,2,5,Personal Auto,Personal L3,1,Branch,$625.87,Sports Car,Medsize
TA31436,California,10979.15,No,Basic,Bachelor,2024-09-01,Employed,F,"$49,595.00",Suburban,Married,$138.00,18,27,0,8,Corporate Auto,Corporate L3,1,Agent,$692.36,Sports Car,Large
UW20734,California,4847.44,No,Extended,College,2024-09-01,Employed,F,"$1,11,939.00",Rural,Married,$120.00,38,68,0,1,Personal Auto,Personal L2,2,Branch,$40.27,Two-Door Car,Small
UY51200,California,12000,No,Basic,College,2024-09-01,Employed,M,"$1,04,090.00",Urban,Married,$151.00,28,88,1,6,Corporate Auto,Corporate L3,1,Agent,$589.27,SUV,Medsize
NC80854,California,6670.27,No,Basic,College,2024-09-01,Unemployed,F,$0.00,Suburban,Single,$96.00,30,77,0,9,Personal Auto,Personal L2,3,Agent,$690.86,Four-Door Car,Medsize
VN59368,California,8803.85,Yes,Extended,College,2024-09-01,Employed,F,"$98,021.00",Suburban,Married,$111.00,35,26,3,8,Personal Auto,Personal L2,2,Agent,$531.36,Four-Door Car,Medsize
LM97847,California,3530.44,No,Basic,College,2024-09-01,Employed,M,"$76,981.00",Urban,Single,$90.00,15,80,0,1,Personal Auto,Personal L2,2,Agent,$338.38,Four-Door Car,Medsize
AC13887,California,6249.14,No,Basic,Bachelor,2024-09-01,Unemployed,M,$0.00,Suburban,Single,$90.00,34,28,0,4,Corporate Auto,Corporate L1,1,Branch,$651.24,Two-Door Car,Medsize
UN51653,California,12693.69,No,Extended,High School or Below,2024-09-02,Unemployed,F,$0.00,Suburban,Single,$176.00,38,119,0,4,Personal Auto,Personal L3,1,Web,"$1,263.60",SUV,Medsize
BH35016,Nevada,22553.26,No,Basic,Bachelor,2024-09-02,Employed,F,"$86,310.00",Suburban,Divorced,$95.00,47,132,0,2,Personal Auto,Personal L3,1,Call Center,$573.59,Two-Door Car,Medsize
JM62924,Washington,17851.11,No,Extended,Bachelor,2024-09-02,Employed,M,"$50,671.00",Suburban,Married,$113.00,3,0,2,2,Personal Auto,Personal L3,3,Branch,$544.32,Four-Door Car,Medsize
NI17718,California,2902.74,No,Basic,High School or Below,2024-09-02,Unemployed,F,$0.00,Suburban,Single,$82.00,38,42,0,1,Personal Auto,Personal L3,2,Web,$395.28,Four-Door Car,Medsize
ES57969,Oregon,3312.32,Yes,Basic,Bachelor,2024-09-02,Medical Leave,M,"$40,142.00",Suburban,Single,$93.00,4,124,0,1,Personal Auto,Personal L2,1,Agent,$447.12,Four-Door Car,Medsize
UK59698,California,3097.31,No,Basic,High School or Below,2024-09-02,Unemployed,F,$0.00,Suburban,Divorced,$84.00,7,42,0,1,Personal Auto,Personal L3,3,Branch,$401.76,Two-Door Car,Medsize
CM55703,Washington,3910.84,No,Basic,College,2024-09-02,Employed,F,"$45,557.00",Suburban,Divorced,$100.00,1,8,1,1,Personal Auto,Personal L3,1,Agent,$479.52,Two-Door Car,Medsize
OH64088,California,9957.02,No,Basic,High School or Below,2024-09-02,Employed,M,"$45,016.00",Suburban,Single,$88.00,43,70,0,2,Corporate Auto,Corporate L1,1,Agent,$457.14,Four-Door Car,Medsize
RX12347,Nevada,4783.36,No,Extended,College,2024-09-02,Employed,M,"$48,188.00",Suburban,Married,$122.00,3,9,0,1,Personal Auto,Personal L2,4,Branch,$583.20,Four-Door Car,Medsize
ZF40671,Washington,16776.98,No,Premium,Master,2024-09-02,Medical Leave,F,"$21,354.00",Urban,Married,$144.00,32,134,0,2,Personal Auto,Personal L2,2,Call Center,$450.75,Two-Door Car,Medsize
JS43228,California,10400.74,No,Extended,College,2024-09-02,Employed,M,"$66,269.00",Suburban,Married,$131.00,5,62,0,3,Corporate Auto,Corporate L3,4,Branch,$942.84,Four-Door Car,Small
JX68983,Oregon,3705.1,No,Basic,Bachelor,2024-09-02,Employed,M,"$1,27,775.00",Suburban,Divorced,$93.00,26,86,0,1,Personal Auto,Personal L2,1,Branch,$447.12,Four-Door Car,Medsize
YE97964,California,22226.89,No,Basic,Bachelor,2024-09-02,Employed,F,"$37,476.00",Urban,Married,$140.00,18,96,0,2,Personal Auto,Personal L2,1,Web,$408.73,SUV,Small
HV83672,Oregon,38331,No,Extended,Bachelor,2024-09-02,Employed,F,"$52,342.00",Urban,Married,$122.00,11,117,0,2,Personal Auto,Personal L1,1,Branch,$434.53,Four-Door Car,Medsize
OS75493,California,5195.45,No,Extended,High School or Below,2024-09-02,Employed,F,"$57,495.00",Suburban,Divorced,$132.00,11,99,0,1,Corporate Auto,Corporate L1,1,Agent,$635.04,Four-Door Car,Medsize
MU23938,Oregon,14144.86,No,Extended,Bachelor,2024-09-02,Employed,M,"$61,100.00",Rural,Single,$186.00,1,36,0,4,Personal Auto,Personal L1,3,Agent,$367.49,SUV,Medsize
VL34577,Oregon,3504.85,No,Basic,High School or Below,2024-09-02,Unemployed,F,$0.00,Suburban,Single,$97.00,4,88,0,1,Personal Auto,Personal L3,1,Agent,$466.56,Two-Door Car,Medsize
OO63074,California,6099.18,No,Basic,Bachelor,2024-09-02,Medical Leave,F,"$34,102.00",Suburban,Married,$159.00,42,12,0,1,Personal Auto,Personal L3,4,Branch,$764.64,SUV,Medsize
LW77178,Oregon,20827.81,No,Extended,Bachelor,2024-09-02,Employed,F,"$45,737.00",Suburban,Married,$132.00,22,111,0,2,Corporate Auto,Corporate L3,1,Branch,$635.04,Two-Door Car,Small
EG94326,Nevada,5774.31,No,Basic,High School or Below,2024-09-02,Employed,M,"$1,04,308.00",Suburban,Married,$144.00,31,12,0,1,Personal Auto,Personal L2,2,Call Center,$693.36,SUV,Small
JW12998,California,20069.71,No,Extended,High School or Below,2024-09-02,Employed,F,"$32,777.00",Suburban,Married,$170.00,22,131,0,2,Personal Auto,Personal L2,2,Branch,$816.48,Sports Car,Medsize
CU13711,Oregon,14666.77,No,Basic,Doctor,2024-09-02,Employed,F,"$1,29,032.00",Urban,Single,$90.00,26,105,0,2,Personal Auto,Personal L1,1,Agent,$416.65,Four-Door Car,Medsize
YO58424,Oregon,3484.15,Yes,Basic,College,2024-09-02,Employed,M,"$63,315.00",Suburban,Married,$89.00,18,80,0,1,Corporate Auto,Corporate L1,2,Web,$427.68,Four-Door Car,Medsize
HJ15383,Washington,10843.74,No,Basic,Master,2024-09-02,Employed,M,"$37,338.00",Rural,Married,$92.00,5,101,0,2,Personal Auto,Personal L2,3,Call Center,$216.10,Four-Door Car,Medsize
UF37831,Arizona,22990.36,No,Extended,Master,2024-09-02,Employed,M,"$73,728.00",Urban,Divorced,$288.00,39,84,0,5,Personal Auto,Personal L3,1,Call Center,$987.60,Luxury SUV,Medsize
NM62724,Washington,2942.22,No,Basic,High School or Below,2024-09-02,Unemployed,M,$0.00,Suburban,Single,$85.00,31,122,0,1,Personal Auto,Personal L3,3,Branch,$734.89,Two-Door Car,Medsize
WQ46946,California,10685.01,No,Extended,College,2024-09-02,Employed,F,"$1,04,157.00",Urban,Married,$134.00,4,36,1,5,Personal Auto,Personal L3,1,Branch,$480.12,Four-Door Car,Medsize
WH77063,Arizona,5874.59,No,Premium,High School or Below,2024-09-02,Employed,F,"$1,00,120.00",Suburban,Married,$146.00,19,85,0,1,Personal Auto,Personal L1,4,Agent,$699.84,Four-Door Car,Small
PG82270,California,3919.08,No,Basic,College,2024-09-02,Employed,M,"$49,741.00",Suburban,Married,$100.00,19,45,0,1,Personal Auto,Personal L2,4,Branch,$479.52,Four-Door Car,Small
LB81265,Arizona,3966.41,No,Basic,Bachelor,2024-09-02,Employed,F,"$55,332.00",Urban,Divorced,$99.00,8,20,0,1,Personal Auto,Personal L2,3,Call Center,$444.17,Four-Door Car,Medsize
IE82679,California,3312.32,Yes,Basic,Bachelor,2024-09-02,Medical Leave,M,"$40,142.00",Suburban,Single,$93.00,4,124,0,1,Personal Auto,Personal L2,1,Agent,$447.12,Four-Door Car,Medsize
IC32996,Oregon,6578.25,No,Basic,High School or Below,2024-09-02,Employed,M,"$93,483.00",Urban,Married,$82.00,16,86,1,3,Corporate Auto,Corporate L3,4,Agent,$305.80,Two-Door Car,Medsize
CH73843,Arizona,10291.83,No,Basic,High School or Below,2024-09-02,Employed,M,"$94,365.00",Rural,Married,$86.00,31,92,0,2,Personal Auto,Personal L2,4,Branch,$45.86,Two-Door Car,Large
MJ60422,Arizona,8980.84,No,Extended,Bachelor,2024-09-02,Employed,M,"$47,096.00",Suburban,Married,$113.00,4,54,0,5,Personal Auto,Personal L3,1,Call Center,$544.32,Two-Door Car,Small
UF59346,California,5629.96,No,Basic,Bachelor,2024-09-02,Employed,M,"$1,21,919.00",Rural,Married,$140.00,12,53,0,1,Personal Auto,Personal L1,2,Call Center,$224.58,SUV,Small
AX86150,Washington,3586.56,No,Basic,High School or Below,2024-09-02,Employed,M,"$84,749.00",Rural,Single,$90.00,46,43,0,1,Personal Auto,Personal L1,4,Agent,$136.74,Two-Door Car,Medsize
FZ73016,California,6093.14,No,Basic,Bachelor,2024-09-02,Employed,F,"$46,653.00",Urban,Married,$153.00,43,32,0,1,Personal Auto,Personal L3,1,Call Center,$508.31,SUV,Medsize
TM23788,California,8152.68,No,Extended,High School or Below,2024-09-02,Unemployed,M,$0.00,Suburban,Divorced,$120.00,8,66,1,3,Personal Auto,Personal L3,2,Agent,$865.08,Four-Door Car,Medsize
JL42497,Nevada,3684.32,No,Basic,High School or Below,2024-09-02,Employed,F,"$90,315.00",Suburban,Married,$92.00,20,27,0,1,Personal Auto,Personal L2,4,Branch,$440.64,Four-Door Car,Small
PQ36549,Arizona,7557.67,No,Basic,Bachelor,2024-09-02,Disabled,M,"$19,135.00",Suburban,Married,$97.00,1,84,0,8,Personal Auto,Personal L1,1,Call Center,$466.56,Four-Door Car,Medsize
UJ61336,Arizona,7617.71,No,Basic,Bachelor,2024-09-02,Employed,F,"$92,683.00",Urban,Married,$96.00,43,28,2,9,Personal Auto,Personal L3,1,Web,$280.87,Four-Door Car,Medsize
YZ19736,Arizona,3484.15,Yes,Basic,College,2024-09-02,Employed,M,"$63,315.00",Suburban,Married,$89.00,18,80,0,1,Personal Auto,Personal L2,2,Web,$427.68,Four-Door Car,Medsize
XY66810,California,20416.04,No,Basic,Bachelor,2024-09-02,Unemployed,F,$0.00,Suburban,Single,$97.00,47,116,0,2,Personal Auto,Personal L3,2,Agent,$699.84,Two-Door Car,Medsize
NK39001,Oregon,4889.28,No,Extended,Bachelor,2024-09-02,Medical Leave,F,"$18,167.00",Urban,Married,$127.00,42,38,0,1,Personal Auto,Personal L3,3,Branch,$385.86,Two-Door Car,Large
ME44353,Oregon,7932.67,No,Basic,College,2024-09-02,Employed,F,"$44,345.00",Urban,Married,$100.00,3,80,0,5,Personal Auto,Personal L2,3,Call Center,$338.11,Four-Door Car,Medsize
CR33417,Washington,6428.91,No,Basic,Master,2024-09-02,Employed,F,"$49,314.00",Rural,Married,$159.00,8,55,0,1,Personal Auto,Personal L1,1,Agent,$344.26,SUV,Medsize
KV53202,California,4092.39,No,Extended,High School or Below,2024-09-02,Unemployed,F,$0.00,Suburban,Single,$116.00,9,42,0,1,Corporate Auto,Corporate L1,2,Branch,$835.92,Two-Door Car,Medsize
IH43245,Nevada,10259.86,No,Extended,College,2024-09-02,Employed,M,"$70,353.00",Suburban,Divorced,$131.00,19,115,0,6,Corporate Auto,Corporate L3,1,Agent,$628.56,Four-Door Car,Medsize
TO14996,Oregon,7605.83,No,Basic,High School or Below,2024-09-02,Employed,M,"$50,753.00",Suburban,Married,$95.00,3,30,0,9,Personal Auto,Personal L3,1,Branch,$677.69,Four-Door Car,Medsize
LF61343,California,14214.17,No,Premium,High School or Below,2024-09-02,Disabled,M,"$17,129.00",Suburban,Married,$189.00,7,130,0,3,Personal Auto,Personal L1,1,Call Center,$907.20,SUV,Medsize
EE49066,Oregon,6708.86,No,Basic,High School or Below,2024-09-02,Employed,F,"$84,193.00",Suburban,Married,$84.00,0,134,0,8,Corporate Auto,Corporate L2,3,Branch,$401.76,Four-Door Car,Medsize
EZ20115,California,35512.31,No,Basic,Bachelor,2024-09-02,Employed,M,"$47,655.00",Urban,Married,$100.00,19,96,0,2,Personal Auto,Personal L3,1,Agent,$304.45,Four-Door Car,Medsize
HM93220,Arizona,20609.75,No,Extended,High School or Below,2024-09-02,Medical Leave,F,"$34,900.00",Suburban,Married,$182.00,39,96,1,2,Personal Auto,Personal L2,1,Agent,$874.80,Sports Car,Medsize
NT77164,Arizona,3704.63,No,Basic,Doctor,2024-09-02,Medical Leave,M,"$22,526.00",Rural,Married,$96.00,12,43,0,1,Personal Auto,Personal L2,1,Agent,$169.44,Four-Door Car,Medsize
OU62959,California,20967.91,No,Basic,Bachelor,2024-09-02,Employed,M,"$1,28,709.00",Urban,Married,$267.00,7,113,2,3,Personal Auto,Personal L2,3,Web,"$1,091.94",Luxury SUV,Medsize
XW93623,Nevada,9748.55,No,Basic,Bachelor,2024-09-02,Employed,M,"$45,645.00",Urban,Married,$248.00,23,80,0,1,Personal Auto,Personal L3,3,Agent,$792.96,Luxury SUV,Medsize
NB82190,Oregon,7125.55,No,Basic,College,2024-09-02,Employed,M,"$99,552.00",Rural,Single,$92.00,14,81,0,3,Personal Auto,Personal L1,2,Branch,$36.73,Two-Door Car,Medsize
NN40477,Arizona,5779.01,No,Basic,Bachelor,2024-09-02,Employed,F,"$71,117.00",Suburban,Divorced,$149.00,34,28,2,1,Personal Auto,Personal L2,2,Branch,$712.80,Sports Car,Medsize
YX67409,California,10879.19,No,Basic,Bachelor,2024-09-02,Employed,M,"$34,553.00",Suburban,Married,$136.00,7,116,0,9,Personal Auto,Personal L2,3,Call Center,$654.48,SUV,Medsize
EE95568,California,14788.42,No,Extended,Bachelor,2024-09-02,Employed,F,"$1,21,354.00",Urban,Single,$182.00,12,8,0,9,Personal Auto,Personal L3,1,Call Center,$710.44,SUV,Medsize
FP99321,Washington,3548.03,No,Extended,High School or Below,2024-09-02,Unemployed,M,$0.00,Suburban,Single,$120.00,16,99,4,1,Personal Auto,Personal L3,1,Branch,$865.08,Four-Door Car,Small
LN10007,Oregon,18048.75,No,Basic,College,2024-09-02,Employed,F,"$68,580.00",Suburban,Married,$151.00,1,61,0,2,Corporate Auto,Corporate L2,1,Call Center,$838.64,Sports Car,Medsize
IN67175,California,7639.84,No,Basic,College,2024-09-02,Employed,F,"$70,725.00",Suburban,Married,$97.00,39,11,1,9,Personal Auto,Personal L3,1,Agent,$466.56,Four-Door Car,Medsize
WC83553,Oregon,6580.19,No,Basic,College,2024-09-02,Employed,M,"$1,25,257.00",Rural,Married,$82.00,1,63,0,6,Personal Auto,Personal L1,2,Agent,$9.01,Two-Door Car,Medsize
TP96247,Oregon,5534.54,No,Basic,High School or Below,2024-09-02,Medical Leave,F,"$25,118.00",Suburban,Married,$149.00,16,61,1,1,Personal Auto,Personal L3,3,Agent,$767.94,SUV,Medsize
AM29546,Oregon,7053.79,No,Basic,College,2024-09-02,Employed,M,"$77,940.00",Suburban,Married,$89.00,32,89,0,5,Personal Auto,Personal L2,4,Call Center,$531.26,Two-Door Car,Medsize
KM58067,California,6111.38,No,Basic,High School or Below,2024-09-02,Employed,F,"$1,25,443.00",Rural,Married,$151.00,47,66,0,1,Personal Auto,Personal L2,2,Call Center,$147.54,SUV,Medsize
UG18431,Arizona,17662.71,No,Basic,Bachelor,2024-09-02,Employed,M,"$98,631.00",Suburban,Married,$146.00,12,105,0,2,Special Auto,Special L3,2,Call Center,$699.84,SUV,Medsize
WN14477,California,28667.85,No,Extended,Bachelor,2024-09-02,Unemployed,M,$0.00,Suburban,Divorced,$116.00,39,61,0,2,Personal Auto,Personal L1,2,Branch,$767.81,Four-Door Car,Medsize
LP86596,Arizona,3448.64,No,Basic,High School or Below,2024-09-02,Unemployed,F,$0.00,Suburban,Married,$95.00,26,36,0,1,Personal Auto,Personal L3,4,Agent,$453.60,Four-Door Car,Medsize
CR37971,Oregon,5266.22,No,Extended,Bachelor,2024-09-02,Employed,M,"$1,28,274.00",Urban,Married,$131.00,28,109,0,1,Personal Auto,Personal L2,2,Web,$426.44,Four-Door Car,Large
LG49010,California,3537.81,No,Basic,Bachelor,2024-09-02,Medical Leave,M,"$13,820.00",Urban,Married,$97.00,42,131,0,1,Personal Auto,Personal L2,2,Call Center,$342.41,Two-Door Car,Medsize
ZW51790,Arizona,14075.22,No,Basic,College,2024-09-02,Employed,F,"$70,662.00",Suburban,Married,$89.00,38,38,3,2,Personal Auto,Personal L3,1,Agent,$427.68,Two-Door Car,Small
AI58500,Arizona,3630.38,No,Basic,College,2024-09-02,Employed,F,"$35,848.00",Suburban,Married,$92.00,24,116,1,1,Personal Auto,Personal L2,3,Web,$528.78,Two-Door Car,Small
IY31142,Oregon,3299.84,No,Basic,College,2024-09-02,Employed,M,"$1,13,130.00",Urban,Single,$84.00,15,59,0,1,Personal Auto,Personal L3,2,Branch,$264.81,Four-Door Car,Medsize
JM30137,Washington,22671.86,No,Extended,College,2024-09-02,Unemployed,F,$0.00,Suburban,Single,$321.00,39,122,1,4,Personal Auto,Personal L3,2,Call Center,"$1,542.24",Luxury Car,Large
XS89049,Nevada,3810.5,No,Basic,College,2024-09-02,Disabled,F,"$34,467.00",Suburban,Married,$100.00,36,70,0,1,Personal Auto,Personal L3,1,Agent,$479.52,Two-Door Car,Small
SM39580,Arizona,4302.93,No,Extended,Doctor,2024-09-02,Unemployed,M,$0.00,Suburban,Married,$115.00,36,39,0,1,Corporate Auto,Corporate L2,2,Call Center,$803.47,Two-Door Car,Large
XB43418,California,6501.4,No,Extended,College,2024-09-02,Employed,M,"$80,241.00",Urban,Single,$167.00,45,74,0,1,Special Auto,Special L2,3,Branch,$759.60,SUV,Small
AS78838,California,3312.32,Yes,Basic,Bachelor,2024-09-02,Medical Leave,M,"$40,142.00",Suburban,Single,$93.00,4,124,0,1,Personal Auto,Personal L2,1,Agent,$447.12,Four-Door Car,Medsize
DD28380,Arizona,17710.3,No,Premium,College,2024-09-02,Medical Leave,F,"$16,003.00",Suburban,Married,$153.00,26,86,0,2,Personal Auto,Personal L1,1,Call Center,"$1,090.42",Four-Door Car,Medsize
LN49978,Oregon,6691.44,No,Basic,Bachelor,2024-09-02,Employed,F,"$42,609.00",Suburban,Married,$89.00,12,7,4,7,Personal Auto,Personal L2,4,Branch,$427.68,Four-Door Car,Medsize
ZG16710,Washington,3850.91,No,Basic,High School or Below,2024-09-02,Employed,M,"$36,235.00",Suburban,Married,$100.00,45,23,1,1,Personal Auto,Personal L3,3,Agent,$565.02,Four-Door Car,Medsize
WA68850,Arizona,5667.33,No,Basic,High School or Below,2024-09-02,Employed,M,"$41,307.00",Suburban,Married,$143.00,18,28,0,1,Personal Auto,Personal L2,3,Agent,$686.88,SUV,Medsize
IO89174,Oregon,10378.83,No,Basic,Bachelor,2024-09-02,Employed,F,"$76,518.00",Suburban,Single,$135.00,12,105,2,3,Personal Auto,Personal L3,1,Branch,$648.00,SUV,Medsize
MQ93707,Oregon,9109.16,No,Basic,High School or Below,2024-09-02,Disabled,M,"$36,073.00",Suburban,Divorced,$88.00,24,86,3,2,Personal Auto,Personal L2,2,Agent,$421.20,Four-Door Car,Medsize
ZE60021,Nevada,6918.48,No,Extended,High School or Below,2024-09-02,Medical Leave,F,"$19,528.00",Suburban,Married,$182.00,41,68,1,1,Corporate Auto,Corporate L2,1,Web,"$1,275.08",Sports Car,Small
HB59616,Washington,6079.02,No,Basic,College,2024-09-02,Unemployed,F,$0.00,Suburban,Single,$86.00,39,97,0,6,Personal Auto,Personal L2,1,Agent,$414.72,Two-Door Car,Large
UI89243,California,7726.77,No,Basic,Bachelor,2024-09-02,Employed,F,"$1,04,822.00",Suburban,Married,$96.00,4,39,0,6,Personal Auto,Personal L2,4,Branch,$460.08,Four-Door Car,Large
SE64365,California,6310.85,No,Premium,High School or Below,2024-09-02,Employed,M,"$48,371.00",Suburban,Married,$159.00,5,68,1,1,Corporate Auto,Corporate L2,1,Agent,$806.30,Four-Door Car,Small
BP23267,California,98855.04,No,Extended,Bachelor,2024-09-02,Employed,F,"$53,388.00",Suburban,Married,$273.00,15,28,0,2,Personal Auto,Personal L3,1,Branch,"$1,308.96",Luxury SUV,Medsize
CQ78705,Oregon,9646.15,No,Extended,College,2024-09-02,Employed,F,"$1,25,119.00",Suburban,Divorced,$123.00,11,31,3,8,Personal Auto,Personal L1,3,Web,$589.68,Four-Door Car,Medsize
BD66455,California,6643.04,No,Premium,High School or Below,2024-09-02,Unemployed,M,$0.00,Suburban,Single,$193.00,18,38,0,1,Personal Auto,Personal L3,1,Agent,"$1,389.96",SUV,Medsize
SH55598,Arizona,4999.64,No,Extended,High School or Below,2024-09-02,Employed,F,"$31,212.00",Suburban,Married,$126.00,7,117,0,1,Personal Auto,Personal L3,3,Agent,$602.64,Four-Door Car,Medsize
SX29898,California,12300.87,No,Basic,Bachelor,2024-09-02,Employed,F,"$73,914.00",Suburban,Married,$154.00,8,68,0,3,Personal Auto,Personal L3,3,Agent,$973.68,SUV,Medsize
OM92482,Arizona,6526.44,No,Basic,Bachelor,2024-09-02,Disabled,M,"$15,792.00",Suburban,Married,$88.00,5,51,0,3,Personal Auto,Personal L2,2,Branch,$631.80,Four-Door Car,Large
JV40853,California,37349.51,No,Extended,High School or Below,2024-09-02,Employed,F,"$83,546.00",Suburban,Divorced,$117.00,4,66,0,2,Personal Auto,Personal L3,2,Branch,$563.76,Two-Door Car,Small
RB16360,Oregon,7196.3,No,Extended,High School or Below,2024-09-02,Employed,M,"$1,13,724.00",Suburban,Divorced,$178.00,14,69,0,1,Personal Auto,Personal L3,3,Branch,$855.36,SUV,Large
YV49293,Arizona,23823.08,No,Basic,College,2024-09-02,Employed,F,"$49,815.00",Rural,Single,$82.00,28,38,3,2,Corporate Auto,Corporate L3,1,Branch,$147.54,Two-Door Car,Large
ZS72533,Oregon,7008.45,No,Basic,High School or Below,2024-09-02,Employed,M,"$1,16,709.00",Rural,Single,$88.00,0,134,0,3,Personal Auto,Personal L3,1,Branch,$10.52,Two-Door Car,Medsize
XJ39660,Oregon,7152.19,No,Basic,Bachelor,2024-09-02,Employed,F,"$89,374.00",Rural,Married,$89.00,20,51,0,8,Personal Auto,Personal L3,2,Call Center,$176.44,Four-Door Car,Medsize
ZL29593,Arizona,2943.11,No,Basic,College,2024-09-02,Unemployed,F,$0.00,Suburban,Single,$86.00,19,130,0,1,Personal Auto,Personal L2,2,Agent,$622.08,Four-Door Car,Medsize
FV83989,Arizona,3312.32,Yes,Basic,Bachelor,2024-09-02,Medical Leave,M,"$40,142.00",Suburban,Single,$93.00,4,124,0,1,Personal Auto,Personal L3,1,Agent,$447.12,Four-Door Car,Medsize
EZ48093,Arizona,3659.6,No,Basic,Bachelor,2024-09-02,Employed,M,"$43,197.00",Suburban,Married,$93.00,42,95,0,1,Corporate Auto,Corporate L3,3,Branch,$447.12,Four-Door Car,Small
OV64984,Arizona,6589.88,No,Basic,Bachelor,2024-09-02,Employed,M,"$1,22,704.00",Rural,Married,$82.00,1,42,0,6,Personal Auto,Personal L2,2,Branch,$138.14,Two-Door Car,Medsize
JN96178,Oregon,5049.55,No,Basic,High School or Below,2024-09-02,Unemployed,M,$0.00,Suburban,Married,$140.00,36,18,1,1,Personal Auto,Personal L2,2,Agent,$673.92,SUV,Large
VI14418,California,10279.8,No,Premium,Bachelor,2024-09-02,Medical Leave,M,"$22,554.00",Suburban,Divorced,$138.00,12,100,0,8,Special Auto,Special L3,3,Web,"$1,494.33",Four-Door Car,Medsize
IV13886,California,9844.74,No,Basic,High School or Below,2024-09-02,Unemployed,M,$0.00,Suburban,Married,$92.00,8,68,0,2,Personal Auto,Personal L3,1,Branch,$561.58,Two-Door Car,Medsize
RU76604,Arizona,3484.15,Yes,Basic,College,2024-09-02,Employed,M,"$63,315.00",Suburban,Married,$89.00,18,80,0,1,Personal Auto,Personal L3,2,Web,$427.68,Four-Door Car,Medsize
DK92504,Arizona,11851.77,No,Extended,High School or Below,2024-09-02,Employed,M,"$73,880.00",Suburban,Married,$296.00,41,93,0,1,Corporate Auto,Corporate L1,3,Branch,"$1,419.12",Luxury Car,Small
XB30904,Arizona,7933.1,No,Basic,High School or Below,2024-09-02,Employed,M,"$1,30,985.00",Rural,Married,$99.00,41,89,0,3,Personal Auto,Personal L3,2,Call Center,$131.51,Two-Door Car,Medsize
QE21030,Washington,20902.77,No,Basic,High School or Below,2024-09-02,Employed,M,"$33,292.00",Suburban,Married,$265.00,8,38,0,7,Personal Auto,Personal L1,2,Call Center,"$2,647.57",Luxury SUV,Medsize
ZK50586,Oregon,3914.9,No,Basic,College,2024-09-02,Employed,F,"$89,807.00",Urban,Married,$100.00,20,11,4,1,Personal Auto,Personal L3,4,Agent,$322.00,Two-Door Car,Medsize
VL58402,Washington,3484.15,Yes,Basic,College,2024-09-02,Employed,M,"$63,315.00",Suburban,Married,$89.00,18,80,0,1,Personal Auto,Personal L2,2,Web,$427.68,Four-Door Car,Medsize
SV94314,Arizona,17882.87,No,Premium,Bachelor,2024-09-02,Employed,M,"$49,812.00",Suburban,Married,$228.00,19,49,1,3,Personal Auto,Personal L3,3,Branch,"$1,095.12",SUV,Medsize
ME22430,Nevada,3312.32,Yes,Basic,Bachelor,2024-09-02,Medical Leave,M,"$40,142.00",Suburban,Single,$93.00,4,124,0,1,Personal Auto,Personal L2,1,Agent,$447.12,Four-Door Car,Medsize
FV33188,Washington,3312.32,Yes,Basic,Bachelor,2024-09-02,Medical Leave,M,"$40,142.00",Suburban,Single,$93.00,4,124,0,1,Personal Auto,Personal L2,1,Agent,$447.12,Four-Door Car,Medsize
KC17606,California,7080.14,No,Basic,College,2024-09-02,Employed,F,"$37,049.00",Urban,Married,$89.00,28,119,0,3,Personal Auto,Personal L3,3,Web,$423.81,Four-Door Car,Large
BI81476,Oregon,13967.25,No,Extended,High School or Below,2024-09-02,Employed,F,"$75,473.00",Rural,Married,$116.00,35,4,0,2,Personal Auto,Personal L2,3,Agent,$78.93,Four-Door Car,Medsize
PA56702,Arizona,11568.64,No,Basic,Doctor,2024-09-02,Unemployed,M,$0.00,Suburban,Married,$158.00,18,15,0,8,Personal Auto,Personal L1,4,Agent,"$1,292.13",SUV,Small
OJ43280,California,7620.04,No,Basic,Bachelor,2024-09-02,Employed,M,"$44,735.00",Suburban,Single,$100.00,22,11,0,4,Personal Auto,Personal L2,3,Web,$637.88,Two-Door Car,Medsize
YD28431,California,9438.68,No,Extended,Master,2024-09-02,Employed,F,"$89,567.00",Rural,Married,$117.00,20,9,1,4,Personal Auto,Personal L1,4,Agent,$105.54,Four-Door Car,Large
OB52091,Washington,10951.64,No,Basic,Bachelor,2024-09-02,Employed,M,"$1,17,994.00",Suburban,Divorced,$92.00,1,85,0,2,Personal Auto,Personal L1,1,Agent,$615.99,Four-Door Car,Medsize
HN54181,California,8117.6,No,Extended,College,2024-09-02,Unemployed,F,$0.00,Suburban,Single,$113.00,11,41,0,7,Personal Auto,Personal L1,3,Agent,$816.48,Four-Door Car,Small
NV13794,Nevada,12891.3,No,Basic,High School or Below,2024-09-02,Employed,F,"$75,581.00",Urban,Married,$161.00,4,81,0,9,Personal Auto,Personal L1,1,Agent,$524.48,SUV,Small
CF41619,Nevada,3144.77,No,Basic,College,2024-09-02,Employed,M,"$28,261.00",Suburban,Married,$82.00,19,47,1,1,Personal Auto,Personal L3,2,Branch,$395.28,Four-Door Car,Small
EZ43738,California,7026.27,No,Basic,Bachelor,2024-09-02,Medical Leave,F,"$39,698.00",Suburban,Married,$92.00,45,107,0,6,Personal Auto,Personal L3,1,Agent,$440.64,Four-Door Car,Medsize
XC83045,Nevada,22221.1,No,Extended,Bachelor,2024-09-02,Disabled,M,"$22,773.00",Suburban,Divorced,$300.00,38,77,0,3,Personal Auto,Personal L2,1,Call Center,"$1,438.56",Luxury SUV,Small
MD33155,California,3484.15,Yes,Basic,College,2024-09-02,Employed,M,"$63,315.00",Suburban,Married,$89.00,18,80,0,1,Corporate Auto,Corporate L3,2,Web,$427.68,Four-Door Car,Medsize
CY97519,California,23067.12,No,Basic,College,2024-09-02,Employed,M,"$35,551.00",Suburban,Married,$85.00,4,99,2,2,Corporate Auto,Corporate L1,2,Branch,$612.36,Two-Door Car,Small
HC90344,California,27500.54,No,Basic,Bachelor,2024-09-02,Unemployed,F,$0.00,Suburban,Single,$99.00,0,28,1,2,Corporate Auto,Corporate L2,1,Branch,$709.56,Four-Door Car,Medsize
ZU83252,California,11750.03,No,Basic,Master,2024-09-02,Employed,F,"$83,561.00",Rural,Married,$97.00,9,107,0,2,Personal Auto,Personal L3,3,Web,$4.60,Four-Door Car,Medsize
PR80703,California,7757.04,No,Basic,Bachelor,2024-09-02,Employed,F,"$69,302.00",Rural,Married,$96.00,23,119,0,9,Personal Auto,Personal L3,1,Branch,$231.78,Four-Door Car,Medsize
PJ36160,California,21968.2,No,Basic,Bachelor,2024-09-02,Employed,M,"$1,12,845.00",Urban,Single,$139.00,36,88,0,2,Personal Auto,Personal L2,3,Agent,$494.15,SUV,Small
NS23754,California,3465.16,No,Basic,High School or Below,2024-09-02,Employed,F,"$28,856.00",Suburban,Married,$88.00,19,89,0,1,Corporate Auto,Corporate L3,3,Call Center,$421.20,Four-Door Car,Large
QO56615,California,4023.01,No,Extended,College,2024-09-02,Medical Leave,F,"$18,272.00",Suburban,Married,$108.00,9,72,1,1,Personal Auto,Personal L3,2,Agent,$518.40,Four-Door Car,Small
IC80537,California,3484.15,Yes,Basic,College,2024-09-02,Employed,M,"$63,315.00",Suburban,Married,$89.00,18,80,0,1,Corporate Auto,Corporate L2,2,Web,$427.68,Four-Door Car,Medsize
SJ95423,Arizona,11905.68,Yes,Basic,High School or Below,2024-10-01,Employed,M,"$1,34,791.00",Suburban,Married,$149.00,31,34,1,8,Corporate Auto,Corporate L3,2,Branch,$712.80,SUV,Medsize
DP45816,Arizona,15712.2,No,Extended,High School or Below,2024-10-01,Employed,F,"$83,006.00",Urban,Married,$131.00,7,88,0,2,Personal Auto,Personal L3,4,Branch,$628.10,Two-Door Car,Small
IC13702,California,9407.26,No,Basic,Bachelor,2024-10-01,Unemployed,F,$0.00,Suburban,Single,$93.00,45,82,1,2,Personal Auto,Personal L3,1,Agent,$670.68,Four-Door Car,Small
JT52858,Oregon,12187.62,No,Premium,Bachelor,2024-10-01,Employed,F,"$1,33,653.00",Suburban,Married,$151.00,45,101,1,8,Personal Auto,Personal L1,3,Branch,$725.76,Four-Door Car,Medsize
CE56187,Oregon,5890.22,No,Basic,Master,2024-10-01,Employed,F,"$73,594.00",Urban,Divorced,$147.00,7,49,3,1,Personal Auto,Personal L2,2,Branch,$386.42,SUV,Medsize
CM88932,Oregon,4799.04,Yes,Extended,Master,2024-10-01,Employed,F,"$79,052.00",Rural,Married,$119.00,5,112,0,1,Corporate Auto,Corporate L2,1,Branch,$74.94,Four-Door Car,Large
RA66180,Washington,3731.44,No,Basic,High School or Below,2024-10-01,Employed,F,"$45,680.00",Urban,Married,$97.00,39,73,4,1,Corporate Auto,Corporate L2,1,Branch,$412.53,Two-Door Car,Medsize
NM88660,Nevada,4840.94,No,Extended,Master,2024-10-01,Employed,M,"$66,258.00",Rural,Single,$123.00,19,92,0,1,Corporate Auto,Corporate L2,1,Agent,$34.15,Four-Door Car,Small
IO33050,Oregon,6911.21,No,Basic,High School or Below,2024-10-01,Employed,F,"$54,228.00",Urban,Divorced,$88.00,1,63,1,3,Personal Auto,Personal L3,1,Call Center,$408.81,Four-Door Car,Medsize
FV19421,California,10504.35,No,Basic,Bachelor,2024-10-01,Unemployed,M,$0.00,Urban,Married,$100.00,0,70,0,2,Personal Auto,Personal L1,1,Branch,$332.76,Four-Door Car,Medsize
NZ15548,Oregon,5432.15,No,Premium,Bachelor,2024-10-01,Employed,M,"$56,475.00",Suburban,Married,$139.00,38,58,0,1,Personal Auto,Personal L3,2,Branch,$869.17,Four-Door Car,Medsize
KH59823,California,7410.44,No,Extended,College,2024-10-01,Employed,M,"$68,773.00",Suburban,Divorced,$188.00,24,19,0,1,Special Auto,Special L2,1,Branch,$900.72,SUV,Medsize
DR38127,California,11574.18,No,Premium,College,2024-10-01,Employed,M,"$63,049.00",Suburban,Single,$146.00,0,65,0,6,Personal Auto,Personal L3,1,Branch,$915.44,Four-Door Car,Small
BE62503,Washington,12428.91,No,Extended,College,2024-10-01,Retired,F,"$33,195.00",Suburban,Married,$111.00,45,53,0,2,Personal Auto,Personal L3,1,Branch,$690.52,Two-Door Car,Medsize
UU98729,California,7232.21,No,Basic,Bachelor,2024-10-01,Unemployed,M,$0.00,Suburban,Married,$99.00,19,100,0,8,Personal Auto,Personal L3,1,Call Center,$473.65,Four-Door Car,Large
MR57294,California,7613.92,Yes,Basic,High School or Below,2024-10-01,Employed,M,"$98,777.00",Suburban,Married,$95.00,28,68,0,3,Personal Auto,Personal L3,2,Agent,$574.83,Four-Door Car,Medsize
OA96690,Oregon,10019.15,No,Extended,High School or Below,2024-10-01,Employed,F,"$63,998.00",Urban,Married,$127.00,3,130,1,6,Personal Auto,Personal L3,1,Agent,$387.65,Four-Door Car,Medsize
VM84548,Washington,11905.68,Yes,Basic,High School or Below,2024-10-01,Employed,M,"$1,34,791.00",Suburban,Married,$149.00,31,34,1,8,Personal Auto,Personal L2,2,Branch,$712.80,SUV,Medsize
OH15771,California,5365.09,No,Basic,Bachelor,2024-10-01,Unemployed,M,$0.00,Suburban,Single,$158.00,12,105,0,1,Personal Auto,Personal L3,2,Agent,$758.16,SUV,Medsize
BI34376,California,10637.9,No,Extended,Doctor,2024-10-01,Employed,F,"$61,699.00",Suburban,Married,$132.00,23,49,0,9,Personal Auto,Personal L1,4,Agent,$635.04,Two-Door Car,Small
KT40899,California,12625.85,No,Extended,High School or Below,2024-10-01,Employed,M,"$1,01,839.00",Rural,Married,$105.00,14,27,0,2,Personal Auto,Personal L2,2,Agent,$13.16,Four-Door Car,Medsize
OI29521,Oregon,14025.13,No,Extended,College,2024-10-01,Employed,F,"$45,133.00",Rural,Single,$122.00,38,58,0,2,Corporate Auto,Corporate L3,1,Agent,$217.92,Two-Door Car,Medsize
ET79528,California,4210.62,No,Extended,College,2024-10-01,Employed,M,"$31,061.00",Rural,Married,$107.00,39,66,1,1,Personal Auto,Personal L1,2,Call Center,$108.90,Four-Door Car,Medsize
SC93784,Oregon,7438.65,No,Basic,Bachelor,2024-10-01,Employed,M,"$82,891.00",Rural,Married,$93.00,11,104,0,3,Personal Auto,Personal L2,1,Call Center,$194.99,Four-Door Car,Medsize
IQ82914,Oregon,6727.67,No,Basic,Master,2024-10-01,Employed,F,"$81,560.00",Rural,Divorced,$84.00,14,42,0,5,Personal Auto,Personal L3,2,Branch,$98.10,Two-Door Car,Small
RO85831,Oregon,10167.79,No,Basic,High School or Below,2024-10-01,Employed,M,"$1,10,912.00",Suburban,Single,$254.00,7,45,0,1,Corporate Auto,Corporate L3,4,Agent,"$1,827.36",Luxury Car,Medsize
XD29421,Oregon,20739.18,No,Basic,High School or Below,2024-10-01,Employed,M,"$64,955.00",Suburban,Married,$259.00,20,90,0,5,Personal Auto,Personal L3,3,Agent,"$1,866.24",Luxury Car,Large
JC45487,Washington,7613.92,Yes,Basic,High School or Below,2024-10-01,Employed,M,"$98,777.00",Suburban,Married,$95.00,28,68,0,3,Personal Auto,Personal L2,2,Agent,$574.83,Four-Door Car,Medsize
TY43440,California,11905.68,Yes,Basic,High School or Below,2024-10-01,Employed,M,"$1,34,791.00",Suburban,Married,$149.00,31,34,1,8,Personal Auto,Personal L3,2,Branch,$712.80,SUV,Medsize
AJ58038,California,3234.9,Yes,Basic,Bachelor,2024-10-01,Unemployed,F,$0.00,Suburban,Married,$89.00,8,96,2,1,Corporate Auto,Corporate L1,2,Call Center,$584.77,Four-Door Car,Large
KG85675,Nevada,6381.27,Yes,Extended,Bachelor,2024-10-01,Medical Leave,F,"$17,600.00",Suburban,Married,$167.00,38,66,0,1,Personal Auto,Personal L3,2,Agent,"$1,133.12",SUV,Small
DA35744,Oregon,22675.05,No,Basic,Doctor,2024-10-01,Employed,M,"$90,148.00",Rural,Single,$96.00,15,61,0,2,Corporate Auto,Corporate L3,4,Agent,$177.94,Four-Door Car,Small
YD87931,Washington,6684.74,No,Basic,Doctor,2024-10-01,Employed,M,"$63,310.00",Rural,Married,$84.00,12,45,1,4,Personal Auto,Personal L3,2,Agent,$42.80,Four-Door Car,Medsize
HN38084,Nevada,15893.27,No,Basic,High School or Below,2024-10-01,Employed,M,"$68,861.00",Suburban,Married,$100.00,7,128,0,2,Corporate Auto,Corporate L1,3,Branch,$479.52,Two-Door Car,Small
GK92563,Washington,9205.96,No,Extended,Doctor,2024-10-01,Employed,F,"$30,364.00",Rural,Divorced,$115.00,46,119,0,7,Personal Auto,Personal L2,2,Agent,$83.23,Two-Door Car,Medsize
FT86104,California,6277.59,Yes,Basic,College,2024-10-01,Retired,M,"$38,090.00",Suburban,Single,$88.00,20,35,0,3,Corporate Auto,Corporate L2,1,Agent,$631.80,Two-Door Car,Medsize
MN95006,California,9353.61,No,Basic,Bachelor,2024-10-01,Employed,M,"$30,924.00",Rural,Married,$243.00,18,116,2,1,Personal Auto,Personal L2,4,Call Center,$66.40,Luxury SUV,Medsize
CL38124,Oregon,26579.23,No,Basic,Bachelor,2024-10-01,Employed,F,"$1,13,237.00",Urban,Married,$93.00,4,89,0,2,Personal Auto,Personal L2,1,Agent,$286.40,Four-Door Car,Medsize
JR82641,Arizona,14421.73,No,Extended,Master,2024-10-01,Employed,M,"$71,503.00",Rural,Married,$181.00,8,104,3,4,Personal Auto,Personal L3,4,Agent,$113.15,SUV,Medsize
OA92714,California,6825.47,No,Basic,Bachelor,2024-10-01,Employed,F,"$1,20,135.00",Urban,Married,$85.00,26,38,1,3,Personal Auto,Personal L3,3,Call Center,$314.21,Four-Door Car,Small
MP96373,Washington,7721.71,No,Basic,Master,2024-10-01,Employed,M,"$73,690.00",Suburban,Married,$96.00,45,53,1,3,Personal Auto,Personal L2,3,Call Center,$460.08,Two-Door Car,Small
IS21172,Oregon,6381.27,Yes,Extended,Bachelor,2024-10-01,Medical Leave,F,"$17,600.00",Suburban,Married,$167.00,38,66,0,1,Personal Auto,Personal L1,2,Agent,"$1,133.12",SUV,Small
EZ75048,California,4167.79,No,Extended,Doctor,2024-10-01,Employed,M,"$55,719.00",Urban,Married,$104.00,22,26,0,1,Personal Auto,Personal L3,2,Call Center,$298.66,Four-Door Car,Medsize
MI99404,California,6277.59,Yes,Basic,College,2024-10-01,Retired,M,"$38,090.00",Suburban,Single,$88.00,20,35,0,3,Personal Auto,Personal L3,1,Agent,$631.80,Two-Door Car,Medsize
PP26786,Arizona,3901.96,No,Basic,College,2024-10-01,Employed,M,"$70,073.00",Suburban,Married,$99.00,39,105,0,1,Corporate Auto,Corporate L2,2,Branch,$506.07,Four-Door Car,Medsize
DT52189,California,8541.02,No,Extended,High School or Below,2024-10-01,Unemployed,F,$0.00,Suburban,Divorced,$117.00,3,55,0,3,Personal Auto,Personal L2,3,Call Center,$563.76,Four-Door Car,Medsize
HY25004,Arizona,6141.26,No,Basic,High School or Below,2024-10-01,Unemployed,F,$0.00,Suburban,Married,$84.00,16,72,0,3,Personal Auto,Personal L3,2,Call Center,$863.67,Two-Door Car,Medsize
ZZ89380,Oregon,4315.38,No,Extended,Bachelor,2024-10-01,Employed,F,"$84,800.00",Rural,Married,$108.00,19,113,0,1,Special Auto,Special L1,2,Call Center,$63.53,Two-Door Car,Large
JC96695,California,12418.22,No,Basic,Doctor,2024-10-01,Employed,M,"$42,609.00",Suburban,Married,$155.00,19,8,0,3,Personal Auto,Personal L2,1,Call Center,$745.20,SUV,Medsize
RN55306,Oregon,6969.2,No,Basic,High School or Below,2024-10-01,Unemployed,F,$0.00,Suburban,Single,$100.00,45,124,0,4,Personal Auto,Personal L1,1,Agent,$786.27,Four-Door Car,Medsize
US89453,California,12179.81,No,Extended,College,2024-10-01,Unemployed,M,$0.00,Suburban,Single,$169.00,9,134,0,3,Personal Auto,Personal L3,1,Branch,"$1,334.52",SUV,Large
DE91458,Washington,3920.06,No,Extended,Master,2024-10-01,Unemployed,F,$0.00,Suburban,Married,$104.00,20,120,0,1,Personal Auto,Personal L3,2,Web,$663.75,Four-Door Car,Medsize
DY49235,Arizona,7027.76,No,Basic,College,2024-10-01,Disabled,F,"$34,070.00",Suburban,Divorced,$93.00,31,70,0,9,Personal Auto,Personal L3,2,Agent,$510.77,Four-Door Car,Medsize
LR37068,Oregon,14891.39,No,Extended,College,2024-10-01,Employed,F,"$48,294.00",Suburban,Married,$126.00,34,120,0,2,Personal Auto,Personal L3,1,Web,$602.64,Four-Door Car,Small
HR85493,California,9309.72,No,Basic,College,2024-10-01,Unemployed,M,$0.00,Suburban,Single,$92.00,14,72,0,2,Personal Auto,Personal L3,3,Agent,$440.64,Two-Door Car,Medsize
JZ15681,California,4893.62,No,Extended,High School or Below,2024-10-01,Employed,M,"$51,088.00",Urban,Divorced,$124.00,3,23,0,1,Personal Auto,Personal L3,3,Agent,$478.51,Four-Door Car,Medsize
CN13435,California,7416.49,No,Basic,College,2024-10-01,Employed,F,"$59,898.00",Urban,Married,$92.00,18,30,0,8,Personal Auto,Personal L3,4,Call Center,$250.14,Four-Door Car,Medsize
QG25195,Oregon,6569.97,No,Basic,Bachelor,2024-10-01,Unemployed,F,$0.00,Suburban,Single,$92.00,5,23,0,9,Personal Auto,Personal L3,1,Agent,$599.44,Four-Door Car,Medsize
BA38428,Arizona,7613.92,Yes,Basic,High School or Below,2024-10-01,Employed,M,"$98,777.00",Suburban,Married,$95.00,28,68,0,3,Corporate Auto,Corporate L3,2,Agent,$574.83,Four-Door Car,Medsize
UQ67668,Nevada,7613.92,Yes,Basic,High School or Below,2024-10-01,Employed,M,"$98,777.00",Suburban,Married,$95.00,28,68,0,3,Personal Auto,Personal L3,2,Agent,$574.83,Four-Door Car,Medsize
DP63956,Arizona,9168.14,No,Basic,Bachelor,2024-10-01,Unemployed,F,$0.00,Suburban,Single,$136.00,26,15,1,8,Corporate Auto,Corporate L2,1,Agent,$981.72,SUV,Large
WX31658,Arizona,9744.32,No,Basic,Doctor,2024-10-01,Employed,F,"$43,621.00",Urban,Married,$82.00,39,42,3,2,Personal Auto,Personal L2,3,Call Center,$373.40,Two-Door Car,Medsize
TG40558,Oregon,9799.64,No,Basic,High School or Below,2024-10-01,Employed,M,"$82,308.00",Rural,Married,$82.00,12,7,0,2,Corporate Auto,Corporate L3,2,Web,$197.26,Four-Door Car,Medsize
TZ51184,Arizona,13201.63,No,Extended,College,2024-10-01,Unemployed,M,$0.00,Suburban,Single,$185.00,9,20,0,3,Corporate Auto,Corporate L3,1,Agent,"$1,331.64",SUV,Medsize
PU11172,Oregon,4778.96,No,Extended,High School or Below,2024-10-01,Unemployed,F,$0.00,Suburban,Single,$134.00,18,117,0,1,Personal Auto,Personal L3,1,Web,"$1,564.46",Four-Door Car,Medsize
EX89625,Arizona,7551.14,No,Basic,Bachelor,2024-10-01,Employed,F,"$1,30,148.00",Suburban,Married,$93.00,22,86,0,8,Personal Auto,Personal L1,2,Web,$447.12,Two-Door Car,Medsize
LP34743,Oregon,6381.27,Yes,Extended,Bachelor,2024-10-01,Medical Leave,F,"$17,600.00",Suburban,Married,$167.00,38,66,0,1,Personal Auto,Personal L3,2,Agent,"$1,133.12",SUV,Small
CO23919,Oregon,41470.4,No,Basic,Bachelor,2024-10-01,Employed,F,"$1,22,319.00",Rural,Single,$147.00,1,65,0,2,Special Auto,Special L2,2,Agent,$328.68,SUV,Medsize
DD89544,Arizona,25251.55,No,Extended,Bachelor,2024-10-01,Employed,M,"$87,654.00",Suburban,Married,$324.00,18,15,3,8,Corporate Auto,Corporate L1,1,Agent,"$1,703.26",Luxury SUV,Medsize
BO21461,California,3860.73,No,Basic,College,2024-10-01,Employed,M,"$1,33,487.00",Rural,Single,$99.00,19,45,1,1,Personal Auto,Personal L3,4,Call Center,$146.70,Four-Door Car,Medsize
XZ34917,Washington,7619.13,No,Basic,Bachelor,2024-10-01,Employed,M,"$55,408.00",Suburban,Married,$97.00,30,81,0,3,Personal Auto,Personal L3,2,Call Center,$466.56,Four-Door Car,Small
HH49391,Oregon,12710.17,No,Extended,High School or Below,2024-10-01,Retired,M,"$21,250.00",Suburban,Divorced,$178.00,19,5,0,4,Special Auto,Special L1,3,Web,$855.36,SUV,Medsize
OB21477,Oregon,14549.72,No,Extended,College,2024-10-01,Employed,M,"$72,140.00",Suburban,Married,$123.00,3,117,0,2,Personal Auto,Personal L1,3,Branch,$589.68,Two-Door Car,Medsize
OS11465,Oregon,11476.23,No,Basic,High School or Below,2024-10-01,Employed,M,"$1,06,857.00",Suburban,Married,$143.00,16,7,0,7,Special Auto,Special L1,4,Call Center,$686.88,SUV,Medsize
SM10254,Oregon,6381.27,Yes,Extended,Bachelor,2024-10-01,Medical Leave,F,"$17,600.00",Suburban,Married,$167.00,38,66,0,1,Personal Auto,Personal L1,2,Agent,"$1,133.12",SUV,Small
OW15518,Washington,21532.53,No,Extended,College,2024-10-01,Unemployed,F,$0.00,Rural,Married,$117.00,14,74,1,2,Personal Auto,Personal L2,2,Web,$62.16,Two-Door Car,Medsize
BR28896,Nevada,4288.08,No,Extended,High School or Below,2024-10-01,Employed,M,"$87,353.00",Urban,Single,$109.00,7,4,0,1,Personal Auto,Personal L3,2,Web,$503.43,Two-Door Car,Large
ZY77695,Arizona,3285.78,No,Basic,Bachelor,2024-10-01,Unemployed,M,$0.00,Suburban,Single,$97.00,38,39,0,1,Personal Auto,Personal L3,1,Agent,$466.56,Two-Door Car,Medsize
VF96109,Oregon,11905.68,Yes,Basic,High School or Below,2024-10-01,Employed,M,"$1,34,791.00",Suburban,Married,$149.00,31,34,1,8,Personal Auto,Personal L3,2,Branch,$712.80,SUV,Medsize
LE12782,Arizona,6030.42,No,Basic,College,2024-10-01,Employed,M,"$38,695.00",Suburban,Married,$82.00,20,11,4,7,Personal Auto,Personal L2,4,Agent,$395.28,Four-Door Car,Medsize
UV44069,Oregon,3394.48,No,Basic,High School or Below,2024-10-01,Medical Leave,F,"$31,730.00",Suburban,Single,$93.00,26,76,0,1,Corporate Auto,Corporate L2,1,Agent,$505.44,Two-Door Car,Small
YR45605,Oregon,3258.75,No,Basic,Bachelor,2024-10-01,Unemployed,F,$0.00,Suburban,Single,$92.00,8,47,0,1,Personal Auto,Personal L2,3,Web,$511.93,Four-Door Car,Medsize
XI31845,Oregon,21610.73,No,Extended,High School or Below,2024-10-01,Employed,F,"$61,158.00",Suburban,Divorced,$180.00,5,46,0,2,Personal Auto,Personal L1,3,Branch,$861.84,SUV,Small
XH47320,Nevada,3965.52,No,Basic,Master,2024-10-01,Employed,F,"$1,12,313.00",Urban,Single,$99.00,24,49,1,1,Personal Auto,Personal L1,1,Call Center,$449.14,Two-Door Car,Medsize
PU88199,Oregon,11905.68,Yes,Basic,High School or Below,2024-10-01,Employed,M,"$1,34,791.00",Suburban,Married,$149.00,31,34,1,8,Corporate Auto,Corporate L2,2,Branch,$712.80,SUV,Medsize
EL42453,Washington,3401.42,No,Basic,Bachelor,2024-10-01,Employed,M,"$55,852.00",Suburban,Married,$86.00,28,43,0,1,Personal Auto,Personal L2,2,Branch,$414.72,Four-Door Car,Small
MB75636,Oregon,3293.91,No,Basic,College,2024-10-01,Employed,F,"$68,683.00",Urban,Married,$82.00,18,81,0,1,Personal Auto,Personal L2,1,Agent,$231.19,Four-Door Car,Medsize
EY27917,Oregon,11519.54,No,Basic,Master,2024-10-01,Employed,M,"$40,624.00",Rural,Married,$146.00,45,122,0,9,Personal Auto,Personal L1,2,Call Center,$259.56,SUV,Large
BT20606,Arizona,7880.66,No,Basic,Doctor,2024-10-01,Employed,M,"$1,12,466.00",Suburban,Married,$99.00,4,109,1,7,Personal Auto,Personal L2,3,Agent,$566.29,Four-Door Car,Medsize
HR92775,California,4355.8,No,Extended,College,2024-10-01,Employed,F,"$1,23,895.00",Urban,Single,$109.00,5,28,0,1,Personal Auto,Personal L3,1,Call Center,$384.78,Four-Door Car,Medsize
KL54950,Oregon,6117.35,No,Extended,Bachelor,2024-10-01,Employed,M,"$32,002.00",Suburban,Married,$165.00,45,3,4,1,Personal Auto,Personal L3,1,Agent,$790.56,SUV,Medsize
LI45265,Oregon,11568.72,No,Basic,Bachelor,2024-10-01,Employed,F,"$1,34,734.00",Urban,Married,$96.00,1,90,0,2,Personal Auto,Personal L2,2,Call Center,$255.34,Four-Door Car,Small
FV54537,California,18555.81,No,Basic,College,2024-10-01,Employed,M,"$55,094.00",Suburban,Married,$154.00,11,19,0,2,Personal Auto,Personal L2,1,Branch,"$1,053.51",SUV,Medsize
NV94455,Arizona,9262.73,No,Basic,College,2024-10-01,Unemployed,F,$0.00,Suburban,Single,$96.00,15,28,3,2,Personal Auto,Personal L3,4,Call Center,$642.87,Two-Door Car,Medsize
VU33725,Oregon,4965.18,No,Extended,High School or Below,2024-10-01,Employed,M,"$42,321.00",Suburban,Married,$126.00,14,43,0,1,Corporate Auto,Corporate L2,4,Branch,$602.64,Four-Door Car,Medsize
AD28535,California,4799.04,Yes,Extended,Master,2024-10-01,Employed,F,"$79,052.00",Rural,Married,$119.00,5,112,0,1,Personal Auto,Personal L1,1,Branch,$74.94,Four-Door Car,Large
ZI86917,Nevada,51733.11,No,Basic,Bachelor,2024-10-01,Employed,M,"$61,124.00",Suburban,Married,$258.00,26,0,0,2,Special Auto,Special L2,2,Agent,"$1,237.68",Luxury SUV,Medsize
YQ79307,Washington,6438.09,No,Basic,Bachelor,2024-10-01,Employed,M,"$69,044.00",Urban,Married,$82.00,38,43,1,9,Personal Auto,Personal L3,1,Agent,$301.46,Two-Door Car,Medsize
UX91266,California,4703.59,No,Extended,Bachelor,2024-10-01,Employed,M,"$46,314.00",Rural,Divorced,$124.00,45,84,2,1,Personal Auto,Personal L3,1,Call Center,$251.13,Four-Door Car,Medsize
ZY60545,California,25567.02,No,Basic,College,2024-10-01,Employed,F,"$1,23,572.00",Rural,Married,$90.00,47,18,1,2,Personal Auto,Personal L3,1,Agent,$170.96,Four-Door Car,Large
VH41477,Oregon,6401.84,No,Premium,High School or Below,2024-10-01,Employed,M,"$86,253.00",Rural,Married,$161.00,18,18,0,1,Corporate Auto,Corporate L3,4,Agent,$10.33,Two-Door Car,Medsize
NI71089,California,6277.59,Yes,Basic,College,2024-10-01,Retired,M,"$38,090.00",Suburban,Single,$88.00,20,35,0,3,Personal Auto,Personal L3,1,Agent,$631.80,Two-Door Car,Medsize
WU63862,Oregon,7317.49,No,Basic,College,2024-10-01,Employed,M,"$42,679.00",Urban,Single,$96.00,35,93,0,4,Personal Auto,Personal L3,2,Branch,$316.82,Four-Door Car,Medsize
SB64064,Nevada,3234.9,Yes,Basic,Bachelor,2024-10-01,Unemployed,F,$0.00,Suburban,Married,$89.00,8,96,2,1,Personal Auto,Personal L3,2,Call Center,$584.77,Four-Door Car,Large
AN21193,Washington,9360,No,Basic,Bachelor,2024-10-01,Unemployed,F,$0.00,Suburban,Single,$95.00,26,89,1,2,Personal Auto,Personal L3,2,Agent,$680.40,Four-Door Car,Medsize
YG92601,California,4467.49,No,Extended,College,2024-10-01,Employed,M,"$1,15,603.00",Rural,Married,$111.00,31,5,0,1,Personal Auto,Personal L3,2,Call Center,$9.80,Two-Door Car,Medsize
HM33037,Arizona,10272.27,No,Basic,Bachelor,2024-10-01,Disabled,M,"$21,915.00",Suburban,Married,$266.00,23,92,0,1,Personal Auto,Personal L1,4,Web,"$1,914.84",Luxury Car,Medsize
LG98245,Nevada,5162.2,No,Basic,Bachelor,2024-10-01,Unemployed,M,$0.00,Suburban,Single,$146.00,43,128,0,1,Personal Auto,Personal L3,1,Agent,"$1,049.76",SUV,Medsize
HY32811,California,10597.67,No,Basic,Bachelor,2024-10-01,Employed,F,"$90,701.00",Urban,Single,$89.00,30,27,0,2,Personal Auto,Personal L2,3,Branch,$249.66,Four-Door Car,Small
GA50461,Oregon,6381.27,Yes,Extended,Bachelor,2024-10-01,Medical Leave,F,"$17,600.00",Suburban,Married,$167.00,38,66,0,1,Personal Auto,Personal L1,2,Agent,"$1,133.12",SUV,Small
ZN27753,Oregon,7822.66,No,Basic,Bachelor,2024-10-01,Employed,M,"$95,207.00",Suburban,Married,$99.00,24,7,0,4,Personal Auto,Personal L2,2,Web,$473.04,Four-Door Car,Medsize
DJ52170,California,7613.92,Yes,Basic,High School or Below,2024-10-01,Employed,M,"$98,777.00",Suburban,Married,$95.00,28,68,0,3,Special Auto,Special L3,2,Agent,$574.83,Four-Door Car,Medsize
RS60249,Oregon,5741.93,No,Basic,Bachelor,2024-10-01,Unemployed,M,$0.00,Suburban,Single,$84.00,18,11,0,5,Personal Auto,Personal L2,1,Branch,$602.64,Two-Door Car,Medsize
AQ30231,California,7831.04,No,Extended,Bachelor,2024-10-01,Unemployed,F,$0.00,Suburban,Married,$105.00,22,126,0,6,Personal Auto,Personal L2,2,Agent,$505.44,Four-Door Car,Small
OH93496,Arizona,4999.6,No,Basic,Bachelor,2024-10-01,Unemployed,M,$0.00,Suburban,Single,$147.00,30,7,0,1,Personal Auto,Personal L3,1,Agent,"$1,059.48",SUV,Small
IK60267,Nevada,3686.81,No,Basic,Bachelor,2024-10-01,Employed,F,"$33,705.00",Suburban,Married,$93.00,8,51,0,1,Personal Auto,Personal L2,3,Branch,$447.12,Two-Door Car,Medsize
LQ24783,Oregon,8318.97,No,Extended,Doctor,2024-10-01,Employed,F,"$1,08,797.00",Rural,Married,$103.00,35,5,0,3,Corporate Auto,Corporate L3,4,Agent,$140.49,Four-Door Car,Medsize
YJ53102,Oregon,4977.68,No,Extended,Master,2024-10-01,Unemployed,F,$0.00,Urban,Married,$134.00,7,92,1,1,Corporate Auto,Corporate L2,1,Agent,$510.65,Four-Door Car,Medsize
AP95078,Oregon,10604.69,No,Basic,Bachelor,2024-10-01,Employed,M,"$50,259.00",Suburban,Married,$90.00,12,49,0,2,Personal Auto,Personal L2,4,Branch,$434.16,Four-Door Car,Medsize
RU39880,California,15859.33,No,Basic,Bachelor,2024-10-01,Employed,F,"$79,188.00",Suburban,Married,$100.00,22,31,0,2,Personal Auto,Personal L3,4,Call Center,$479.52,Two-Door Car,Medsize
CD95333,California,7612.56,No,Basic,Bachelor,2024-10-01,Employed,M,"$28,242.00",Rural,Single,$100.00,26,19,0,4,Personal Auto,Personal L1,2,Branch,$19.96,Two-Door Car,Medsize
JX60415,Arizona,4799.04,Yes,Extended,Master,2024-10-01,Employed,F,"$79,052.00",Rural,Married,$119.00,5,112,0,1,Personal Auto,Personal L2,1,Branch,$74.94,Four-Door Car,Large
EE24901,Arizona,4036.38,No,Extended,Bachelor,2024-10-01,Unemployed,M,$0.00,Suburban,Married,$112.00,31,15,0,1,Personal Auto,Personal L3,2,Web,$537.84,Two-Door Car,Large
ZQ35017,California,6277.59,Yes,Basic,College,2024-10-01,Retired,M,"$38,090.00",Suburban,Single,$88.00,20,35,0,3,Personal Auto,Personal L1,1,Agent,$631.80,Two-Door Car,Medsize
AE30506,California,3234.9,Yes,Basic,Bachelor,2024-10-01,Unemployed,F,$0.00,Suburban,Married,$89.00,8,96,2,1,Personal Auto,Personal L3,2,Call Center,$584.77,Four-Door Car,Large
IS85460,California,8041.34,No,Basic,High School or Below,2024-10-01,Employed,F,"$66,141.00",Suburban,Married,$100.00,8,39,0,4,Personal Auto,Personal L1,2,Call Center,"$1,094.12",Two-Door Car,Medsize
CG36206,California,2891.67,No,Basic,Bachelor,2024-10-01,Unemployed,M,$0.00,Suburban,Single,$90.00,4,107,1,1,Personal Auto,Personal L3,4,Web,$434.16,Four-Door Car,Medsize
JK26373,California,8513,No,Basic,High School or Below,2024-10-01,Unemployed,M,$0.00,Suburban,Single,$88.00,4,123,2,2,Personal Auto,Personal L1,1,Web,$631.80,Two-Door Car,Small
KT26739,Nevada,4799.04,Yes,Extended,Master,2024-10-01,Employed,F,"$79,052.00",Rural,Married,$119.00,5,112,0,1,Personal Auto,Personal L2,1,Branch,$74.94,Four-Door Car,Large
XE86547,Oregon,6943.92,No,Basic,College,2024-10-01,Employed,M,"$78,898.00",Suburban,Married,$88.00,32,96,0,6,Personal Auto,Personal L3,3,Agent,$421.20,Four-Door Car,Small
QS83113,Oregon,6793.72,No,Basic,Bachelor,2024-10-01,Employed,M,"$41,492.00",Suburban,Married,$85.00,5,58,0,7,Personal Auto,Personal L3,1,Agent,$414.56,Two-Door Car,Small
QV26574,Washington,8118.55,No,Extended,College,2024-10-01,Medical Leave,M,"$34,622.00",Urban,Married,$112.00,19,124,1,3,Personal Auto,Personal L2,4,Call Center,$510.19,Four-Door Car,Medsize
LM69036,Oregon,18967.73,No,Basic,Master,2024-10-01,Unemployed,M,$0.00,Suburban,Married,$99.00,11,96,1,2,Corporate Auto,Corporate L1,3,Branch,$473.04,Four-Door Car,Small
BH61054,California,8463.95,No,Extended,College,2024-10-01,Employed,F,"$82,404.00",Suburban,Married,$105.00,28,12,0,9,Personal Auto,Personal L3,2,Web,$529.12,Two-Door Car,Medsize
IE49043,Nevada,9043.62,No,Basic,College,2024-10-01,Disabled,F,"$28,504.00",Suburban,Single,$243.00,9,80,0,1,Personal Auto,Personal L3,1,Call Center,"$1,166.40",Luxury Car,Medsize
SE15781,California,3234.9,Yes,Basic,Bachelor,2024-10-01,Unemployed,F,$0.00,Suburban,Married,$89.00,8,96,2,1,Corporate Auto,Corporate L1,2,Call Center,$584.77,Four-Door Car,Large
AY29281,Arizona,12701.26,No,Extended,Bachelor,2024-10-01,Unemployed,F,$0.00,Suburban,Single,$115.00,15,36,0,2,Corporate Auto,Corporate L2,1,Agent,$550.80,Four-Door Car,Medsize
JP22499,California,4242.7,No,Extended,Bachelor,2024-10-01,Employed,M,"$58,435.00",Urban,Single,$112.00,47,104,0,1,Corporate Auto,Corporate L3,2,Web,$358.75,Two-Door Car,Medsize
ZU71467,Arizona,7371.43,No,Basic,Bachelor,2024-10-01,Employed,M,"$61,295.00",Urban,Married,$95.00,18,15,2,6,Corporate Auto,Corporate L3,4,Web,$359.30,Two-Door Car,Medsize
KQ30179,California,3629.96,No,Basic,Bachelor,2024-10-01,Employed,M,"$1,21,191.00",Rural,Married,$90.00,14,12,2,1,Personal Auto,Personal L2,2,Call Center,$140.57,Two-Door Car,Medsize
BU72633,Nevada,57458.2,No,Basic,Master,2024-10-01,Employed,M,"$89,992.00",Suburban,Single,$161.00,31,55,0,2,Personal Auto,Personal L2,1,Agent,$771.12,SUV,Medsize
VI66860,Nevada,4799.04,Yes,Extended,Master,2024-10-01,Employed,F,"$79,052.00",Rural,Married,$119.00,5,112,0,1,Corporate Auto,Corporate L3,1,Branch,$74.94,Four-Door Car,Large
OU43146,Oregon,20810.31,No,Basic,Bachelor,2024-10-01,Employed,M,"$1,20,776.00",Suburban,Married,$262.00,23,54,1,3,Personal Auto,Personal L3,2,Agent,"$1,440.84",Luxury SUV,Medsize
ZX80668,Nevada,18155.89,No,Basic,Bachelor,2024-10-01,Employed,M,"$59,022.00",Suburban,Single,$158.00,7,122,1,2,Personal Auto,Personal L3,1,Branch,$758.16,SUV,Medsize
FP11025,California,10897.53,No,Basic,Bachelor,2024-10-01,Employed,F,"$78,216.00",Urban,Married,$136.00,8,49,0,3,Special Auto,Special L3,3,Branch,$381.32,SUV,Large
CW57656,Oregon,15114.63,No,Extended,College,2024-10-01,Employed,F,"$1,01,867.00",Rural,Married,$126.00,0,107,0,2,Personal Auto,Personal L3,1,Agent,$204.62,Four-Door Car,Medsize
ZG88784,Oregon,6630.47,No,Basic,College,2024-10-01,Employed,M,"$71,275.00",Suburban,Divorced,$84.00,8,23,0,3,Corporate Auto,Corporate L2,4,Call Center,$401.76,Four-Door Car,Medsize
TX13297,California,3234.9,Yes,Basic,Bachelor,2024-10-01,Unemployed,F,$0.00,Suburban,Married,$89.00,8,96,2,1,Corporate Auto,Corporate L3,2,Call Center,$584.77,Four-Door Car,Large
ZH18791,Oregon,6788.93,No,Basic,Bachelor,2024-10-01,Unemployed,M,$0.00,Rural,Married,$90.00,28,115,0,8,Personal Auto,Personal L3,1,Branch,$109.02,Four-Door Car,Medsize
VL95438,Arizona,7144.47,No,Basic,College,2024-10-01,Employed,M,"$91,664.00",Suburban,Married,$89.00,7,42,1,6,Corporate Auto,Corporate L3,3,Agent,$427.68,Four-Door Car,Medsize
FG69718,California,13204.15,No,Extended,High School or Below,2024-10-01,Unemployed,F,$0.00,Suburban,Single,$178.00,18,63,0,3,Corporate Auto,Corporate L3,1,Call Center,"$1,283.04",SUV,Medsize
XB43625,Arizona,3381.58,No,Basic,Bachelor,2024-10-01,Employed,F,"$89,209.00",Rural,Single,$86.00,42,124,1,1,Personal Auto,Personal L3,1,Branch,$56.74,Four-Door Car,Small
CT47738,Oregon,24577.66,No,Extended,College,2024-10-01,Unemployed,F,$0.00,Suburban,Divorced,$173.00,15,77,0,2,Corporate Auto,Corporate L3,1,Branch,$829.44,Sports Car,Medsize
JG41490,Arizona,3234.9,Yes,Basic,Bachelor,2024-10-01,Unemployed,F,$0.00,Suburban,Married,$89.00,8,96,2,1,Corporate Auto,Corporate L3,2,Call Center,$584.77,Four-Door Car,Large
AB26022,Oregon,10797.77,No,Basic,High School or Below,2024-10-01,Retired,M,"$35,757.00",Suburban,Single,$151.00,0,111,0,3,Corporate Auto,Corporate L2,1,Call Center,$813.28,SUV,Medsize
IN95983,California,9177.67,No,Extended,College,2024-10-01,Employed,F,"$43,898.00",Suburban,Single,$127.00,15,72,3,3,Special Auto,Special L3,1,Branch,$609.12,Four-Door Car,Small
BE54454,Washington,6788.58,No,Basic,High School or Below,2024-10-01,Employed,M,"$95,618.00",Suburban,Married,$84.00,11,24,0,4,Personal Auto,Personal L2,2,Branch,$401.76,Four-Door Car,Small
QM61543,Arizona,7613.92,Yes,Basic,High School or Below,2024-10-01,Employed,M,"$98,777.00",Suburban,Married,$95.00,28,68,0,3,Corporate Auto,Corporate L2,2,Agent,$574.83,Four-Door Car,Medsize
ZN96843,Arizona,3259.94,No,Basic,Bachelor,2024-10-01,Unemployed,M,$0.00,Suburban,Single,$90.00,4,73,0,1,Personal Auto,Personal L1,1,Branch,$651.24,Two-Door Car,Large
JQ30166,Oregon,21074.72,No,Premium,Master,2024-10-01,Unemployed,F,$0.00,Urban,Married,$161.00,4,70,5,2,Personal Auto,Personal L3,2,Branch,$593.13,Four-Door Car,Medsize
LJ15849,Arizona,4799.04,Yes,Extended,Master,2024-10-01,Employed,F,"$79,052.00",Rural,Married,$119.00,5,112,0,1,Personal Auto,Personal L2,1,Branch,$74.94,Four-Door Car,Large
FG96614,California,15258.51,No,Extended,Doctor,2024-10-01,Employed,F,"$30,187.00",Suburban,Married,$128.00,20,57,0,2,Personal Auto,Personal L3,4,Agent,$716.40,Four-Door Car,Small
FU17577,Oregon,5114.9,No,Basic,High School or Below,2024-10-01,Unemployed,F,$0.00,Suburban,Single,$143.00,36,120,0,1,Personal Auto,Personal L3,1,Agent,"$1,030.32",SUV,Medsize
FV72595,Arizona,6350.02,No,Extended,Bachelor,2024-10-01,Unemployed,M,$0.00,Suburban,Single,$185.00,15,99,0,1,Personal Auto,Personal L3,3,Agent,"$2,098.02",SUV,Medsize
TU27563,Oregon,4923.78,No,Extended,Bachelor,2024-10-01,Employed,F,"$27,937.00",Suburban,Married,$127.00,39,120,1,1,Personal Auto,Personal L2,2,Branch,$609.12,Two-Door Car,Medsize
HS88081,California,8748.92,No,Extended,High School or Below,2024-10-01,Employed,F,"$57,842.00",Urban,Married,$109.00,19,57,0,4,Corporate Auto,Corporate L1,1,Branch,$386.29,Four-Door Car,Medsize
MG72449,Nevada,7126.92,No,Basic,Bachelor,2024-10-01,Employed,F,"$1,04,175.00",Rural,Divorced,$89.00,20,134,0,3,Personal Auto,Personal L3,2,Call Center,$185.07,Four-Door Car,Medsize
LB12820,Oregon,9029.96,No,Extended,High School or Below,2024-10-01,Employed,M,"$77,340.00",Suburban,Single,$116.00,28,119,0,3,Corporate Auto,Corporate L3,3,Agent,$759.00,Two-Door Car,Small
EK10022,California,18977.52,No,Basic,Bachelor,2024-10-01,Employed,M,"$48,952.00",Suburban,Divorced,$159.00,19,105,0,2,Corporate Auto,Corporate L3,3,Web,"$1,616.91",SUV,Medsize
RA62452,Nevada,11436.24,No,Basic,Bachelor,2024-10-01,Employed,M,"$95,342.00",Rural,Married,$143.00,8,70,0,3,Corporate Auto,Corporate L3,4,Call Center,$66.47,SUV,Small
DH93540,Oregon,6277.59,Yes,Basic,College,2024-10-01,Retired,M,"$38,090.00",Suburban,Single,$88.00,20,35,0,3,Personal Auto,Personal L3,1,Agent,$631.80,Two-Door Car,Medsize
YU35148,Washington,6411.32,No,Extended,Bachelor,2024-10-01,Unemployed,F,$0.00,Suburban,Married,$166.00,45,47,0,1,Personal Auto,Personal L2,3,Call Center,$797.04,SUV,Medsize
JU75786,Oregon,9724.23,No,Extended,Master,2024-10-01,Unemployed,F,$0.00,Rural,Married,$128.00,4,39,0,9,Personal Auto,Personal L2,1,Agent,$202.29,Two-Door Car,Medsize
BH43020,California,4549.11,No,Extended,Bachelor,2024-10-01,Employed,M,"$53,668.00",Rural,Married,$115.00,3,47,0,1,Personal Auto,Personal L2,2,Agent,$84.08,Four-Door Car,Medsize
LH33181,Arizona,8470.66,No,Basic,Bachelor,2024-10-01,Unemployed,M,$0.00,Suburban,Single,$90.00,31,53,1,2,Personal Auto,Personal L3,1,Agent,$582.28,Four-Door Car,Large
AT84725,Washington,6277.59,Yes,Basic,College,2024-10-01,Retired,M,"$38,090.00",Suburban,Single,$88.00,20,35,0,3,Personal Auto,Personal L3,1,Agent,$631.80,Two-Door Car,Medsize
BD13927,California,3028.69,No,Basic,High School or Below,2024-10-01,Unemployed,F,$0.00,Suburban,Single,$84.00,46,96,0,1,Personal Auto,Personal L2,3,Branch,$911.88,Two-Door Car,Small
WX52894,Nevada,33752.73,No,Basic,College,2024-10-01,Employed,M,"$29,601.00",Rural,Married,$96.00,43,54,0,2,Personal Auto,Personal L2,2,Call Center,$173.64,Four-Door Car,Medsize
NE85389,Oregon,32269.97,No,Basic,High School or Below,2024-10-01,Unemployed,F,$0.00,Suburban,Married,$100.00,16,97,1,2,Personal Auto,Personal L3,2,Branch,$479.52,Four-Door Car,Medsize
ZZ54454,Nevada,6196.42,No,Premium,Master,2024-10-01,Employed,M,"$43,889.00",Suburban,Single,$161.00,39,51,0,1,Personal Auto,Personal L2,2,Agent,$771.12,Two-Door Car,Small
WP55297,Washington,6250.46,No,Basic,Bachelor,2024-10-01,Unemployed,M,$0.00,Suburban,Single,$95.00,31,43,0,7,Personal Auto,Personal L1,2,Branch,"$1,019.18",Four-Door Car,Large
OQ27893,Oregon,3919.38,No,Basic,High School or Below,2024-10-01,Employed,M,"$27,689.00",Suburban,Married,$100.00,43,85,0,1,Personal Auto,Personal L3,2,Agent,$479.52,Two-Door Car,Medsize
NC47038,Arizona,11864.52,No,Basic,High School or Below,2024-10-01,Employed,M,"$1,23,081.00",Suburban,Married,$149.00,4,86,0,8,Personal Auto,Personal L2,2,Agent,"$1,041.39",SUV,Medsize
QM60216,Oregon,12024.44,No,Extended,College,2024-10-01,Employed,M,"$79,269.00",Suburban,Single,$305.00,15,0,0,1,Personal Auto,Personal L3,1,Agent,"$1,464.48",Luxury Car,Medsize
IE57921,California,6381.27,Yes,Extended,Bachelor,2024-10-01,Medical Leave,F,"$17,600.00",Suburban,Married,$167.00,38,66,0,1,Personal Auto,Personal L2,2,Agent,"$1,133.12",SUV,Small
CT62892,California,10622.89,No,Basic,Bachelor,2024-10-01,Unemployed,F,$0.00,Suburban,Married,$144.00,38,19,0,7,Personal Auto,Personal L3,1,Agent,$693.36,SUV,Small
MV81355,California,11905.68,Yes,Basic,High School or Below,2024-10-01,Employed,M,"$1,34,791.00",Suburban,Married,$149.00,31,34,1,8,Personal Auto,Personal L2,2,Branch,$712.80,SUV,Medsize
EY71439,California,9627.84,No,Basic,High School or Below,2024-10-01,Unemployed,M,$0.00,Suburban,Single,$139.00,39,78,0,3,Corporate Auto,Corporate L2,3,Call Center,"$1,001.16",Sports Car,Small
FS70572,California,12752,No,Extended,College,2024-10-01,Employed,M,"$1,03,730.00",Rural,Divorced,$105.00,3,16,0,2,Corporate Auto,Corporate L2,4,Call Center,$32.11,Four-Door Car,Small
YW94562,California,6730.07,No,Basic,College,2024-10-01,Employed,F,"$42,798.00",Suburban,Married,$85.00,18,4,1,7,Personal Auto,Personal L2,1,Web,$408.24,Four-Door Car,Medsize
XV53963,California,14831.41,No,Extended,High School or Below,2024-10-01,Employed,M,"$1,30,573.00",Suburban,Married,$186.00,5,68,1,7,Personal Auto,Personal L3,2,Web,$894.24,SUV,Medsize
LO14234,California,16555.19,No,Premium,High School or Below,2024-10-01,Unemployed,M,$0.00,Suburban,Single,$235.00,18,41,0,8,Personal Auto,Personal L2,2,Agent,"$2,327.72",SUV,Medsize
VU71619,California,17924.06,No,Basic,Bachelor,2024-10-01,Employed,M,"$1,30,143.00",Urban,Married,$149.00,39,55,0,2,Personal Auto,Personal L3,3,Agent,$512.86,SUV,Medsize
TZ28073,California,5860.84,No,Basic,Bachelor,2024-10-01,Employed,M,"$31,525.00",Suburban,Married,$151.00,0,116,0,1,Personal Auto,Personal L3,2,Branch,$725.76,SUV,Medsize
JC18314,California,9570.21,No,Extended,Bachelor,2024-10-01,Employed,M,"$37,963.00",Suburban,Divorced,$122.00,22,0,0,4,Personal Auto,Personal L1,2,Agent,$583.20,Two-Door Car,Medsize
WK30175,Oregon,3607.33,No,Basic,Bachelor,2024-10-02,Employed,M,"$71,310.00",Suburban,Married,$90.00,31,119,0,1,Corporate Auto,Corporate L1,1,Branch,$473.21,Two-Door Car,Small
EH41854,Washington,32003.25,No,Extended,High School or Below,2024-10-02,Unemployed,F,$0.00,Suburban,Single,$130.00,16,47,1,2,Personal Auto,Personal L1,3,Branch,"$1,140.05",Two-Door Car,Medsize
TX17484,California,20496.08,No,Basic,Bachelor,2024-10-02,Employed,F,"$72,715.00",Rural,Married,$85.00,16,41,0,2,Personal Auto,Personal L2,1,Web,$142.78,Four-Door Car,Large
NA12740,Oregon,6755.82,No,Basic,Master,2024-10-02,Disabled,M,"$34,406.00",Rural,Married,$88.00,20,72,0,3,Special Auto,Special L3,1,Web,$97.79,Two-Door Car,Medsize
DJ51510,Arizona,12584.81,No,Premium,High School or Below,2024-10-02,Employed,F,"$95,087.00",Rural,Married,$157.00,0,68,0,4,Personal Auto,Personal L3,3,Agent,$91.64,Four-Door Car,Medsize
IU96845,Arizona,8485.39,No,Extended,College,2024-10-02,Employed,M,"$43,727.00",Rural,Married,$108.00,27,49,0,8,Personal Auto,Personal L3,1,Call Center,$123.41,Four-Door Car,Medsize
EX28656,Oregon,13270.96,No,Premium,College,2024-10-02,Employed,F,"$35,053.00",Suburban,Divorced,$342.00,20,80,0,1,Personal Auto,Personal L1,2,Agent,"$1,639.44",Luxury SUV,Medsize
ZX23819,Oregon,10778.52,No,Basic,High School or Below,2024-10-02,Unemployed,F,$0.00,Suburban,Single,$97.00,1,104,0,2,Personal Auto,Personal L3,2,Call Center,"$1,169.38",Two-Door Car,Large
UA19178,Oregon,6724.11,No,Basic,Master,2024-10-02,Employed,F,"$71,908.00",Urban,Married,$84.00,16,36,0,3,Personal Auto,Personal L2,2,Call Center,$321.31,Four-Door Car,Small
ZK21724,Oregon,5422.33,No,Basic,High School or Below,2024-10-02,Unemployed,F,$0.00,Suburban,Single,$150.00,5,115,0,1,Personal Auto,Personal L1,3,Call Center,"$1,078.92",SUV,Large
SN41301,Oregon,8823.01,No,Basic,Bachelor,2024-10-02,Unemployed,M,$0.00,Suburban,Single,$88.00,19,84,0,2,Corporate Auto,Corporate L2,3,Branch,$631.80,Four-Door Car,Medsize
OE51254,California,3767.42,No,Basic,College,2024-10-02,Employed,F,"$72,741.00",Suburban,Married,$93.00,19,45,0,1,Personal Auto,Personal L3,1,Agent,$447.12,Four-Door Car,Medsize
DX31066,Washington,3600.81,No,Basic,College,2024-10-02,Employed,F,"$1,26,955.00",Rural,Married,$89.00,19,15,0,1,Personal Auto,Personal L3,3,Agent,$215.67,Four-Door Car,Medsize
IR62668,Arizona,6865.88,No,Basic,Bachelor,2024-10-02,Employed,F,"$42,587.00",Rural,Divorced,$88.00,5,112,0,9,Personal Auto,Personal L3,1,Branch,$135.07,Four-Door Car,Medsize
VO78441,Washington,4167.28,No,Extended,Master,2024-10-02,Medical Leave,F,"$26,276.00",Suburban,Single,$113.00,14,127,1,1,Personal Auto,Personal L2,3,Agent,"$1,176.53",Four-Door Car,Small
TK30357,California,19081.37,No,Basic,Bachelor,2024-10-02,Employed,F,"$1,22,639.00",Rural,Divorced,$159.00,14,132,0,2,Personal Auto,Personal L3,1,Agent,$314.11,SUV,Medsize
TM65736,Oregon,4130.39,No,Extended,Master,2024-10-02,Employed,M,"$52,169.00",Urban,Married,$105.00,38,0,1,1,Personal Auto,Personal L3,3,Web,$487.96,Four-Door Car,Medsize
UC84059,California,9312.91,No,Premium,Master,2024-10-02,Employed,F,"$95,783.00",Urban,Married,$231.00,8,16,0,1,Personal Auto,Personal L3,4,Call Center,$764.00,Sports Car,Medsize
PZ94551,Oregon,6738.64,No,Extended,Bachelor,2024-10-02,Employed,F,"$76,476.00",Suburban,Married,$169.00,16,11,0,1,Special Auto,Special L2,1,Branch,"$1,053.12",SUV,Large
IB80924,Washington,44366.95,No,Basic,High School or Below,2024-10-02,Employed,F,"$1,22,557.00",Urban,Divorced,$140.00,0,51,2,2,Personal Auto,Personal L3,1,Agent,$385.76,SUV,Small
ZB50601,Nevada,6968.42,No,Basic,College,2024-10-02,Unemployed,M,$0.00,Suburban,Married,$95.00,8,32,0,6,Personal Auto,Personal L3,1,Web,$633.81,Four-Door Car,Medsize
MJ51323,Oregon,11376.68,Yes,Extended,Bachelor,2024-10-02,Employed,F,"$62,779.00",Suburban,Divorced,$290.00,5,28,1,1,Personal Auto,Personal L2,1,Agent,"$1,393.20",Luxury SUV,Medsize
TM14491,California,16249.44,Yes,Basic,Bachelor,2024-10-02,Employed,M,"$59,978.00",Suburban,Single,$140.00,23,82,0,2,Personal Auto,Personal L3,1,Call Center,$673.92,SUV,Medsize
VD27065,Washington,5800.97,No,Premium,Bachelor,2024-10-02,Employed,M,"$1,17,261.00",Suburban,Married,$144.00,18,39,0,1,Personal Auto,Personal L2,2,Call Center,$693.36,Four-Door Car,Small
VC54081,Oregon,12757.16,No,Basic,College,2024-10-02,Unemployed,F,$0.00,Rural,Married,$85.00,15,27,0,2,Special Auto,Special L2,1,Branch,$158.95,Four-Door Car,Medsize
QO79771,California,4376.76,No,Extended,Master,2024-10-02,Employed,F,"$97,646.00",Rural,Married,$109.00,3,68,2,1,Personal Auto,Personal L3,2,Call Center,$170.79,Four-Door Car,Small
JP12645,Arizona,16249.44,Yes,Basic,Bachelor,2024-10-02,Employed,M,"$59,978.00",Suburban,Single,$140.00,23,82,0,2,Personal Auto,Personal L3,1,Call Center,$673.92,SUV,Medsize
YU86594,Oregon,7199.6,No,Basic,High School or Below,2024-10-02,Employed,M,"$75,160.00",Rural,Married,$89.00,14,128,0,3,Personal Auto,Personal L3,1,Branch,$110.31,Four-Door Car,Medsize
JZ81608,Oregon,9421.27,No,Extended,High School or Below,2024-10-02,Employed,M,"$72,641.00",Rural,Married,$119.00,35,123,0,7,Personal Auto,Personal L2,4,Branch,$256.28,Four-Door Car,Medsize
HJ58678,Nevada,7314.51,No,Basic,College,2024-10-02,Employed,F,"$77,742.00",Urban,Divorced,$92.00,5,112,0,7,Personal Auto,Personal L2,3,Agent,$347.07,Four-Door Car,Medsize
PY98958,Oregon,16249.44,Yes,Basic,Bachelor,2024-10-02,Employed,M,"$59,978.00",Suburban,Single,$140.00,23,82,0,2,Special Auto,Special L1,1,Call Center,$673.92,SUV,Medsize
TM25808,California,7513.69,No,Basic,High School or Below,2024-10-02,Employed,M,"$1,00,872.00",Urban,Divorced,$95.00,20,134,0,3,Personal Auto,Personal L3,1,Agent,$271.10,Two-Door Car,Medsize
NC63295,Arizona,3300.24,No,Basic,High School or Below,2024-10-02,Unemployed,M,$0.00,Suburban,Married,$89.00,36,69,0,1,Corporate Auto,Corporate L2,3,Branch,$427.68,Four-Door Car,Large
CP19929,California,3027.48,No,Basic,Bachelor,2024-10-02,Unemployed,F,$0.00,Suburban,Single,$85.00,42,134,1,1,Corporate Auto,Corporate L3,1,Agent,$612.36,Two-Door Car,Medsize
CA96230,California,12405.85,No,Basic,Doctor,2024-10-02,Employed,M,"$1,34,248.00",Rural,Married,$158.00,8,8,4,5,Personal Auto,Personal L2,3,Branch,$307.87,SUV,Medsize
PQ19113,Washington,9230.67,No,Premium,Bachelor,2024-10-02,Employed,F,"$1,22,513.00",Urban,Married,$230.00,41,63,0,1,Personal Auto,Personal L2,4,Agent,"$1,007.16",SUV,Medsize
YJ35850,Oregon,13195.72,No,Extended,High School or Below,2024-10-02,Employed,M,"$1,29,624.00",Urban,Married,$165.00,11,81,0,3,Personal Auto,Personal L3,2,Web,$527.69,SUV,Medsize
JP41935,Washington,18354.87,No,Basic,High School or Below,2024-10-02,Employed,M,"$27,173.00",Suburban,Married,$95.00,38,14,2,2,Personal Auto,Personal L2,2,Branch,$453.60,Four-Door Car,Medsize
TJ30081,Arizona,16249.44,Yes,Basic,Bachelor,2024-10-02,Employed,M,"$59,978.00",Suburban,Single,$140.00,23,82,0,2,Personal Auto,Personal L2,1,Call Center,$673.92,SUV,Medsize
FW44940,California,11430.97,No,Basic,Bachelor,2024-10-02,Disabled,F,"$28,538.00",Suburban,Divorced,$153.00,20,126,0,5,Personal Auto,Personal L1,3,Web,$886.68,Sports Car,Medsize
TU53781,Oregon,11376.68,Yes,Extended,Bachelor,2024-10-02,Employed,F,"$62,779.00",Suburban,Divorced,$290.00,5,28,1,1,Corporate Auto,Corporate L3,1,Agent,"$1,393.20",Luxury SUV,Medsize
BA56812,Oregon,8350.21,No,Extended,Master,2024-10-02,Employed,M,"$28,377.00",Rural,Divorced,$108.00,1,49,0,4,Corporate Auto,Corporate L2,4,Branch,$240.80,Four-Door Car,Medsize
QE79527,California,11376.68,Yes,Extended,Bachelor,2024-10-02,Employed,F,"$62,779.00",Suburban,Divorced,$290.00,5,28,1,1,Personal Auto,Personal L1,1,Agent,"$1,393.20",Luxury SUV,Medsize
SO40738,California,12698.62,No,Basic,High School or Below,2024-10-02,Employed,F,"$1,33,905.00",Rural,Single,$158.00,36,36,0,3,Corporate Auto,Corporate L3,3,Web,$101.66,SUV,Medsize
IR58695,Oregon,8354.31,No,Extended,High School or Below,2024-10-02,Employed,M,"$54,475.00",Suburban,Married,$104.00,42,45,0,3,Corporate Auto,Corporate L2,1,Web,$548.60,Four-Door Car,Small
CF40646,California,6403.88,No,Basic,College,2024-10-02,Employed,M,"$94,611.00",Suburban,Married,$161.00,23,31,0,1,Personal Auto,Personal L2,1,Web,$771.12,SUV,Small
SW69117,Oregon,9404.53,No,Extended,College,2024-10-02,Disabled,M,"$37,762.00",Urban,Married,$122.00,18,9,0,8,Corporate Auto,Corporate L3,3,Call Center,$324.43,Two-Door Car,Medsize
PH85036,Washington,7401.44,No,Basic,Bachelor,2024-10-02,Employed,F,"$1,07,089.00",Urban,Married,$92.00,5,42,0,4,Corporate Auto,Corporate L2,2,Agent,$339.25,Four-Door Car,Medsize
BJ22117,Washington,6930.11,No,Basic,Master,2024-10-02,Employed,M,"$72,077.00",Urban,Married,$86.00,18,55,0,5,Personal Auto,Personal L2,3,Branch,$376.65,Four-Door Car,Medsize
FF84784,California,7619.03,No,Basic,College,2024-10-02,Employed,M,"$44,978.00",Suburban,Married,$97.00,24,42,1,3,Personal Auto,Personal L2,1,Agent,$466.56,Two-Door Car,Medsize
JW62354,Nevada,5871.57,Yes,Basic,College,2024-10-02,Employed,F,"$1,02,125.00",Rural,Married,$146.00,38,14,0,1,Personal Auto,Personal L1,2,Branch,$152.09,SUV,Large
JO98946,Oregon,3585.59,No,Basic,Bachelor,2024-10-02,Employed,M,"$42,925.00",Suburban,Divorced,$92.00,36,22,0,1,Personal Auto,Personal L3,1,Agent,$509.55,Four-Door Car,Medsize
HC42288,California,6160.07,No,Basic,College,2024-10-02,Employed,F,"$52,902.00",Suburban,Divorced,$159.00,43,58,1,1,Corporate Auto,Corporate L2,1,Agent,$764.64,SUV,Small
GB75821,Oregon,20661.1,No,Basic,Bachelor,2024-10-02,Employed,M,"$54,363.00",Suburban,Married,$261.00,43,36,0,3,Personal Auto,Personal L1,3,Agent,"$1,250.64",Luxury SUV,Small
OB98149,Washington,6345.01,No,Basic,College,2024-10-02,Disabled,F,"$15,413.00",Suburban,Married,$85.00,34,77,0,6,Personal Auto,Personal L3,2,Agent,$408.24,Two-Door Car,Small
LZ68649,Washington,20179.69,No,Basic,Bachelor,2024-10-02,Employed,M,"$29,888.00",Suburban,Single,$135.00,46,42,0,2,Personal Auto,Personal L3,3,Call Center,$648.00,SUV,Medsize
YA14448,Arizona,8094.69,No,Extended,College,2024-10-02,Unemployed,F,$0.00,Suburban,Married,$112.00,7,80,0,9,Personal Auto,Personal L2,4,Branch,$537.84,Four-Door Car,Medsize
ZL17677,Washington,28999.1,No,Basic,Master,2024-10-02,Medical Leave,F,"$20,932.00",Suburban,Married,$92.00,32,3,0,2,Personal Auto,Personal L2,2,Agent,$518.25,Two-Door Car,Large
UF32055,California,9597.55,No,Premium,Bachelor,2024-10-02,Employed,M,"$94,095.00",Urban,Divorced,$244.00,12,66,0,1,Personal Auto,Personal L2,2,Web,$871.99,SUV,Medsize
MJ77630,Oregon,63660.09,No,Extended,High School or Below,2024-10-02,Employed,M,"$53,853.00",Urban,Married,$180.00,16,42,0,2,Personal Auto,Personal L3,1,Agent,$851.70,SUV,Medsize
HD53787,California,17702.74,No,Extended,College,2024-10-02,Medical Leave,F,"$38,501.00",Suburban,Married,$116.00,31,41,0,2,Personal Auto,Personal L1,4,Branch,$557.28,Two-Door Car,Large
AP66226,Nevada,6047.32,No,Basic,Bachelor,2024-10-02,Medical Leave,M,"$24,982.00",Suburban,Married,$89.00,20,69,4,3,Personal Auto,Personal L3,1,Web,$427.68,Four-Door Car,Medsize
BY84257,Arizona,3212.48,No,Basic,College,2024-10-02,Unemployed,M,$0.00,Suburban,Single,$96.00,38,20,0,1,Special Auto,Special L1,4,Branch,"$1,008.59",Four-Door Car,Medsize
RE29131,Oregon,5871.57,Yes,Basic,College,2024-10-02,Employed,F,"$1,02,125.00",Rural,Married,$146.00,38,14,0,1,Personal Auto,Personal L2,2,Branch,$152.09,SUV,Large
KS45476,Washington,21095.48,No,Extended,High School or Below,2024-10-02,Employed,F,"$68,122.00",Suburban,Single,$177.00,30,120,0,2,Personal Auto,Personal L3,1,Agent,"$1,093.59",Sports Car,Large
CP66511,Oregon,3459.52,No,Basic,High School or Below,2024-10-02,Employed,M,"$1,24,251.00",Urban,Married,$88.00,5,59,2,1,Personal Auto,Personal L3,2,Agent,$240.85,Two-Door Car,Small
VQ20924,Arizona,9636.53,No,Extended,High School or Below,2024-10-02,Disabled,F,"$26,722.00",Suburban,Married,$126.00,32,108,0,8,Corporate Auto,Corporate L3,2,Agent,$814.15,Two-Door Car,Large
PG50529,California,7534.24,No,Basic,High School or Below,2024-10-02,Employed,F,"$43,162.00",Suburban,Married,$95.00,5,120,0,3,Personal Auto,Personal L3,1,Call Center,$561.95,Four-Door Car,Small
GA72966,Oregon,11376.68,Yes,Extended,Bachelor,2024-10-02,Employed,F,"$62,779.00",Suburban,Divorced,$290.00,5,28,1,1,Personal Auto,Personal L3,1,Agent,"$1,393.20",Luxury SUV,Medsize
NE73773,Oregon,5366.06,No,Basic,High School or Below,2024-10-02,Unemployed,M,$0.00,Suburban,Divorced,$153.00,1,82,0,1,Personal Auto,Personal L3,1,Branch,$732.24,SUV,Small
KC26486,Arizona,11376.68,Yes,Extended,Bachelor,2024-10-02,Employed,F,"$62,779.00",Suburban,Divorced,$290.00,5,28,1,1,Personal Auto,Personal L2,1,Agent,"$1,393.20",Luxury SUV,Medsize
TU72516,Oregon,7571.03,No,Basic,College,2024-10-02,Disabled,F,"$27,529.00",Suburban,Married,$99.00,31,115,0,9,Personal Auto,Personal L1,2,Branch,$473.04,Four-Door Car,Medsize
DG51590,Arizona,34292.05,No,Extended,Bachelor,2024-10-02,Employed,F,"$49,680.00",Urban,Single,$123.00,27,24,0,2,Personal Auto,Personal L1,2,Agent,$319.46,Two-Door Car,Medsize
OF12725,California,9558.18,No,Extended,Bachelor,2024-10-02,Disabled,F,"$37,988.00",Suburban,Married,$131.00,42,88,2,3,Personal Auto,Personal L3,1,Branch,$628.56,Four-Door Car,Medsize
GG91020,Nevada,13036.63,No,Basic,Bachelor,2024-10-02,Unemployed,M,$0.00,Suburban,Single,$97.00,23,70,0,2,Personal Auto,Personal L1,1,Agent,$466.56,Four-Door Car,Medsize
KH93541,Nevada,10512.01,No,Extended,College,2024-10-02,Employed,F,"$1,12,050.00",Urban,Married,$131.00,39,103,1,6,Corporate Auto,Corporate L2,1,Branch,$511.05,Four-Door Car,Small
XU57332,California,11794.28,No,Basic,College,2024-10-02,Employed,F,"$71,784.00",Suburban,Single,$151.00,41,77,0,4,Personal Auto,Personal L1,1,Call Center,"$1,578.70",SUV,Medsize
LN20978,Oregon,14474.17,No,Extended,Bachelor,2024-10-02,Employed,F,"$35,077.00",Suburban,Married,$122.00,43,58,0,2,Corporate Auto,Corporate L2,2,Web,$583.20,Four-Door Car,Small
WX14028,Nevada,43808.03,No,Basic,College,2024-10-02,Employed,F,"$81,614.00",Suburban,Single,$140.00,27,34,0,2,Personal Auto,Personal L1,4,Agent,$673.92,SUV,Medsize
NX34811,Nevada,11199.38,No,Premium,Bachelor,2024-10-02,Employed,F,"$1,15,395.00",Rural,Married,$139.00,39,20,0,6,Personal Auto,Personal L1,1,Call Center,$302.62,Two-Door Car,Medsize
GV19121,Oregon,4511.27,No,Basic,College,2024-10-02,Unemployed,M,$0.00,Suburban,Single,$93.00,12,97,5,3,Personal Auto,Personal L3,4,Branch,$447.12,Two-Door Car,Large
EJ73184,California,6403.99,No,Basic,Bachelor,2024-10-02,Employed,F,"$1,12,608.00",Rural,Married,$159.00,0,1,0,1,Personal Auto,Personal L3,2,Web,$181.98,SUV,Medsize
QA93530,Nevada,7772.61,No,Basic,College,2024-10-02,Employed,F,"$1,10,013.00",Rural,Divorced,$97.00,28,32,0,3,Personal Auto,Personal L1,3,Agent,$83.32,Four-Door Car,Medsize
GF19726,Oregon,7919.19,No,Basic,High School or Below,2024-10-02,Employed,M,"$1,02,535.00",Suburban,Married,$99.00,7,23,0,3,Personal Auto,Personal L2,2,Branch,$473.04,Two-Door Car,Medsize
QG67362,California,36838.13,No,Basic,Bachelor,2024-10-02,Unemployed,F,$0.00,Suburban,Single,$157.00,16,103,1,2,Personal Auto,Personal L3,1,Agent,"$1,127.52",SUV,Small
HE72629,Arizona,4059.97,No,Extended,Bachelor,2024-10-02,Unemployed,F,$0.00,Rural,Divorced,$108.00,42,90,0,1,Personal Auto,Personal L3,1,Branch,$22.31,Two-Door Car,Large
SK74843,Arizona,3297.27,No,Basic,Master,2024-10-02,Employed,F,"$78,250.00",Rural,Divorced,$82.00,15,85,0,1,Personal Auto,Personal L3,2,Web,$56.92,Four-Door Car,Medsize
OC32181,Nevada,7705.83,No,Basic,High School or Below,2024-10-02,Employed,F,"$94,877.00",Urban,Single,$96.00,23,34,0,7,Special Auto,Special L3,4,Call Center,$447.16,Four-Door Car,Medsize
JQ91314,Washington,4439.69,No,Extended,College,2024-10-02,Unemployed,M,$0.00,Suburban,Single,$131.00,36,23,0,1,Personal Auto,Personal L2,2,Call Center,"$1,385.53",Four-Door Car,Medsize
KB58189,Oregon,3443.39,No,Basic,College,2024-10-02,Employed,F,"$93,461.00",Urban,Married,$85.00,42,18,0,1,Special Auto,Special L2,3,Agent,$382.38,Four-Door Car,Medsize
XW54288,California,5038.67,No,Extended,Bachelor,2024-10-02,Employed,M,"$47,872.00",Rural,Married,$128.00,35,77,1,1,Corporate Auto,Corporate L3,1,Agent,$12.44,Four-Door Car,Medsize
CM42637,Oregon,10638.46,No,Basic,Bachelor,2024-10-02,Disabled,M,"$31,224.00",Suburban,Married,$95.00,14,100,0,2,Personal Auto,Personal L2,1,Agent,$663.73,Four-Door Car,Medsize
CI47242,Washington,12190.42,No,Extended,Bachelor,2024-10-02,Unemployed,M,$0.00,Suburban,Single,$186.00,31,126,0,3,Personal Auto,Personal L1,1,Agent,"$1,858.89",SUV,Small
PD30266,California,6771.12,No,Extended,College,2024-10-02,Employed,F,"$99,642.00",Urban,Married,$169.00,7,77,0,1,Special Auto,Special L1,1,Branch,$725.38,SUV,Medsize
EC78254,Washington,11353.05,No,Basic,College,2024-10-02,Employed,F,"$72,881.00",Rural,Married,$95.00,30,50,1,2,Corporate Auto,Corporate L3,1,Branch,$172.65,Four-Door Car,Medsize
HG65194,Oregon,11708.3,No,Extended,College,2024-10-02,Unemployed,F,$0.00,Suburban,Single,$169.00,11,82,0,3,Personal Auto,Personal L2,1,Branch,$810.00,SUV,Medsize
QD85803,California,10613.43,No,Extended,Bachelor,2024-10-02,Employed,F,"$41,005.00",Urban,Married,$134.00,1,68,0,9,Personal Auto,Personal L2,2,Call Center,$411.13,Four-Door Car,Medsize
KQ38375,California,13368.23,No,Extended,Bachelor,2024-10-02,Unemployed,F,$0.00,Suburban,Married,$180.00,5,78,0,8,Personal Auto,Personal L2,1,Call Center,"$1,275.98",SUV,Medsize
TT30338,Arizona,10362.43,No,Basic,Master,2024-10-02,Employed,F,"$1,20,941.00",Suburban,Married,$85.00,38,54,1,2,Personal Auto,Personal L3,4,Call Center,$408.24,Four-Door Car,Medsize
DW37404,California,10608.36,No,Basic,Bachelor,2024-10-02,Employed,F,"$27,718.00",Urban,Divorced,$90.00,27,92,0,2,Personal Auto,Personal L2,1,Branch,$381.59,Four-Door Car,Large
MO65595,Nevada,4571.82,No,Extended,Bachelor,2024-10-02,Unemployed,F,$0.00,Suburban,Married,$124.00,24,107,0,1,Personal Auto,Personal L3,1,Branch,$771.65,Two-Door Car,Medsize
TX73398,Nevada,4991.01,No,Premium,Bachelor,2024-10-02,Unemployed,M,$0.00,Suburban,Single,$153.00,4,123,0,1,Personal Auto,Personal L3,1,Agent,"$1,098.36",Two-Door Car,Medsize
XC49176,California,4311.65,No,Extended,Bachelor,2024-10-02,Employed,F,"$1,26,097.00",Urban,Married,$107.00,0,105,0,1,Corporate Auto,Corporate L3,2,Agent,$273.39,Four-Door Car,Medsize
NI66988,Oregon,33572.13,No,Extended,High School or Below,2024-10-02,Unemployed,F,$0.00,Suburban,Married,$173.00,16,12,0,2,Personal Auto,Personal L3,1,Agent,$966.53,SUV,Medsize
JZ61712,Nevada,4534.97,No,Extended,Bachelor,2024-10-02,Employed,M,"$1,31,728.00",Suburban,Married,$112.00,1,66,1,1,Personal Auto,Personal L3,4,Call Center,$735.36,Two-Door Car,Large
YK65946,Oregon,11376.68,Yes,Extended,Bachelor,2024-10-02,Employed,F,"$62,779.00",Suburban,Divorced,$290.00,5,28,1,1,Personal Auto,Personal L3,1,Agent,"$1,393.20",Luxury SUV,Medsize
XM57550,Washington,4622.36,No,Extended,College,2024-10-02,Disabled,F,"$40,443.00",Suburban,Married,$122.00,11,104,0,1,Personal Auto,Personal L3,4,Branch,$583.20,Four-Door Car,Medsize
ND43316,Oregon,5437.4,No,Basic,High School or Below,2024-10-02,Employed,M,"$37,506.00",Suburban,Married,$139.00,27,73,0,1,Personal Auto,Personal L3,2,Agent,$698.09,SUV,Small
RS29507,Arizona,14034.21,No,Extended,Bachelor,2024-10-02,Unemployed,F,$0.00,Urban,Married,$128.00,30,80,0,2,Personal Auto,Personal L3,2,Agent,$456.03,Four-Door Car,Medsize
AD71478,Arizona,4630.93,No,Extended,High School or Below,2024-10-02,Employed,M,"$73,358.00",Rural,Married,$116.00,14,70,0,1,Personal Auto,Personal L3,4,Agent,$14.15,Four-Door Car,Large
PB81005,Oregon,7242.03,No,Extended,Bachelor,2024-10-02,Employed,M,"$72,309.00",Urban,Married,$182.00,32,47,0,1,Personal Auto,Personal L3,1,Branch,$796.00,SUV,Medsize
UI99818,Oregon,5871.57,Yes,Basic,College,2024-10-02,Employed,F,"$1,02,125.00",Rural,Married,$146.00,38,14,0,1,Personal Auto,Personal L2,2,Branch,$152.09,SUV,Large
WS24655,Oregon,40063.7,No,Premium,College,2024-10-02,Employed,F,"$45,889.00",Suburban,Single,$262.00,20,62,1,2,Personal Auto,Personal L3,1,Call Center,"$1,257.12",SUV,Medsize
ZR68364,California,12380.85,No,Extended,College,2024-10-02,Employed,M,"$81,585.00",Suburban,Married,$104.00,0,86,0,2,Personal Auto,Personal L1,2,Branch,$498.96,Four-Door Car,Medsize
BJ82316,Oregon,16249.44,Yes,Basic,Bachelor,2024-10-02,Employed,M,"$59,978.00",Suburban,Single,$140.00,23,82,0,2,Corporate Auto,Corporate L1,1,Call Center,$673.92,SUV,Medsize
WL42517,Washington,5058.53,No,Basic,College,2024-10-02,Unemployed,F,$0.00,Suburban,Single,$144.00,23,109,0,1,Personal Auto,Personal L3,1,Call Center,$742.48,SUV,Medsize
CP27565,Oregon,16249.44,Yes,Basic,Bachelor,2024-10-02,Employed,M,"$59,978.00",Suburban,Single,$140.00,23,82,0,2,Special Auto,Special L3,1,Call Center,$673.92,SUV,Medsize
LC58452,California,6285.07,No,Basic,High School or Below,2024-10-02,Employed,M,"$1,19,124.00",Suburban,Divorced,$158.00,4,127,0,1,Personal Auto,Personal L1,1,Branch,$758.16,SUV,Small
SR24177,Nevada,7780.41,No,Extended,Bachelor,2024-10-02,Employed,M,"$42,829.00",Rural,Single,$103.00,42,12,0,5,Personal Auto,Personal L2,1,Agent,$239.27,Two-Door Car,Medsize
IE71278,California,3964.94,No,Extended,Bachelor,2024-10-02,Employed,M,"$59,898.00",Urban,Divorced,$104.00,9,47,3,1,Personal Auto,Personal L2,1,Web,$489.07,Four-Door Car,Medsize
XK10881,Oregon,6529.8,No,Basic,Bachelor,2024-10-02,Employed,M,"$53,069.00",Rural,Married,$82.00,7,120,0,3,Personal Auto,Personal L3,1,Agent,$125.80,Four-Door Car,Medsize
JR34589,Nevada,6591.09,No,Extended,High School or Below,2024-10-02,Employed,F,"$28,669.00",Rural,Married,$166.00,4,16,0,1,Personal Auto,Personal L2,2,Call Center,$177.20,SUV,Medsize
HH45183,Oregon,5013.63,No,Extended,High School or Below,2024-10-02,Employed,M,"$1,25,966.00",Suburban,Married,$124.00,27,76,0,1,Personal Auto,Personal L3,2,Agent,$596.16,Four-Door Car,Medsize
FR54989,Arizona,3659.74,No,Extended,College,2024-10-02,Unemployed,M,$0.00,Suburban,Single,$103.00,15,51,0,1,Corporate Auto,Corporate L3,4,Call Center,$738.72,Two-Door Car,Medsize
WY37677,Oregon,11475.16,No,Basic,High School or Below,2024-10-02,Unemployed,M,$0.00,Suburban,Married,$161.00,1,78,0,7,Personal Auto,Personal L3,2,Agent,"$1,156.68",Sports Car,Medsize
WU62992,Oregon,6598.52,No,Extended,Bachelor,2024-10-02,Employed,M,"$95,502.00",Rural,Married,$167.00,4,86,1,1,Personal Auto,Personal L2,4,Agent,$285.77,SUV,Small
MH13358,Oregon,3853.26,No,Basic,High School or Below,2024-10-02,Employed,F,"$46,989.00",Suburban,Single,$99.00,11,122,0,1,Personal Auto,Personal L3,1,Agent,$637.26,Two-Door Car,Small
EF21564,Nevada,5917.25,No,Basic,Master,2024-10-02,Employed,M,"$1,14,063.00",Rural,Single,$149.00,0,0,0,1,Personal Auto,Personal L1,4,Agent,$210.98,SUV,Medsize
VW65691,Oregon,5823.99,No,Basic,High School or Below,2024-10-02,Unemployed,F,$0.00,Suburban,Single,$86.00,22,57,1,5,Personal Auto,Personal L3,1,Call Center,$622.08,Four-Door Car,Small
HA72996,Nevada,5871.57,Yes,Basic,College,2024-10-02,Employed,F,"$1,02,125.00",Rural,Married,$146.00,38,14,0,1,Corporate Auto,Corporate L3,2,Branch,$152.09,SUV,Large
CL97519,California,6322.65,No,Extended,College,2024-10-02,Employed,M,"$34,002.00",Suburban,Married,$163.00,11,107,0,1,Personal Auto,Personal L3,3,Call Center,$784.08,SUV,Medsize
WB66665,Nevada,5871.57,Yes,Basic,College,2024-10-02,Employed,F,"$1,02,125.00",Rural,Married,$146.00,38,14,0,1,Corporate Auto,Corporate L2,2,Branch,$152.09,SUV,Large
ZH43085,Washington,3135.47,No,Basic,High School or Below,2024-10-02,Unemployed,M,$0.00,Suburban,Single,$85.00,11,117,0,1,Corporate Auto,Corporate L3,1,Agent,$612.36,Four-Door Car,Medsize
YP75411,Arizona,28516.21,No,Basic,College,2024-10-02,Unemployed,M,$0.00,Suburban,Single,$93.00,20,12,0,2,Personal Auto,Personal L3,3,Agent,$670.68,Two-Door Car,Medsize
UL87052,Arizona,5633.74,No,Basic,Bachelor,2024-10-02,Unemployed,F,$0.00,Suburban,Single,$158.00,14,50,0,1,Personal Auto,Personal L3,1,Agent,"$1,137.24",SUV,Medsize
ZA44520,Arizona,12989.33,No,Extended,High School or Below,2024-10-02,Employed,F,"$74,077.00",Suburban,Married,$163.00,12,68,0,3,Personal Auto,Personal L3,2,Agent,$784.08,SUV,Large
DC83427,Oregon,23975.17,No,Basic,High School or Below,2024-10-02,Unemployed,F,$0.00,Suburban,Single,$85.00,14,26,0,2,Personal Auto,Personal L3,2,Web,$893.32,Four-Door Car,Small
XZ83249,Nevada,13727.17,No,Extended,High School or Below,2024-10-02,Employed,F,"$47,930.00",Urban,Married,$173.00,5,116,0,3,Personal Auto,Personal L3,3,Call Center,$545.81,SUV,Small
ET45138,California,7496.8,No,Extended,College,2024-10-02,Employed,F,"$44,894.00",Suburban,Married,$186.00,0,27,0,1,Personal Auto,Personal L1,1,Branch,$894.24,Sports Car,Medsize
OW97322,Oregon,42404.75,No,Premium,Bachelor,2024-10-02,Employed,M,"$37,818.00",Suburban,Married,$359.00,34,41,0,2,Personal Auto,Personal L2,2,Branch,"$1,723.68",Luxury Car,Small
WV64743,Washington,17917.51,No,Basic,High School or Below,2024-10-02,Unemployed,M,$0.00,Suburban,Single,$262.00,42,15,0,4,Personal Auto,Personal L3,3,Call Center,"$1,885.68",Luxury Car,Medsize
TG36139,California,6317.97,No,Extended,High School or Below,2024-10-02,Disabled,F,"$29,322.00",Suburban,Single,$173.00,7,9,0,1,Corporate Auto,Corporate L1,4,Branch,"$1,131.17",SUV,Medsize
CB77819,California,6394.07,No,Basic,High School or Below,2024-10-02,Unemployed,M,$0.00,Suburban,Single,$88.00,45,1,0,3,Personal Auto,Personal L3,1,Web,$790.36,Two-Door Car,Medsize
FD14790,Oregon,24565.46,No,Extended,Bachelor,2024-10-02,Employed,M,"$77,189.00",Suburban,Married,$124.00,19,69,0,2,Personal Auto,Personal L1,4,Branch,$596.16,Four-Door Car,Small
CW38361,California,11805.38,No,Basic,Bachelor,2024-10-02,Employed,M,"$83,303.00",Rural,Married,$149.00,8,96,0,7,Corporate Auto,Corporate L3,3,Call Center,$302.27,SUV,Small
WG93963,California,11577.55,No,Extended,College,2024-10-02,Employed,F,"$53,927.00",Suburban,Divorced,$294.00,31,134,0,1,Personal Auto,Personal L1,1,Branch,"$1,412.64",Luxury SUV,Small
UD87700,California,9671.42,No,Basic,High School or Below,2024-10-02,Unemployed,M,$0.00,Suburban,Single,$146.00,26,131,0,9,Corporate Auto,Corporate L3,1,Agent,"$1,701.62",SUV,Large
NJ29981,California,6146.8,No,Extended,High School or Below,2024-10-02,Unemployed,M,$0.00,Suburban,Married,$167.00,1,58,0,1,Corporate Auto,Corporate L3,1,Branch,$964.57,SUV,Medsize
CT50487,California,3849.07,No,Basic,High School or Below,2024-10-02,Employed,F,"$74,620.00",Suburban,Married,$96.00,19,47,0,1,Corporate Auto,Corporate L3,2,Call Center,$654.38,Two-Door Car,Medsize
FH81263,California,8108.39,No,Basic,High School or Below,2024-10-02,Employed,M,"$1,15,439.00",Suburban,Married,$100.00,26,92,0,4,Corporate Auto,Corporate L3,1,Agent,$479.52,Four-Door Car,Small
PB93081,California,8586.88,No,Premium,High School or Below,2024-10-02,Employed,M,"$55,613.00",Rural,Married,$216.00,43,45,0,1,Corporate Auto,Corporate L3,4,Branch,$436.31,SUV,Small
MB91424,California,10024.11,No,Basic,College,2024-10-02,Employed,M,"$48,950.00",Suburban,Married,$85.00,19,81,0,2,Corporate Auto,Corporate L3,4,Branch,$408.24,Four-Door Car,Medsize
NN65590,California,3729.78,No,Basic,College,2024-10-02,Employed,F,"$97,652.00",Suburban,Single,$93.00,31,47,0,1,Personal Auto,Personal L1,2,Web,$447.12,Four-Door Car,Medsize
CF95802,California,11004.82,No,Basic,College,2024-10-02,Unemployed,M,$0.00,Suburban,Single,$154.00,12,36,0,5,Personal Auto,Personal L2,2,Branch,"$1,108.08",SUV,Small
JW21133,California,8748.13,No,Extended,Bachelor,2024-10-02,Medical Leave,M,"$25,407.00",Suburban,Married,$128.00,4,69,4,8,Personal Auto,Personal L3,1,Branch,$615.60,Two-Door Car,Small
GY43856,California,5871.57,Yes,Basic,College,2024-10-02,Employed,F,"$1,02,125.00",Rural,Married,$146.00,38,14,0,1,Corporate Auto,Corporate L3,2,Branch,$152.09,SUV,Large
GB32334,California,7262.3,No,Basic,College,2024-10-02,Employed,F,"$33,348.00",Urban,Married,$92.00,18,85,0,8,Personal Auto,Personal L3,2,Web,$290.13,Four-Door Car,Large
AL95338,California,9016.84,No,Extended,High School or Below,2024-10-02,Unemployed,F,$0.00,Suburban,Single,$123.00,4,127,0,5,Personal Auto,Personal L2,1,Agent,$884.52,Four-Door Car,Medsize
QO68842,California,3400.3,No,Basic,Doctor,2024-10-02,Employed,F,"$53,078.00",Rural,Single,$86.00,30,62,0,1,Personal Auto,Personal L2,2,Branch,$104.89,Four-Door Car,Medsize
OT56964,California,12722.75,No,Basic,Master,2024-10-02,Employed,M,"$63,311.00",Urban,Married,$159.00,18,15,0,3,Corporate Auto,Corporate L3,1,Agent,$435.48,SUV,Medsize
LA72316,California,31598.08,No,Basic,Bachelor,2024-10-02,Employed,M,"$97,120.00",Urban,Married,$99.00,24,120,0,2,Personal Auto,Personal L1,2,Web,$267.62,Four-Door Car,Medsize
MB98372,Oregon,3740.91,Yes,Basic,College,2024-11-01,Employed,F,"$67,596.00",Rural,Single,$96.00,4,43,0,1,Corporate Auto,Corporate L3,2,Agent,$25.54,Two-Door Car,Medsize
PY51963,California,45189.02,Yes,Basic,Bachelor,2024-11-01,Employed,F,"$44,807.00",Suburban,Divorced,$143.00,24,128,0,2,Corporate Auto,Corporate L1,1,Web,$686.88,SUV,Medsize
UG93476,California,10803.12,Yes,Basic,College,2024-11-01,Unemployed,F,$0.00,Suburban,Married,$144.00,4,88,0,3,Personal Auto,Personal L3,1,Agent,$693.36,SUV,Medsize
PU25891,Oregon,12984.72,No,Basic,High School or Below,2024-11-01,Employed,F,"$1,08,724.00",Rural,Married,$161.00,7,112,0,3,Special Auto,Special L2,1,Branch,$72.63,Sports Car,Medsize
AZ95587,Arizona,14024.55,No,Extended,Bachelor,2024-11-01,Employed,F,"$82,650.00",Urban,Single,$120.00,27,74,0,2,Special Auto,Special L3,3,Branch,$530.02,Four-Door Car,Small
YL83902,Washington,4420.16,No,Extended,Bachelor,2024-11-01,Employed,F,"$42,776.00",Suburban,Married,$109.00,15,45,0,1,Personal Auto,Personal L3,1,Agent,$581.84,Four-Door Car,Small
OY38576,Oregon,12524.27,No,Basic,High School or Below,2024-11-01,Employed,F,"$96,412.00",Suburban,Divorced,$157.00,14,0,0,3,Corporate Auto,Corporate L3,2,Agent,$751.68,SUV,Medsize
IP66913,California,5246.97,No,Extended,High School or Below,2024-11-01,Employed,M,"$1,05,446.00",Suburban,Single,$132.00,16,46,0,1,Personal Auto,Personal L3,2,Agent,$635.04,Two-Door Car,Small
BH36570,California,7982.26,No,Basic,Bachelor,2024-11-01,Employed,M,"$97,481.00",Suburban,Married,$99.00,4,113,0,8,Personal Auto,Personal L3,1,Branch,$473.04,Two-Door Car,Small
HS67749,California,9243.61,No,Extended,College,2024-11-01,Employed,M,"$95,901.00",Rural,Married,$116.00,20,76,0,3,Corporate Auto,Corporate L1,4,Agent,$277.35,Four-Door Car,Medsize
BL90769,California,45189.02,Yes,Basic,Bachelor,2024-11-01,Employed,F,"$44,807.00",Suburban,Divorced,$143.00,24,128,0,2,Personal Auto,Personal L3,1,Web,$686.88,SUV,Medsize
CY50337,Oregon,14753.35,No,Extended,College,2024-11-01,Employed,F,"$1,01,203.00",Rural,Married,$122.00,27,126,0,2,Personal Auto,Personal L3,1,Agent,$79.05,Four-Door Car,Medsize
WM65373,California,10803.12,Yes,Basic,College,2024-11-01,Unemployed,F,$0.00,Suburban,Married,$144.00,4,88,0,3,Corporate Auto,Corporate L3,1,Agent,$693.36,SUV,Medsize
QC89139,Oregon,6113.8,No,Basic,High School or Below,2024-11-01,Employed,F,"$1,21,546.00",Suburban,Married,$151.00,7,116,0,1,Corporate Auto,Corporate L3,1,Call Center,$725.76,SUV,Medsize
ZU93025,Oregon,3740.91,Yes,Basic,College,2024-11-01,Employed,F,"$67,596.00",Rural,Single,$96.00,4,43,0,1,Personal Auto,Personal L2,2,Agent,$25.54,Two-Door Car,Medsize
WZ53904,Arizona,3590.97,No,Basic,Bachelor,2024-11-01,Employed,M,"$28,751.00",Rural,Single,$96.00,35,76,0,1,Personal Auto,Personal L3,2,Agent,$61.44,Four-Door Car,Medsize
RS24501,Oregon,18022.66,No,Premium,College,2024-11-01,Employed,F,"$39,041.00",Suburban,Single,$234.00,7,119,0,3,Personal Auto,Personal L2,3,Agent,"$1,121.04",SUV,Medsize
UP71482,Arizona,9768.78,No,Basic,High School or Below,2024-11-01,Unemployed,M,$0.00,Suburban,Married,$85.00,15,99,0,2,Personal Auto,Personal L1,3,Call Center,$517.54,Four-Door Car,Large
WZ31900,Oregon,11677.1,No,Basic,Bachelor,2024-11-01,Employed,F,"$1,27,425.00",Rural,Married,$144.00,22,103,0,8,Corporate Auto,Corporate L3,2,Call Center,$114.84,SUV,Medsize
UH45301,Oregon,12742.54,No,Premium,College,2024-11-01,Employed,M,"$1,17,377.00",Urban,Married,$159.00,18,19,0,7,Personal Auto,Personal L1,2,Agent,$459.89,Four-Door Car,Medsize
EH24828,Nevada,3226.2,No,Basic,College,2024-11-01,Employed,M,"$79,180.00",Suburban,Married,$86.00,19,101,5,1,Personal Auto,Personal L2,2,Agent,$414.72,Four-Door Car,Small
CE12380,Arizona,27122.09,No,Basic,College,2024-11-01,Unemployed,F,$0.00,Urban,Single,$89.00,22,26,1,2,Corporate Auto,Corporate L3,1,Agent,$340.40,Four-Door Car,Medsize
ZD63451,California,3379.94,No,Basic,Bachelor,2024-11-01,Employed,M,"$72,006.00",Rural,Married,$85.00,32,47,1,1,Personal Auto,Personal L2,4,Agent,$47.86,Four-Door Car,Medsize
WU14549,Nevada,5899.12,No,Premium,Master,2024-11-01,Employed,M,"$1,19,468.00",Suburban,Married,$146.00,3,112,0,1,Personal Auto,Personal L3,1,Branch,$723.50,Two-Door Car,Medsize
MZ16820,Nevada,11013.21,No,Premium,High School or Below,2024-11-01,Employed,M,"$1,17,195.00",Suburban,Married,$138.00,26,30,0,5,Corporate Auto,Corporate L2,2,Call Center,$660.96,Four-Door Car,Small
EO91797,Nevada,21115.7,No,Extended,Master,2024-11-01,Employed,F,"$43,700.00",Urban,Married,$176.00,42,113,0,2,Corporate Auto,Corporate L3,3,Agent,$658.44,SUV,Medsize
KY32675,Arizona,20209.88,No,Extended,High School or Below,2024-11-01,Employed,M,"$1,15,151.00",Suburban,Married,$126.00,9,123,0,2,Special Auto,Special L3,2,Branch,$837.02,Two-Door Car,Small
SS54050,California,21607.43,No,Basic,Bachelor,2024-11-01,Employed,M,"$60,616.00",Suburban,Married,$95.00,20,76,2,2,Personal Auto,Personal L3,1,Branch,$622.09,Four-Door Car,Small
ZV99487,Arizona,9431.92,No,Extended,Bachelor,2024-11-01,Unemployed,F,$0.00,Rural,Married,$126.00,28,11,0,3,Personal Auto,Personal L1,1,Call Center,$201.51,Four-Door Car,Medsize
WR76339,California,6875.27,No,Basic,College,2024-11-01,Employed,M,"$63,345.00",Suburban,Married,$86.00,46,16,0,3,Corporate Auto,Corporate L3,1,Branch,$544.57,Two-Door Car,Medsize
CB96381,California,19696.83,No,Basic,College,2024-11-01,Employed,F,"$62,429.00",Urban,Divorced,$84.00,11,4,0,2,Corporate Auto,Corporate L3,4,Agent,$344.64,Four-Door Car,Medsize
QN17712,Oregon,11112.15,No,Basic,College,2024-11-01,Unemployed,F,$0.00,Urban,Divorced,$153.00,5,95,0,4,Personal Auto,Personal L3,1,Web,$503.65,SUV,Medsize
QJ93301,Nevada,5472.05,No,Premium,Master,2024-11-01,Employed,M,"$60,292.00",Urban,Married,$136.00,3,1,0,1,Personal Auto,Personal L3,3,Agent,$589.73,Two-Door Car,Medsize
KC19420,California,6733.32,No,Extended,College,2024-11-01,Disabled,F,"$26,445.00",Suburban,Married,$171.00,35,59,0,1,Personal Auto,Personal L3,1,Agent,"$1,386.46",SUV,Large
YZ56105,California,8653,No,Extended,High School or Below,2024-11-01,Unemployed,F,$0.00,Suburban,Single,$134.00,19,65,2,9,Personal Auto,Personal L1,1,Branch,$962.28,Two-Door Car,Medsize
VN92740,Arizona,3740.91,Yes,Basic,College,2024-11-01,Employed,F,"$67,596.00",Rural,Single,$96.00,4,43,0,1,Corporate Auto,Corporate L3,2,Agent,$25.54,Two-Door Car,Medsize
MW57614,Arizona,3185.22,Yes,Basic,Bachelor,2024-11-01,Disabled,F,"$26,816.00",Suburban,Divorced,$85.00,30,130,0,1,Personal Auto,Personal L2,1,Web,$475.73,Four-Door Car,Medsize
UV69038,California,12812.05,No,Extended,College,2024-11-01,Unemployed,M,$0.00,Suburban,Single,$185.00,46,104,0,4,Corporate Auto,Corporate L2,1,Branch,$887.76,SUV,Medsize
GI36262,Washington,3914.6,No,Basic,College,2024-11-01,Employed,F,"$88,083.00",Suburban,Married,$97.00,19,74,0,1,Corporate Auto,Corporate L2,1,Agent,$514.67,Four-Door Car,Medsize
QL75176,Oregon,16637.76,No,Premium,High School or Below,2024-11-01,Unemployed,F,$0.00,Suburban,Single,$153.00,7,122,0,2,Personal Auto,Personal L2,2,Branch,"$1,098.36",Four-Door Car,Medsize
CS26667,Washington,30148.79,Yes,Extended,College,2024-11-01,Employed,M,"$66,255.00",Suburban,Single,$131.00,14,4,0,2,Special Auto,Special L3,2,Branch,$653.42,Four-Door Car,Medsize
WU15684,Nevada,4844.98,No,Extended,College,2024-11-01,Employed,F,"$57,829.00",Urban,Married,$120.00,43,134,0,1,Corporate Auto,Corporate L3,3,Branch,$330.18,Four-Door Car,Medsize
NQ67659,Nevada,45189.02,Yes,Basic,Bachelor,2024-11-01,Employed,F,"$44,807.00",Suburban,Divorced,$143.00,24,128,0,2,Personal Auto,Personal L2,1,Web,$686.88,SUV,Medsize
XA47378,California,3876.44,No,Basic,Bachelor,2024-11-01,Employed,F,"$32,134.00",Suburban,Married,$97.00,15,122,0,1,Corporate Auto,Corporate L2,4,Branch,$554.24,Two-Door Car,Small
GG61186,Nevada,11334.34,No,Premium,Doctor,2024-11-01,Unemployed,F,$0.00,Rural,Married,$149.00,30,97,0,9,Personal Auto,Personal L1,1,Agent,$217.47,Four-Door Car,Medsize
SU77646,Oregon,7719.67,No,Basic,Master,2024-11-01,Employed,M,"$62,280.00",Rural,Divorced,$99.00,9,105,0,5,Personal Auto,Personal L2,1,Branch,$26.50,Four-Door Car,Large
RP27249,Oregon,6343.49,No,Basic,Master,2024-11-01,Employed,F,"$1,08,483.00",Urban,Married,$157.00,26,3,0,1,Personal Auto,Personal L3,4,Agent,$598.91,SUV,Large
UV82770,California,15798.17,No,Basic,Bachelor,2024-11-01,Unemployed,M,$0.00,Suburban,Divorced,$150.00,20,16,0,2,Personal Auto,Personal L1,3,Call Center,$719.28,SUV,Medsize
MK52711,California,13924.61,No,Basic,High School or Below,2024-11-01,Employed,F,"$1,34,675.00",Rural,Married,$88.00,16,34,3,2,Personal Auto,Personal L2,2,Agent,$100.53,Two-Door Car,Medsize
XV69290,California,30148.79,Yes,Extended,College,2024-11-01,Employed,M,"$66,255.00",Suburban,Single,$131.00,14,4,0,2,Corporate Auto,Corporate L2,2,Branch,$653.42,Four-Door Car,Medsize
KL14426,Nevada,6857.79,No,Extended,Doctor,2024-11-01,Employed,F,"$1,12,439.00",Urban,Married,$167.00,24,95,0,1,Personal Auto,Personal L3,1,Agent,$477.09,SUV,Medsize
IZ27630,Oregon,9110.11,No,Extended,Master,2024-11-01,Employed,M,"$92,371.00",Urban,Single,$115.00,19,109,0,7,Personal Auto,Personal L2,2,Branch,$437.96,Two-Door Car,Large
DQ93036,Arizona,9779.22,No,Extended,High School or Below,2024-11-01,Employed,M,"$56,634.00",Rural,Married,$123.00,41,76,0,7,Personal Auto,Personal L1,1,Branch,$54.72,Four-Door Car,Medsize
WK64739,Arizona,3185.22,Yes,Basic,Bachelor,2024-11-01,Disabled,F,"$26,816.00",Suburban,Divorced,$85.00,30,130,0,1,Corporate Auto,Corporate L3,1,Web,$475.73,Four-Door Car,Medsize
BE65350,Oregon,7102.4,No,Basic,High School or Below,2024-11-01,Employed,F,"$58,824.00",Suburban,Married,$89.00,41,86,0,5,Personal Auto,Personal L3,1,Agent,$553.07,Two-Door Car,Large
XI52305,California,6729.24,Yes,Basic,Bachelor,2024-11-01,Employed,M,"$1,16,512.00",Rural,Married,$84.00,1,134,0,5,Personal Auto,Personal L3,2,Call Center,$108.99,Four-Door Car,Medsize
YN19139,Nevada,3454.33,No,Basic,High School or Below,2024-11-01,Unemployed,M,$0.00,Suburban,Single,$97.00,5,19,0,1,Corporate Auto,Corporate L3,2,Agent,$699.84,Four-Door Car,Medsize
YA12007,California,12419.38,No,Extended,College,2024-11-01,Unemployed,F,$0.00,Suburban,Divorced,$108.00,14,15,0,2,Personal Auto,Personal L2,1,Branch,$773.34,Four-Door Car,Medsize
VI42566,Oregon,8114.18,No,Basic,Master,2024-11-01,Employed,M,"$66,570.00",Suburban,Married,$100.00,34,115,0,3,Personal Auto,Personal L3,2,Branch,$479.52,Four-Door Car,Large
WC21120,California,10803.12,Yes,Basic,College,2024-11-01,Unemployed,F,$0.00,Suburban,Married,$144.00,4,88,0,3,Personal Auto,Personal L1,1,Agent,$693.36,SUV,Medsize
EO42272,California,13700.37,No,Basic,Bachelor,2024-11-01,Employed,F,"$60,556.00",Suburban,Divorced,$89.00,32,96,1,2,Corporate Auto,Corporate L3,4,Branch,$427.68,Four-Door Car,Small
HP55853,California,30148.79,Yes,Extended,College,2024-11-01,Employed,M,"$66,255.00",Suburban,Single,$131.00,14,4,0,2,Corporate Auto,Corporate L3,2,Branch,$653.42,Four-Door Car,Medsize
WH20102,California,12278.32,Yes,Basic,College,2024-11-01,Employed,M,"$51,215.00",Suburban,Married,$157.00,15,57,0,5,Personal Auto,Personal L2,2,Call Center,$751.68,SUV,Medsize
DX70966,Nevada,3740.91,Yes,Basic,College,2024-11-01,Employed,F,"$67,596.00",Rural,Single,$96.00,4,43,0,1,Personal Auto,Personal L2,2,Agent,$25.54,Two-Door Car,Medsize
BG96711,California,3478.11,No,Basic,Bachelor,2024-11-01,Employed,M,"$33,388.00",Suburban,Divorced,$90.00,5,66,0,1,Corporate Auto,Corporate L3,2,Branch,$434.16,Four-Door Car,Small
MD95935,California,7891.33,No,Basic,Bachelor,2024-11-01,Employed,F,"$58,246.00",Suburban,Married,$99.00,1,0,0,6,Corporate Auto,Corporate L3,3,Web,$697.17,Two-Door Car,Medsize
IW27109,Oregon,6278.42,No,Basic,College,2024-11-01,Unemployed,M,$0.00,Suburban,Single,$92.00,23,89,0,3,Personal Auto,Personal L3,1,Agent,$975.88,Two-Door Car,Medsize
HI91534,California,6171.54,No,Basic,College,2024-11-01,Employed,F,"$1,23,505.00",Urban,Divorced,$154.00,3,22,0,1,Personal Auto,Personal L3,3,Web,$530.45,SUV,Small
CF15086,California,5181.45,No,Extended,College,2024-11-01,Employed,M,"$1,03,106.00",Rural,Married,$130.00,28,109,0,1,Personal Auto,Personal L3,2,Branch,$186.87,Four-Door Car,Medsize
ZQ48144,California,4909.87,No,Extended,Bachelor,2024-11-01,Employed,F,"$47,231.00",Rural,Married,$123.00,9,101,0,1,Corporate Auto,Corporate L3,4,Web,$99.68,Four-Door Car,Medsize
HF11584,Arizona,17433.22,No,Basic,Master,2024-11-01,Employed,M,"$84,305.00",Suburban,Married,$144.00,0,15,0,2,Personal Auto,Personal L3,1,Branch,$693.36,SUV,Medsize
MQ48266,Arizona,7512.69,No,Basic,Bachelor,2024-11-01,Employed,F,"$62,784.00",Urban,Married,$99.00,23,43,4,3,Personal Auto,Personal L3,1,Agent,$439.52,Two-Door Car,Medsize
RZ89359,California,3308.34,No,Basic,College,2024-11-01,Employed,F,"$83,542.00",Rural,Divorced,$84.00,15,84,0,1,Personal Auto,Personal L1,4,Web,$24.41,Four-Door Car,Medsize
PC80039,Oregon,3185.22,Yes,Basic,Bachelor,2024-11-01,Disabled,F,"$26,816.00",Suburban,Divorced,$85.00,30,130,0,1,Personal Auto,Personal L2,1,Web,$475.73,Four-Door Car,Medsize
PB47955,Oregon,11247.73,No,Basic,Bachelor,2024-11-01,Unemployed,F,$0.00,Suburban,Single,$161.00,4,73,0,3,Personal Auto,Personal L3,2,Branch,"$1,156.68",SUV,Medsize
BS94221,Arizona,3178.33,No,Basic,College,2024-11-01,Disabled,F,"$35,348.00",Suburban,Married,$84.00,1,124,0,1,Special Auto,Special L2,4,Branch,$401.76,Two-Door Car,Large
QI69873,Washington,20335.73,No,Extended,Master,2024-11-01,Disabled,M,"$25,828.00",Suburban,Single,$279.00,34,20,0,3,Personal Auto,Personal L1,4,Agent,"$1,361.57",Luxury Car,Small
ZB88708,Nevada,3779.28,No,Basic,Master,2024-11-01,Employed,M,"$1,05,471.00",Rural,Married,$93.00,7,8,0,1,Personal Auto,Personal L3,3,Call Center,$183.83,Four-Door Car,Medsize
XI30683,Arizona,9085.32,No,Basic,College,2024-11-01,Unemployed,M,$0.00,Suburban,Single,$139.00,18,27,0,9,Personal Auto,Personal L2,1,Branch,"$1,001.16",SUV,Medsize
UU92753,Oregon,35661.94,No,Basic,Doctor,2024-11-01,Employed,F,"$1,15,475.00",Urban,Married,$146.00,5,123,0,2,Personal Auto,Personal L3,2,Call Center,$385.12,SUV,Medsize
NG34818,California,8480.81,No,Extended,Bachelor,2024-11-01,Employed,M,"$57,124.00",Rural,Married,$108.00,31,105,0,3,Personal Auto,Personal L3,3,Web,$76.13,Four-Door Car,Small
BG80246,Arizona,7519.74,No,Basic,College,2024-11-01,Disabled,F,"$30,617.00",Suburban,Married,$97.00,34,43,0,4,Personal Auto,Personal L3,1,Branch,$466.56,Two-Door Car,Small
ZP47993,California,11082.06,No,Premium,Bachelor,2024-11-01,Employed,F,"$54,872.00",Suburban,Married,$139.00,30,8,0,8,Personal Auto,Personal L3,2,Web,$667.44,Four-Door Car,Medsize
SK37917,Nevada,6851.82,No,Basic,College,2024-11-01,Unemployed,M,$0.00,Suburban,Single,$99.00,38,11,0,3,Corporate Auto,Corporate L2,3,Agent,$473.04,Two-Door Car,Medsize
NM37561,California,10001.03,No,Basic,High School or Below,2024-11-01,Employed,M,"$84,794.00",Rural,Married,$252.00,19,30,1,1,Corporate Auto,Corporate L2,3,Web,$44.38,Luxury Car,Medsize
DG31826,California,6729.24,Yes,Basic,Bachelor,2024-11-01,Employed,M,"$1,16,512.00",Rural,Married,$84.00,1,134,0,5,Corporate Auto,Corporate L2,2,Call Center,$108.99,Four-Door Car,Medsize
DD97473,Oregon,2917.24,No,Basic,High School or Below,2024-11-01,Unemployed,F,$0.00,Suburban,Single,$84.00,5,66,1,1,Personal Auto,Personal L3,1,Agent,$592.65,Four-Door Car,Medsize
EC28314,California,6729.24,Yes,Basic,Bachelor,2024-11-01,Employed,M,"$1,16,512.00",Rural,Married,$84.00,1,134,0,5,Personal Auto,Personal L2,2,Call Center,$108.99,Four-Door Car,Medsize
KS89479,Oregon,12278.32,Yes,Basic,College,2024-11-01,Employed,M,"$51,215.00",Suburban,Married,$157.00,15,57,0,5,Personal Auto,Personal L3,2,Call Center,$751.68,SUV,Medsize
RW66792,California,7702.49,No,Basic,High School or Below,2024-11-01,Employed,F,"$1,03,305.00",Suburban,Married,$96.00,42,96,0,6,Personal Auto,Personal L2,2,Branch,$460.08,Four-Door Car,Medsize
JD81426,Arizona,4669.7,No,Extended,High School or Below,2024-11-01,Employed,M,"$1,31,169.00",Rural,Married,$116.00,0,85,0,1,Personal Auto,Personal L1,3,Web,$44.17,Four-Door Car,Medsize
VE31268,Oregon,5889.74,No,Basic,Bachelor,2024-11-01,Unemployed,M,$0.00,Suburban,Single,$88.00,15,62,0,3,Personal Auto,Personal L3,3,Web,$631.80,Four-Door Car,Medsize
VZ16820,Washington,13908.92,No,Extended,Bachelor,2024-11-01,Employed,M,"$29,483.00",Suburban,Single,$185.00,3,95,0,8,Personal Auto,Personal L3,2,Agent,$887.76,Sports Car,Medsize
TF64196,California,7914.78,No,Basic,College,2024-11-01,Employed,F,"$1,01,413.00",Rural,Married,$99.00,16,30,0,6,Corporate Auto,Corporate L1,3,Call Center,$231.16,Two-Door Car,Small
CX34236,Oregon,12278.32,Yes,Basic,College,2024-11-01,Employed,M,"$51,215.00",Suburban,Married,$157.00,15,57,0,5,Personal Auto,Personal L2,2,Call Center,$751.68,SUV,Medsize
UP57305,California,6867.47,No,Basic,Bachelor,2024-11-01,Employed,M,"$30,680.00",Suburban,Married,$88.00,34,99,0,3,Personal Auto,Personal L2,2,Branch,$421.20,Four-Door Car,Medsize
UB17669,Nevada,3185.22,Yes,Basic,Bachelor,2024-11-01,Disabled,F,"$26,816.00",Suburban,Divorced,$85.00,30,130,0,1,Personal Auto,Personal L3,1,Web,$475.73,Four-Door Car,Medsize
GA89827,Oregon,9895.27,No,Basic,College,2024-11-01,Unemployed,M,$0.00,Suburban,Single,$95.00,5,85,0,2,Personal Auto,Personal L3,1,Agent,$840.21,Four-Door Car,Medsize
ON67674,California,3740.91,Yes,Basic,College,2024-11-01,Employed,F,"$67,596.00",Rural,Single,$96.00,4,43,0,1,Personal Auto,Personal L2,2,Agent,$25.54,Two-Door Car,Medsize
HG81101,Washington,3931.1,No,Basic,Bachelor,2024-11-01,Employed,F,"$27,441.00",Suburban,Married,$100.00,35,59,0,1,Personal Auto,Personal L1,3,Web,"$1,112.74",Four-Door Car,Medsize
VF10088,Arizona,4603.77,No,Extended,High School or Below,2024-11-01,Employed,F,"$80,544.00",Rural,Married,$115.00,8,103,0,1,Personal Auto,Personal L1,2,Web,$13.73,Four-Door Car,Medsize
UL17918,Arizona,3808.35,No,Extended,Bachelor,2024-11-01,Unemployed,M,$0.00,Suburban,Married,$104.00,43,0,0,1,Corporate Auto,Corporate L2,4,Agent,$589.10,Two-Door Car,Medsize
ZS50183,Arizona,10803.12,Yes,Basic,College,2024-11-01,Unemployed,F,$0.00,Suburban,Married,$144.00,4,88,0,3,Corporate Auto,Corporate L3,1,Agent,$693.36,SUV,Medsize
NW19960,Oregon,12278.32,Yes,Basic,College,2024-11-01,Employed,M,"$51,215.00",Suburban,Married,$157.00,15,57,0,5,Personal Auto,Personal L3,2,Call Center,$751.68,SUV,Medsize
WG37485,Oregon,7223,No,Extended,College,2024-11-01,Employed,F,"$78,782.00",Suburban,Single,$185.00,36,103,2,1,Personal Auto,Personal L2,2,Call Center,$956.10,Sports Car,Medsize
EW67766,California,6382.58,No,Extended,College,2024-11-01,Unemployed,F,$0.00,Suburban,Married,$171.00,32,78,0,1,Personal Auto,Personal L2,1,Agent,$822.96,SUV,Small
KD69941,California,6671.23,No,Extended,Bachelor,2024-11-01,Unemployed,M,$0.00,Suburban,Single,$185.00,23,7,0,1,Personal Auto,Personal L3,3,Branch,"$1,331.64",SUV,Medsize
WM25415,Oregon,10438.72,No,Basic,High School or Below,2024-11-01,Employed,F,"$46,481.00",Urban,Divorced,$88.00,8,20,0,2,Personal Auto,Personal L2,1,Agent,$249.69,Two-Door Car,Medsize
RV90030,California,11439.18,No,Basic,High School or Below,2024-11-01,Unemployed,F,$0.00,Suburban,Single,$157.00,0,11,2,8,Special Auto,Special L2,1,Agent,"$1,550.42",Sports Car,Medsize
CS32416,Oregon,7554.28,No,Basic,Bachelor,2024-11-01,Employed,M,"$91,805.00",Suburban,Single,$97.00,8,19,0,3,Corporate Auto,Corporate L2,1,Agent,$562.06,Two-Door Car,Medsize
QT97406,Arizona,27162.76,No,Extended,Bachelor,2024-11-01,Employed,M,"$44,373.00",Rural,Married,$115.00,5,66,0,2,Corporate Auto,Corporate L2,1,Web,$158.58,Two-Door Car,Large
PL54420,Arizona,45189.02,Yes,Basic,Bachelor,2024-11-01,Employed,F,"$44,807.00",Suburban,Divorced,$143.00,24,128,0,2,Personal Auto,Personal L3,1,Web,$686.88,SUV,Medsize
BZ36030,Oregon,16997.76,No,Premium,College,2024-11-01,Employed,M,"$84,476.00",Suburban,Married,$143.00,7,28,0,2,Personal Auto,Personal L1,2,Call Center,$686.88,Two-Door Car,Medsize
QZ24527,California,45189.02,Yes,Basic,Bachelor,2024-11-01,Employed,F,"$44,807.00",Suburban,Divorced,$143.00,24,128,0,2,Personal Auto,Personal L2,1,Web,$686.88,SUV,Medsize
RL21492,Arizona,6729.24,Yes,Basic,Bachelor,2024-11-01,Employed,M,"$1,16,512.00",Rural,Married,$84.00,1,134,0,5,Corporate Auto,Corporate L3,2,Call Center,$108.99,Four-Door Car,Medsize
BC48076,Washington,10508.11,No,Basic,Master,2024-11-01,Employed,F,"$65,730.00",Suburban,Married,$258.00,20,24,0,1,Personal Auto,Personal L3,1,Call Center,"$1,330.01",Luxury Car,Medsize
QL20148,Oregon,30148.79,Yes,Extended,College,2024-11-01,Employed,M,"$66,255.00",Suburban,Single,$131.00,14,4,0,2,Personal Auto,Personal L3,2,Branch,$653.42,Four-Door Car,Medsize
UI73553,Nevada,3185.22,Yes,Basic,Bachelor,2024-11-01,Disabled,F,"$26,816.00",Suburban,Divorced,$85.00,30,130,0,1,Personal Auto,Personal L3,1,Web,$475.73,Four-Door Car,Medsize
EY71418,Oregon,34614.32,No,Premium,Bachelor,2024-11-01,Disabled,F,"$33,338.00",Suburban,Married,$227.00,7,112,0,2,Corporate Auto,Corporate L2,1,Agent,"$1,088.64",SUV,Medsize
LC12930,California,6577.22,No,Basic,Master,2024-11-01,Unemployed,M,$0.00,Suburban,Married,$86.00,1,9,0,7,Personal Auto,Personal L2,1,Agent,$414.72,Four-Door Car,Medsize
XY36764,California,3740.91,Yes,Basic,College,2024-11-01,Employed,F,"$67,596.00",Rural,Single,$96.00,4,43,0,1,Personal Auto,Personal L2,2,Agent,$25.54,Two-Door Car,Medsize
YN15967,California,10002.26,No,Extended,College,2024-11-01,Employed,M,"$82,566.00",Urban,Single,$130.00,3,96,0,3,Corporate Auto,Corporate L2,1,Branch,$478.62,Two-Door Car,Small
QW44380,Washington,3560.76,No,Basic,High School or Below,2024-11-01,Employed,M,"$73,410.00",Suburban,Married,$89.00,22,41,0,1,Personal Auto,Personal L2,2,Call Center,$427.68,Four-Door Car,Small
FP45327,Washington,12278.32,Yes,Basic,College,2024-11-01,Employed,M,"$51,215.00",Suburban,Married,$157.00,15,57,0,5,Personal Auto,Personal L2,2,Call Center,$751.68,SUV,Medsize
GQ57207,California,3185.22,Yes,Basic,Bachelor,2024-11-01,Disabled,F,"$26,816.00",Suburban,Divorced,$85.00,30,130,0,1,Personal Auto,Personal L2,1,Web,$475.73,Four-Door Car,Medsize
VW65573,California,10300.97,No,Basic,High School or Below,2024-11-01,Unemployed,M,$0.00,Suburban,Single,$150.00,28,27,0,8,Special Auto,Special L3,1,Agent,"$1,078.92",SUV,Large
XL78013,Oregon,30148.79,Yes,Extended,College,2024-11-01,Employed,M,"$66,255.00",Suburban,Single,$131.00,14,4,0,2,Corporate Auto,Corporate L3,2,Branch,$653.42,Four-Door Car,Medsize
PC76141,Nevada,3168.01,No,Basic,Bachelor,2024-11-01,Medical Leave,M,"$30,958.00",Suburban,Married,$84.00,3,131,0,1,Personal Auto,Personal L1,1,Web,$401.76,Four-Door Car,Small
IB82793,California,2874.24,No,Basic,High School or Below,2024-11-01,Unemployed,M,$0.00,Suburban,Divorced,$82.00,18,109,1,1,Corporate Auto,Corporate L3,1,Agent,$395.28,Four-Door Car,Medsize
PN18863,California,6897.83,No,Basic,College,2024-11-01,Employed,M,"$28,724.00",Suburban,Divorced,$89.00,1,57,0,9,Corporate Auto,Corporate L3,2,Web,$427.68,Four-Door Car,Medsize
QX64770,Oregon,11099.53,No,Premium,Master,2024-11-01,Medical Leave,F,"$18,058.00",Suburban,Single,$146.00,18,101,0,4,Personal Auto,Personal L3,1,Agent,"$1,045.87",Four-Door Car,Small
XE65072,Oregon,8954.74,No,Extended,College,2024-11-01,Employed,M,"$85,702.00",Rural,Married,$112.00,5,113,0,3,Personal Auto,Personal L1,2,Branch,$114.85,Four-Door Car,Medsize
LS17120,California,4132.42,No,Extended,Bachelor,2024-11-01,Employed,M,"$76,773.00",Urban,Single,$112.00,34,46,3,1,Personal Auto,Personal L2,1,Agent,$363.70,Four-Door Car,Medsize
YY58769,Arizona,3469.72,No,Basic,Bachelor,2024-11-01,Employed,M,"$78,972.00",Suburban,Married,$90.00,8,1,3,1,Personal Auto,Personal L3,2,Call Center,$434.16,Four-Door Car,Small
FZ16327,California,11168.7,No,Premium,College,2024-11-01,Unemployed,F,$0.00,Urban,Divorced,$157.00,8,105,0,3,Personal Auto,Personal L2,1,Web,$687.84,Four-Door Car,Large
TN82637,Nevada,15169.02,No,Basic,College,2024-11-01,Employed,M,"$29,209.00",Urban,Married,$86.00,3,32,5,2,Personal Auto,Personal L2,2,Branch,$288.34,Two-Door Car,Medsize
RE29039,California,10217.95,No,Basic,High School or Below,2024-11-01,Medical Leave,F,"$37,203.00",Suburban,Married,$88.00,24,65,0,2,Personal Auto,Personal L3,1,Agent,$421.20,Four-Door Car,Medsize
FI17798,California,3658.66,No,Basic,Doctor,2024-11-01,Unemployed,M,$0.00,Suburban,Married,$96.00,9,117,0,1,Personal Auto,Personal L3,1,Agent,$460.08,Four-Door Car,Small
JH58573,California,10701.7,No,Basic,College,2024-11-01,Employed,M,"$43,949.00",Rural,Married,$92.00,43,97,0,2,Personal Auto,Personal L1,3,Call Center,$117.33,Two-Door Car,Medsize
ND68993,Nevada,45189.02,Yes,Basic,Bachelor,2024-11-01,Employed,F,"$44,807.00",Suburban,Divorced,$143.00,24,128,0,2,Personal Auto,Personal L3,1,Web,$686.88,SUV,Medsize
UU32345,California,30148.79,Yes,Extended,College,2024-11-01,Employed,M,"$66,255.00",Suburban,Single,$131.00,14,4,0,2,Corporate Auto,Corporate L3,2,Branch,$653.42,Four-Door Car,Medsize
YM94448,Arizona,6743.48,No,Basic,College,2024-11-01,Retired,F,"$14,562.00",Suburban,Divorced,$96.00,45,34,0,8,Personal Auto,Personal L2,1,Agent,$942.03,Two-Door Car,Small
PV12088,Arizona,8854.49,No,Basic,High School or Below,2024-11-01,Medical Leave,M,"$26,336.00",Suburban,Single,$82.00,30,80,0,2,Personal Auto,Personal L1,1,Branch,$395.28,Two-Door Car,Medsize
MO41014,Arizona,6729.24,Yes,Basic,Bachelor,2024-11-01,Employed,M,"$1,16,512.00",Rural,Married,$84.00,1,134,0,5,Corporate Auto,Corporate L2,2,Call Center,$108.99,Four-Door Car,Medsize
RC22595,Arizona,5129.66,No,Premium,College,2024-11-01,Unemployed,F,$0.00,Suburban,Married,$138.00,1,134,0,1,Personal Auto,Personal L3,1,Branch,$660.96,Four-Door Car,Large
NG15645,California,3858.42,No,Basic,Master,2024-11-01,Employed,F,"$36,966.00",Rural,Married,$96.00,45,47,0,1,Personal Auto,Personal L2,2,Web,$181.04,Four-Door Car,Medsize
AA35519,Arizona,10803.12,Yes,Basic,College,2024-11-01,Unemployed,F,$0.00,Suburban,Married,$144.00,4,88,0,3,Personal Auto,Personal L2,1,Agent,$693.36,SUV,Medsize
ZM40672,Oregon,9103.22,No,Basic,Master,2024-11-01,Unemployed,F,$0.00,Suburban,Single,$82.00,3,103,0,2,Corporate Auto,Corporate L3,2,Agent,$395.28,Two-Door Car,Small
HS89788,Arizona,10417.19,No,Basic,High School or Below,2024-11-01,Unemployed,F,$0.00,Suburban,Single,$144.00,3,126,0,4,Personal Auto,Personal L1,2,Branch,"$1,575.12",Sports Car,Medsize
VM50666,California,13119.93,No,Basic,Doctor,2024-11-01,Unemployed,M,$0.00,Suburban,Divorced,$88.00,16,62,0,2,Special Auto,Special L3,1,Branch,$421.20,Four-Door Car,Large
LQ22609,Arizona,4660.24,No,Extended,College,2024-11-01,Employed,F,"$82,870.00",Rural,Married,$116.00,34,47,0,1,Personal Auto,Personal L3,2,Call Center,$269.05,Four-Door Car,Medsize
ZP80265,Oregon,5547.57,No,Basic,Bachelor,2024-11-01,Unemployed,M,$0.00,Suburban,Single,$84.00,0,31,0,8,Personal Auto,Personal L3,1,Agent,$602.64,Two-Door Car,Large
LC47479,Oregon,38640.12,No,Extended,College,2024-11-01,Employed,M,"$47,847.00",Suburban,Married,$323.00,14,27,0,2,Personal Auto,Personal L2,3,Branch,"$1,548.72",Luxury Car,Small
NJ43658,California,30673.99,No,Basic,Master,2024-11-01,Disabled,M,"$29,327.00",Suburban,Married,$267.00,5,69,0,2,Corporate Auto,Corporate L1,1,Agent,"$2,032.06",Luxury SUV,Large
OI39449,California,10803.12,Yes,Basic,College,2024-11-01,Unemployed,F,$0.00,Suburban,Married,$144.00,4,88,0,3,Personal Auto,Personal L2,1,Agent,$693.36,SUV,Medsize
XR82418,California,6729.24,Yes,Basic,Bachelor,2024-11-01,Employed,M,"$1,16,512.00",Rural,Married,$84.00,1,134,0,5,Personal Auto,Personal L1,2,Call Center,$108.99,Four-Door Car,Medsize
FY77803,California,13674.83,No,Basic,High School or Below,2024-11-01,Unemployed,F,$0.00,Suburban,Married,$92.00,46,42,0,2,Corporate Auto,Corporate L1,4,Call Center,$440.64,Four-Door Car,Medsize
UK79109,California,12278.32,Yes,Basic,College,2024-11-01,Employed,M,"$51,215.00",Suburban,Married,$157.00,15,57,0,5,Corporate Auto,Corporate L1,2,Call Center,$751.68,SUV,Medsize
RD40721,California,7269.39,No,Extended,High School or Below,2024-11-01,Unemployed,M,$0.00,Suburban,Divorced,$105.00,19,92,0,5,Corporate Auto,Corporate L3,3,Agent,"$1,010.85",Four-Door Car,Medsize
OM73267,California,7059.75,No,Basic,High School or Below,2024-11-01,Employed,F,"$93,886.00",Suburban,Married,$88.00,23,131,0,8,Corporate Auto,Corporate L3,1,Call Center,$421.20,Four-Door Car,Medsize
CS35098,California,13786.23,No,Extended,College,2024-11-01,Employed,M,"$1,26,792.00",Urban,Married,$113.00,27,18,0,2,Corporate Auto,Corporate L3,2,Web,$287.59,Four-Door Car,Medsize
AV93209,California,16858.23,No,Premium,High School or Below,2024-11-01,Employed,F,"$42,232.00",Suburban,Married,$140.00,24,4,0,2,Personal Auto,Personal L3,1,Agent,$673.92,Four-Door Car,Medsize
WI89701,California,7702.96,No,Basic,College,2024-11-01,Unemployed,F,$0.00,Suburban,Married,$100.00,3,46,0,9,Personal Auto,Personal L3,1,Branch,$583.75,Two-Door Car,Medsize
MS88882,California,7613.19,No,Extended,College,2024-11-01,Disabled,M,"$33,259.00",Suburban,Single,$104.00,7,97,0,6,Personal Auto,Personal L3,2,Agent,$649.25,Two-Door Car,Medsize
EL67979,California,23251.14,No,Basic,College,2024-11-01,Employed,M,"$30,167.00",Suburban,Single,$86.00,9,59,0,2,Personal Auto,Personal L3,4,Call Center,$414.72,Four-Door Car,Large
KB42322,California,9127.49,No,Extended,Bachelor,2024-11-01,Employed,F,"$95,619.00",Suburban,Divorced,$115.00,19,14,0,3,Personal Auto,Personal L3,4,Web,$746.79,Four-Door Car,Medsize
MO91628,Oregon,3529.54,No,Basic,Master,2024-11-02,Employed,M,"$88,001.00",Rural,Married,$88.00,39,36,0,1,Personal Auto,Personal L2,2,Web,$7.34,Two-Door Car,Large
YX23800,Oregon,11598.67,No,Basic,Bachelor,2024-11-02,Employed,M,"$52,628.00",Suburban,Married,$99.00,36,51,0,2,Personal Auto,Personal L3,2,Branch,$473.04,Four-Door Car,Small
LE95702,California,5921.47,Yes,Basic,College,2024-11-02,Retired,M,"$14,338.00",Suburban,Single,$90.00,38,30,0,5,Special Auto,Special L3,1,Agent,$434.16,Four-Door Car,Medsize
LF66923,Nevada,7213.21,No,Basic,High School or Below,2024-11-02,Employed,F,"$87,021.00",Suburban,Married,$89.00,24,57,0,3,Corporate Auto,Corporate L3,2,Agent,$427.68,Two-Door Car,Small
FM46980,Arizona,7723.03,No,Basic,College,2024-11-02,Employed,M,"$56,390.00",Suburban,Married,$97.00,0,81,0,9,Personal Auto,Personal L1,2,Branch,$642.81,Four-Door Car,Small
NC99948,Nevada,22023.47,No,Basic,College,2024-11-02,Unemployed,M,$0.00,Suburban,Single,$93.00,28,116,0,2,Personal Auto,Personal L1,3,Call Center,$447.12,Four-Door Car,Medsize
LQ68252,Oregon,5046.89,No,Basic,High School or Below,2024-11-02,Retired,M,"$36,731.00",Suburban,Single,$138.00,14,88,0,1,Personal Auto,Personal L2,1,Web,$660.96,SUV,Medsize
HF75891,Washington,5847.47,No,Basic,High School or Below,2024-11-02,Employed,F,"$1,11,108.00",Suburban,Married,$143.00,15,124,0,1,Personal Auto,Personal L2,1,Branch,$974.94,SUV,Medsize
MP53505,Washington,7425.02,No,Extended,High School or Below,2024-11-02,Employed,F,"$1,16,199.00",Rural,Married,$184.00,4,43,0,1,Corporate Auto,Corporate L3,4,Agent,$450.32,Sports Car,Medsize
RV67546,California,5011.78,No,Extended,Bachelor,2024-11-02,Employed,M,"$98,827.00",Rural,Married,$124.00,12,24,0,1,Personal Auto,Personal L2,3,Branch,$50.35,Four-Door Car,Medsize
DM74502,Nevada,7056.59,No,Extended,College,2024-11-02,Employed,F,"$1,25,667.00",Suburban,Married,$177.00,19,34,3,1,Corporate Auto,Corporate L3,1,Agent,$848.88,Sports Car,Medsize
TR88637,Arizona,10942.98,No,Basic,High School or Below,2024-11-02,Employed,F,"$52,506.00",Rural,Single,$139.00,26,54,0,9,Personal Auto,Personal L1,2,Agent,$56.65,SUV,Small
MY13737,California,12672.12,No,Basic,High School or Below,2024-11-02,Employed,M,"$56,822.00",Rural,Married,$161.00,0,82,0,3,Corporate Auto,Corporate L3,1,Branch,$274.53,SUV,Medsize
OF78862,Oregon,5388.83,No,Extended,College,2024-11-02,Employed,F,"$74,201.00",Suburban,Married,$134.00,18,72,0,1,Personal Auto,Personal L2,1,Agent,$709.45,Four-Door Car,Medsize
DU18362,California,4765.51,No,Premium,Bachelor,2024-11-02,Unemployed,M,$0.00,Suburban,Single,$146.00,9,74,0,1,Corporate Auto,Corporate L3,1,Agent,"$1,049.76",Two-Door Car,Medsize
SI11249,California,6815.11,No,Basic,High School or Below,2024-11-02,Employed,F,"$39,691.00",Suburban,Single,$88.00,41,76,0,4,Personal Auto,Personal L3,1,Branch,$421.20,Four-Door Car,Small
RQ11502,Nevada,6420.22,No,Extended,Bachelor,2024-11-02,Retired,F,"$32,366.00",Suburban,Married,$173.00,11,53,0,1,Corporate Auto,Corporate L3,1,Agent,$829.44,SUV,Small
DQ79499,Oregon,14230.5,No,Extended,Doctor,2024-11-02,Employed,F,"$80,953.00",Suburban,Married,$177.00,9,73,0,7,Personal Auto,Personal L2,1,Branch,"$1,221.79",SUV,Medsize
ZO14864,Washington,4613.23,No,Extended,Master,2024-11-02,Employed,F,"$57,410.00",Urban,Divorced,$116.00,16,96,0,1,Personal Auto,Personal L3,2,Agent,$388.18,Two-Door Car,Medsize
KW81128,Arizona,20558.07,No,Extended,College,2024-11-02,Employed,F,"$1,28,439.00",Rural,Divorced,$170.00,8,70,0,2,Personal Auto,Personal L3,1,Agent,$60.82,Sports Car,Medsize
AN47199,Nevada,11958.78,No,Extended,College,2024-11-02,Unemployed,F,$0.00,Rural,Married,$108.00,8,38,0,2,Personal Auto,Personal L2,1,Agent,$109.70,Two-Door Car,Large
XA54112,California,5463.36,No,Basic,Bachelor,2024-11-02,Disabled,M,"$17,996.00",Suburban,Single,$158.00,45,100,0,1,Corporate Auto,Corporate L3,1,Call Center,$758.16,SUV,Medsize
CP28581,Arizona,11493.35,No,Basic,College,2024-11-02,Employed,M,"$79,961.00",Rural,Married,$144.00,15,76,0,5,Personal Auto,Personal L3,1,Branch,$330.85,SUV,Medsize
IK92617,Oregon,15698.79,No,Extended,Bachelor,2024-11-02,Employed,F,"$1,32,071.00",Urban,Married,$130.00,4,82,0,2,Personal Auto,Personal L3,1,Agent,$402.79,Four-Door Car,Small
KR50062,Oregon,3718.52,No,Basic,College,2024-11-02,Employed,M,"$1,07,334.00",Suburban,Married,$95.00,9,23,3,1,Personal Auto,Personal L3,2,Call Center,$596.97,Two-Door Car,Medsize
IV55977,Oregon,3636.57,No,Basic,Bachelor,2024-11-02,Unemployed,M,$0.00,Suburban,Married,$99.00,47,117,1,1,Personal Auto,Personal L3,2,Web,$473.04,Two-Door Car,Small
IL56791,Oregon,2713.19,No,Basic,Bachelor,2024-11-02,Unemployed,M,$0.00,Suburban,Single,$88.00,16,77,2,1,Personal Auto,Personal L3,2,Agent,$421.20,Two-Door Car,Medsize
ST27958,Washington,5921.47,Yes,Basic,College,2024-11-02,Retired,M,"$14,338.00",Suburban,Single,$90.00,38,30,0,5,Personal Auto,Personal L3,1,Agent,$434.16,Four-Door Car,Medsize
DQ50538,Nevada,12218.52,No,Basic,Bachelor,2024-11-02,Employed,M,"$86,130.00",Suburban,Married,$153.00,12,58,0,4,Personal Auto,Personal L3,1,Branch,$732.24,SUV,Medsize
PN47493,Oregon,3619.22,No,Basic,College,2024-11-02,Employed,F,"$56,657.00",Urban,Married,$90.00,15,130,0,1,Corporate Auto,Corporate L3,1,Agent,$247.33,Four-Door Car,Medsize
IA56290,Arizona,3396.74,No,Basic,College,2024-11-02,Employed,F,"$1,19,387.00",Rural,Married,$84.00,22,82,0,1,Personal Auto,Personal L3,3,Branch,$183.96,Four-Door Car,Small
EJ96266,California,4003.72,No,Basic,College,2024-11-02,Employed,F,"$35,737.00",Suburban,Married,$100.00,30,42,0,1,Personal Auto,Personal L1,2,Branch,$479.52,Four-Door Car,Medsize
EI58852,Arizona,28627.26,No,Extended,High School or Below,2024-11-02,Employed,F,"$33,656.00",Suburban,Married,$103.00,9,22,0,2,Personal Auto,Personal L3,1,Branch,$492.48,Four-Door Car,Medsize
PD19551,California,3426.26,No,Basic,Bachelor,2024-11-02,Employed,F,"$50,776.00",Suburban,Divorced,$86.00,0,43,0,1,Personal Auto,Personal L2,3,Call Center,$414.72,Four-Door Car,Small
JZ69749,Washington,8749.87,No,Extended,High School or Below,2024-11-02,Unemployed,F,$0.00,Suburban,Single,$124.00,1,23,0,6,Personal Auto,Personal L2,3,Agent,$596.16,Four-Door Car,Medsize
HR10835,Nevada,19664.22,No,Extended,High School or Below,2024-11-02,Employed,M,"$70,961.00",Rural,Married,$165.00,45,38,0,2,Personal Auto,Personal L3,2,Branch,$56.88,SUV,Medsize
UQ13133,Nevada,3521.86,No,Basic,Master,2024-11-02,Employed,M,"$83,115.00",Rural,Married,$88.00,47,105,0,1,Personal Auto,Personal L1,4,Branch,$53.37,Four-Door Car,Small
MP53132,Oregon,13112.76,No,Extended,High School or Below,2024-11-02,Unemployed,F,$0.00,Suburban,Single,$184.00,9,46,0,3,Corporate Auto,Corporate L3,1,Agent,"$1,321.92",SUV,Large
OB73235,California,3246.02,No,Basic,College,2024-11-02,Employed,M,"$62,031.00",Rural,Single,$84.00,0,95,0,1,Corporate Auto,Corporate L3,1,Agent,$149.25,Two-Door Car,Medsize
IY24560,California,7139.12,No,Basic,Bachelor,2024-11-02,Medical Leave,M,"$38,993.00",Suburban,Married,$97.00,36,12,1,3,Corporate Auto,Corporate L3,2,Agent,$699.84,Four-Door Car,Medsize
LY69932,Oregon,11082.96,No,Basic,High School or Below,2024-11-02,Employed,M,"$91,830.00",Suburban,Married,$139.00,4,35,0,3,Personal Auto,Personal L3,4,Web,$667.44,Sports Car,Small
RT63209,California,8092.24,No,Basic,Master,2024-11-02,Employed,F,"$1,00,283.00",Urban,Married,$100.00,36,7,0,3,Personal Auto,Personal L3,3,Call Center,$361.98,Four-Door Car,Medsize
GK67747,Washington,5921.47,Yes,Basic,College,2024-11-02,Retired,M,"$14,338.00",Suburban,Single,$90.00,38,30,0,5,Special Auto,Special L3,1,Agent,$434.16,Four-Door Car,Medsize
PR64751,Nevada,3518.16,No,Basic,Bachelor,2024-11-02,Unemployed,M,$0.00,Suburban,Married,$96.00,14,30,0,1,Corporate Auto,Corporate L3,1,Agent,$552.77,Two-Door Car,Small
IC47914,California,4790.34,No,Premium,College,2024-11-02,Unemployed,M,$0.00,Suburban,Single,$139.00,23,24,0,1,Corporate Auto,Corporate L2,2,Web,"$1,001.16",Four-Door Car,Small
AT62618,Oregon,8247.33,No,Extended,Bachelor,2024-11-02,Unemployed,F,$0.00,Suburban,Single,$115.00,34,32,0,6,Personal Auto,Personal L2,2,Web,$826.20,Four-Door Car,Medsize
WX65636,Arizona,35724.72,No,Extended,Bachelor,2024-11-02,Unemployed,F,$0.00,Suburban,Single,$111.00,20,119,2,2,Corporate Auto,Corporate L2,1,Agent,$690.28,Four-Door Car,Medsize
RE67051,California,7437.66,No,Basic,Bachelor,2024-11-02,Employed,M,"$46,219.00",Suburban,Married,$95.00,4,117,0,8,Corporate Auto,Corporate L2,1,Agent,$453.60,Four-Door Car,Small
AY52869,California,5921.47,Yes,Basic,College,2024-11-02,Retired,M,"$14,338.00",Suburban,Single,$90.00,38,30,0,5,Personal Auto,Personal L1,1,Agent,$434.16,Four-Door Car,Medsize
MX69639,California,14097.29,No,Extended,High School or Below,2024-11-02,Employed,F,"$41,561.00",Rural,Single,$122.00,4,7,0,2,Personal Auto,Personal L3,2,Branch,$38.68,Four-Door Car,Large
SP81997,Washington,10466.46,No,Extended,Master,2024-11-02,Employed,F,"$55,721.00",Rural,Married,$130.00,39,22,0,3,Personal Auto,Personal L3,3,Branch,$55.52,Four-Door Car,Large
HG40729,Oregon,15221.13,No,Premium,College,2024-11-02,Unemployed,M,$0.00,Suburban,Single,$154.00,30,53,0,2,Personal Auto,Personal L3,1,Branch,"$1,108.08",Four-Door Car,Small
ZL23478,California,45159.92,No,Extended,Bachelor,2024-11-02,Employed,F,"$1,15,680.00",Urban,Married,$124.00,7,11,0,2,Corporate Auto,Corporate L3,1,Agent,$321.23,Four-Door Car,Small
EL41362,California,7194.32,No,Basic,College,2024-11-02,Employed,F,"$1,34,783.00",Suburban,Married,$89.00,23,16,0,3,Personal Auto,Personal L2,3,Agent,$632.07,Four-Door Car,Small
FQ70521,California,12051.63,No,Premium,High School or Below,2024-11-02,Employed,F,"$1,30,637.00",Rural,Married,$150.00,8,88,2,3,Personal Auto,Personal L1,2,Agent,$3.44,Four-Door Car,Large
PR98117,Oregon,3564.7,No,Basic,Bachelor,2024-11-02,Employed,F,"$1,31,849.00",Rural,Single,$89.00,22,81,0,1,Personal Auto,Personal L3,2,Branch,$183.97,Four-Door Car,Medsize
KC14861,Oregon,20097.05,No,Basic,High School or Below,2024-11-02,Employed,M,"$1,23,111.00",Rural,Married,$250.00,20,101,1,6,Personal Auto,Personal L1,1,Web,$2.14,Luxury SUV,Medsize
OQ99704,Washington,5375.4,No,Basic,Bachelor,2024-11-02,Employed,F,"$71,281.00",Urban,Married,$135.00,28,105,0,1,Personal Auto,Personal L3,2,Branch,$641.52,SUV,Small
RO90746,California,24052.52,No,Extended,High School or Below,2024-11-02,Employed,F,"$81,259.00",Suburban,Married,$297.00,23,117,0,7,Personal Auto,Personal L3,3,Agent,"$1,425.60",Luxury Car,Medsize
UY61913,Oregon,11944.05,No,Basic,College,2024-11-02,Disabled,M,"$24,233.00",Urban,Married,$159.00,46,32,0,4,Personal Auto,Personal L2,1,Agent,$574.41,SUV,Medsize
BA52133,California,7215.74,No,Basic,Master,2024-11-02,Employed,M,"$30,926.00",Suburban,Married,$92.00,41,26,0,7,Personal Auto,Personal L2,3,Call Center,$523.50,Four-Door Car,Small
ZG17326,Oregon,6734.58,No,Basic,Bachelor,2024-11-02,Employed,M,"$52,553.00",Suburban,Married,$86.00,19,24,0,8,Personal Auto,Personal L2,2,Agent,$440.99,Four-Door Car,Large
IS58493,Oregon,5899.09,No,Basic,Master,2024-11-02,Employed,M,"$55,045.00",Urban,Married,$149.00,38,80,1,1,Personal Auto,Personal L3,1,Agent,$533.21,Sports Car,Medsize
KO86181,Oregon,9371.53,No,Basic,College,2024-11-02,Unemployed,F,$0.00,Suburban,Single,$150.00,4,99,3,6,Personal Auto,Personal L3,1,Agent,$719.28,SUV,Small
WZ65217,Nevada,19338.96,No,Extended,Bachelor,2024-11-02,Unemployed,M,$0.00,Suburban,Married,$184.00,41,101,0,2,Personal Auto,Personal L2,1,Agent,$881.28,SUV,Medsize
AA34092,California,38879.94,No,Extended,College,2024-11-02,Employed,M,"$45,407.00",Suburban,Married,$324.00,1,31,0,2,Personal Auto,Personal L3,1,Web,"$1,555.20",Luxury SUV,Medsize
ER24015,Arizona,9356.34,No,Premium,College,2024-11-02,Employed,M,"$39,579.00",Suburban,Single,$267.00,39,130,5,1,Personal Auto,Personal L3,2,Agent,"$1,872.21",SUV,Medsize
AT41276,California,10949.22,No,Basic,Bachelor,2024-11-02,Employed,M,"$49,348.00",Suburban,Married,$95.00,8,84,1,2,Personal Auto,Personal L2,4,Call Center,$585.07,Two-Door Car,Small
FG47217,California,3427.46,No,Basic,Bachelor,2024-11-02,Employed,M,"$1,34,762.00",Suburban,Married,$85.00,1,76,0,1,Special Auto,Special L2,1,Agent,$408.24,Four-Door Car,Medsize
YW60802,Oregon,5558.45,No,Basic,High School or Below,2024-11-02,Unemployed,F,$0.00,Suburban,Single,$157.00,26,134,0,1,Personal Auto,Personal L1,1,Web,"$1,757.42",SUV,Small
NS57426,Arizona,15676.13,No,Extended,Bachelor,2024-11-02,Employed,M,"$39,035.00",Suburban,Single,$103.00,14,66,0,2,Personal Auto,Personal L3,4,Web,$492.48,Four-Door Car,Medsize
UJ31096,Oregon,7209.72,No,Basic,High School or Below,2024-11-02,Employed,F,"$78,966.00",Suburban,Married,$90.00,18,72,0,4,Personal Auto,Personal L1,3,Agent,$434.16,Four-Door Car,Large
QJ89807,Nevada,5971.98,No,Extended,High School or Below,2024-11-02,Unemployed,F,$0.00,Suburban,Single,$169.00,11,74,0,1,Personal Auto,Personal L2,3,Agent,"$1,215.00",SUV,Medsize
WC21189,California,10437.81,No,Extended,College,2024-11-02,Employed,F,"$50,471.00",Suburban,Married,$131.00,1,5,0,3,Corporate Auto,Corporate L1,1,Branch,$628.56,Four-Door Car,Large
YF81002,Oregon,4413.17,No,Extended,College,2024-11-02,Employed,M,"$35,289.00",Suburban,Married,$113.00,31,50,1,1,Personal Auto,Personal L3,4,Branch,$544.32,Two-Door Car,Small
QK23742,California,3108.81,No,Basic,College,2024-11-02,Unemployed,F,$0.00,Suburban,Single,$85.00,18,65,0,1,Corporate Auto,Corporate L2,3,Web,$989.06,Four-Door Car,Large
NK26146,Washington,9548.45,No,Basic,College,2024-11-02,Employed,F,"$1,22,244.00",Suburban,Divorced,$82.00,38,5,4,2,Corporate Auto,Corporate L3,4,Call Center,$505.61,Four-Door Car,Small
MD47500,California,6563.02,No,Basic,College,2024-11-02,Medical Leave,M,"$16,407.00",Suburban,Single,$93.00,31,12,1,8,Personal Auto,Personal L3,1,Branch,$591.51,Four-Door Car,Large
OW31837,California,25885.76,No,Basic,Bachelor,2024-11-02,Employed,F,"$99,938.00",Rural,Married,$159.00,14,22,0,2,Corporate Auto,Corporate L1,4,Call Center,$71.65,SUV,Medsize
ET64307,California,16905.43,No,Basic,Bachelor,2024-11-02,Employed,F,"$59,860.00",Urban,Married,$142.00,20,76,0,2,Personal Auto,Personal L2,1,Agent,$479.41,Sports Car,Medsize
TQ73797,California,10934.78,No,Basic,Bachelor,2024-11-02,Employed,M,"$35,031.00",Suburban,Married,$140.00,0,38,0,3,Personal Auto,Personal L2,2,Branch,$673.92,SUV,Small
ZB32409,California,3027.01,No,Basic,Bachelor,2024-11-02,Unemployed,F,$0.00,Suburban,Single,$90.00,20,101,3,1,Personal Auto,Personal L1,1,Agent,$834.78,Four-Door Car,Medsize
UB28078,California,5670.5,No,Premium,Master,2024-11-02,Employed,M,"$69,539.00",Suburban,Divorced,$143.00,15,23,0,1,Personal Auto,Personal L2,2,Branch,$929.54,Four-Door Car,Medsize
DI51103,Washington,3661.06,No,Basic,High School or Below,2024-11-02,Unemployed,F,$0.00,Suburban,Single,$100.00,18,92,0,1,Personal Auto,Personal L1,2,Call Center,$479.52,Four-Door Car,Small
OO96263,Nevada,15669.25,No,Extended,High School or Below,2024-11-02,Employed,F,"$61,956.00",Suburban,Married,$131.00,4,101,0,2,Personal Auto,Personal L1,2,Call Center,$628.56,Two-Door Car,Medsize
DP57381,Nevada,27602.91,No,Extended,College,2024-11-02,Employed,M,"$96,480.00",Urban,Divorced,$116.00,7,46,0,2,Personal Auto,Personal L2,3,Branch,$438.59,Two-Door Car,Medsize
NB96938,Oregon,6693.32,No,Basic,College,2024-11-02,Medical Leave,M,"$30,837.00",Suburban,Married,$88.00,27,72,0,9,Personal Auto,Personal L2,1,Agent,$631.80,Four-Door Car,Medsize
UW55977,Washington,7028.25,No,Basic,Bachelor,2024-11-02,Employed,M,"$1,27,429.00",Rural,Married,$88.00,4,120,1,8,Personal Auto,Personal L3,1,Call Center,$210.84,Four-Door Car,Small
JS76871,Oregon,11662.77,No,Basic,High School or Below,2024-11-02,Employed,M,"$83,811.00",Rural,Married,$97.00,20,77,0,2,Corporate Auto,Corporate L3,1,Agent,$122.90,Four-Door Car,Medsize
KW93227,Washington,29555.47,No,Basic,College,2024-11-02,Employed,M,"$78,501.00",Suburban,Married,$82.00,7,122,0,2,Special Auto,Special L1,1,Branch,$395.28,Four-Door Car,Small
ZO43755,Oregon,11297.98,No,Basic,Master,2024-11-02,Disabled,F,"$32,237.00",Suburban,Married,$144.00,18,77,0,3,Corporate Auto,Corporate L3,1,Branch,$858.12,SUV,Medsize
KE83023,Oregon,14641.76,No,Extended,Bachelor,2024-11-02,Employed,M,"$36,827.00",Suburban,Married,$185.00,41,104,0,5,Personal Auto,Personal L1,1,Branch,"$1,039.81",SUV,Medsize
NQ92014,California,4939.9,No,Basic,High School or Below,2024-11-02,Unemployed,F,$0.00,Suburban,Single,$143.00,46,53,0,1,Personal Auto,Personal L2,2,Web,"$1,030.32",SUV,Medsize
RQ72272,Arizona,3799.18,No,Basic,College,2024-11-02,Employed,M,"$1,27,310.00",Urban,Divorced,$96.00,42,55,0,1,Personal Auto,Personal L2,2,Call Center,$246.80,Two-Door Car,Medsize
EV15646,California,5105.28,No,Extended,College,2024-11-02,Employed,M,"$62,874.00",Rural,Married,$127.00,35,84,0,1,Personal Auto,Personal L3,3,Branch,$105.00,Four-Door Car,Medsize
FF38892,California,44362.7,No,Premium,High School or Below,2024-11-02,Employed,F,"$67,350.00",Rural,Married,$159.00,11,15,0,2,Personal Auto,Personal L3,4,Agent,$272.09,Two-Door Car,Medsize
XO11574,California,4588.82,No,Extended,High School or Below,2024-11-02,Employed,M,"$39,053.00",Rural,Married,$117.00,31,9,1,1,Personal Auto,Personal L3,3,Agent,$260.07,Four-Door Car,Medsize
LK40273,Oregon,6613.21,No,Basic,College,2024-11-02,Employed,M,"$45,816.00",Rural,Single,$86.00,28,103,0,7,Personal Auto,Personal L2,1,Branch,$86.01,Four-Door Car,Medsize
AU71562,Washington,3964.58,No,Basic,High School or Below,2024-11-02,Employed,F,"$36,692.00",Suburban,Married,$100.00,43,93,0,1,Personal Auto,Personal L3,2,Branch,$479.52,Four-Door Car,Medsize
QT24496,California,5512.81,No,Basic,College,2024-11-02,Disabled,F,"$18,202.00",Suburban,Married,$144.00,12,81,0,1,Personal Auto,Personal L3,1,Branch,$750.67,SUV,Medsize
JA17689,Arizona,3262.25,No,Basic,Bachelor,2024-11-02,Unemployed,M,$0.00,Suburban,Married,$92.00,18,126,0,1,Personal Auto,Personal L3,1,Branch,$589.16,Two-Door Car,Medsize
JV29414,Oregon,24013.88,No,Extended,Doctor,2024-11-02,Employed,M,"$99,008.00",Rural,Divorced,$120.00,46,18,0,2,Personal Auto,Personal L3,2,Agent,$23.70,Four-Door Car,Medsize
WS68402,Oregon,3172.44,No,Basic,Bachelor,2024-11-02,Unemployed,M,$0.00,Suburban,Single,$95.00,28,7,0,1,Special Auto,Special L3,4,Call Center,$967.51,Four-Door Car,Large
YH86106,Arizona,7782.56,No,Basic,Bachelor,2024-11-02,Employed,M,"$54,321.00",Suburban,Married,$99.00,23,119,1,9,Personal Auto,Personal L3,1,Branch,$473.04,Four-Door Car,Medsize
NB18234,Nevada,7268.42,No,Basic,College,2024-11-02,Employed,F,"$41,194.00",Rural,Single,$97.00,4,117,2,6,Personal Auto,Personal L3,1,Web,$207.97,Four-Door Car,Medsize
QF13998,California,3183.03,No,Basic,College,2024-11-02,Unemployed,F,$0.00,Urban,Married,$88.00,7,80,1,1,Personal Auto,Personal L3,2,Web,$397.58,Four-Door Car,Medsize
NA43540,Washington,11155.7,No,Extended,High School or Below,2024-11-02,Unemployed,M,$0.00,Rural,Married,$107.00,15,61,1,2,Corporate Auto,Corporate L3,1,Agent,$62.73,Two-Door Car,Large
CY80935,Oregon,19911.05,No,Extended,High School or Below,2024-11-02,Employed,M,"$42,155.00",Suburban,Married,$126.00,42,92,0,2,Personal Auto,Personal L2,1,Agent,$602.64,Four-Door Car,Medsize
AQ91207,California,3358.33,No,Basic,High School or Below,2024-11-02,Employed,M,"$52,200.00",Urban,Married,$85.00,12,28,0,1,Personal Auto,Personal L3,2,Branch,$395.65,Four-Door Car,Medsize
EG12987,California,6540.75,No,Basic,Bachelor,2024-11-02,Unemployed,F,$0.00,Rural,Married,$88.00,9,19,0,6,Personal Auto,Personal L2,3,Branch,$174.37,Two-Door Car,Large
KQ50003,Arizona,37651.58,No,Extended,High School or Below,2024-11-02,Employed,F,"$62,837.00",Urban,Divorced,$134.00,12,86,0,2,Special Auto,Special L1,1,Branch,$430.79,Four-Door Car,Medsize
HG83893,Nevada,12285.99,No,Basic,High School or Below,2024-11-02,Employed,F,"$79,897.00",Suburban,Married,$153.00,15,123,0,5,Personal Auto,Personal L2,3,Agent,$732.24,SUV,Medsize
EK13316,Arizona,7312.16,No,Basic,Bachelor,2024-11-02,Employed,F,"$71,886.00",Suburban,Married,$90.00,43,14,0,3,Personal Auto,Personal L3,2,Web,$463.51,Four-Door Car,Large
BL66157,California,5372.62,No,Extended,Bachelor,2024-11-02,Employed,F,"$1,30,158.00",Suburban,Married,$134.00,4,105,0,1,Personal Auto,Personal L2,3,Web,$756.06,Four-Door Car,Small
HP77890,Washington,19458.06,No,Basic,College,2024-11-02,Employed,F,"$76,217.00",Rural,Single,$99.00,36,92,0,2,Personal Auto,Personal L2,3,Web,$186.92,Four-Door Car,Large
NZ98813,California,18684.22,No,Basic,High School or Below,2024-11-02,Medical Leave,F,"$40,038.00",Suburban,Divorced,$161.00,27,89,0,2,Personal Auto,Personal L3,1,Call Center,$771.12,SUV,Medsize
YG37894,California,3503.12,No,Basic,College,2024-11-02,Retired,F,"$34,999.00",Suburban,Married,$97.00,7,115,3,1,Corporate Auto,Corporate L3,2,Web,$891.79,Two-Door Car,Small
YG68142,Oregon,7916.92,No,Basic,High School or Below,2024-11-02,Employed,F,"$97,243.00",Suburban,Married,$97.00,14,99,0,4,Personal Auto,Personal L2,2,Web,$591.50,Four-Door Car,Medsize
PT45842,Arizona,6266.73,No,Basic,College,2024-11-02,Unemployed,M,$0.00,Suburban,Single,$86.00,14,20,0,5,Personal Auto,Personal L3,1,Web,"$1,039.84",Two-Door Car,Small
MT35297,Oregon,6839.01,No,Basic,High School or Below,2024-11-02,Employed,F,"$58,671.00",Suburban,Married,$85.00,5,24,0,3,Personal Auto,Personal L2,3,Branch,$408.24,Four-Door Car,Small
DS62172,Oregon,3731.43,No,Basic,Bachelor,2024-11-02,Employed,F,"$73,147.00",Suburban,Divorced,$95.00,1,123,0,1,Personal Auto,Personal L3,1,Web,$453.60,Four-Door Car,Large
TQ33359,California,8217.86,No,Extended,High School or Below,2024-11-02,Employed,M,"$1,15,633.00",Rural,Married,$103.00,11,62,0,3,Personal Auto,Personal L3,2,Agent,$62.37,Four-Door Car,Large
MQ54182,California,6398.12,No,Premium,Bachelor,2024-11-02,Employed,F,"$66,753.00",Suburban,Married,$161.00,12,65,2,1,Personal Auto,Personal L2,1,Branch,"$1,028.71",Four-Door Car,Medsize
PT52001,Nevada,3000.87,No,Basic,College,2024-11-02,Unemployed,F,$0.00,Suburban,Single,$84.00,7,73,0,1,Corporate Auto,Corporate L2,1,Agent,$602.64,Two-Door Car,Medsize
EH22538,California,3475.17,No,Basic,High School or Below,2024-11-02,Employed,M,"$59,192.00",Rural,Married,$88.00,22,45,1,1,Personal Auto,Personal L3,3,Call Center,$169.46,Four-Door Car,Large
IZ13533,Arizona,10681.38,No,Premium,Bachelor,2024-11-02,Unemployed,M,$0.00,Suburban,Single,$154.00,35,46,0,7,Personal Auto,Personal L3,1,Branch,"$1,108.08",Two-Door Car,Large
EK95340,Washington,11279.94,No,Premium,Master,2024-11-02,Employed,M,"$66,911.00",Suburban,Divorced,$142.00,11,39,0,5,Corporate Auto,Corporate L1,3,Web,$893.17,Four-Door Car,Small
FC15606,Oregon,13103.61,No,Extended,College,2024-11-02,Employed,F,"$31,926.00",Urban,Married,$165.00,3,93,0,6,Personal Auto,Personal L3,1,Branch,$723.07,SUV,Large
QN26812,Arizona,6823.95,No,Basic,High School or Below,2024-11-02,Employed,M,"$1,07,051.00",Rural,Single,$86.00,46,86,0,6,Personal Auto,Personal L3,1,Agent,$98.23,Four-Door Car,Medsize
MT16688,Arizona,3507.38,No,Basic,Bachelor,2024-11-02,Employed,F,"$84,464.00",Rural,Married,$88.00,5,4,1,1,Corporate Auto,Corporate L1,3,Branch,$65.26,Four-Door Car,Medsize
PH78214,Oregon,7326.69,No,Basic,College,2024-11-02,Medical Leave,F,"$37,364.00",Suburban,Married,$97.00,14,111,1,3,Personal Auto,Personal L3,2,Agent,$466.56,Four-Door Car,Medsize
BV25135,California,6274.02,No,Extended,Bachelor,2024-11-02,Employed,M,"$38,224.00",Suburban,Single,$163.00,28,50,0,1,Personal Auto,Personal L3,1,Agent,$784.08,SUV,Medsize
LS46182,Nevada,3615.92,No,Extended,Bachelor,2024-11-02,Unemployed,M,$0.00,Suburban,Single,$112.00,4,115,1,1,Personal Auto,Personal L2,1,Branch,$537.84,Four-Door Car,Medsize
ZT58755,Oregon,24053.58,No,Basic,High School or Below,2024-11-02,Unemployed,F,$0.00,Urban,Married,$92.00,5,96,0,2,Personal Auto,Personal L3,1,Agent,$346.84,Four-Door Car,Medsize
ZK83518,California,5921.47,Yes,Basic,College,2024-11-02,Retired,M,"$14,338.00",Suburban,Single,$90.00,38,30,0,5,Personal Auto,Personal L3,1,Agent,$434.16,Four-Door Car,Medsize
LV51815,California,4036.95,No,Basic,High School or Below,2024-11-02,Employed,F,"$98,735.00",Urban,Married,$100.00,19,61,1,1,Corporate Auto,Corporate L3,1,Branch,$307.53,Four-Door Car,Medsize
GH35369,California,5921.47,Yes,Basic,College,2024-11-02,Retired,M,"$14,338.00",Suburban,Single,$90.00,38,30,0,5,Personal Auto,Personal L3,1,Agent,$434.16,Four-Door Car,Medsize
PK26805,California,3794.79,No,Basic,High School or Below,2024-11-02,Employed,M,"$27,501.00",Suburban,Married,$96.00,26,19,1,1,Personal Auto,Personal L2,4,Call Center,$460.08,Four-Door Car,Medsize
OO96627,California,4767.32,No,Extended,High School or Below,2024-11-02,Unemployed,M,$0.00,Suburban,Single,$132.00,31,62,0,1,Corporate Auto,Corporate L3,2,Call Center,"$1,293.98",Two-Door Car,Small
BB65725,California,10882.62,No,Basic,College,2024-11-02,Employed,M,"$77,346.00",Urban,Married,$138.00,26,117,0,7,Corporate Auto,Corporate L3,1,Agent,$469.79,Sports Car,Medsize
ZV43350,California,6117.34,No,Premium,Bachelor,2024-11-02,Unemployed,F,$0.00,Suburban,Married,$161.00,41,128,0,1,Personal Auto,Personal L2,1,Branch,$771.12,Four-Door Car,Medsize
EY78874,California,3666.18,No,Basic,Doctor,2024-11-02,Medical Leave,M,"$28,145.00",Suburban,Married,$96.00,12,103,0,1,Corporate Auto,Corporate L1,4,Agent,$472.69,Four-Door Car,Small
UC75204,California,17349.42,No,Basic,High School or Below,2024-11-02,Unemployed,F,$0.00,Suburban,Single,$251.00,15,42,0,8,Personal Auto,Personal L3,1,Branch,"$1,807.92",Luxury SUV,Small
WN56695,California,11620.1,No,Premium,College,2024-11-02,Unemployed,M,$0.00,Suburban,Married,$159.00,41,70,0,7,Personal Auto,Personal L2,1,Web,$764.64,Four-Door Car,Medsize
BK83393,California,43627.99,No,Basic,Bachelor,2024-11-02,Employed,F,"$74,891.00",Urban,Divorced,$157.00,24,101,0,2,Personal Auto,Personal L3,1,Agent,$556.84,SUV,Medsize
SG59507,California,3747.16,No,Basic,College,2024-11-02,Employed,F,"$51,600.00",Rural,Divorced,$96.00,8,11,0,1,Personal Auto,Personal L2,2,Call Center,$225.16,Four-Door Car,Medsize
XT41916,California,6944.22,No,Basic,High School or Below,2024-11-02,Unemployed,F,$0.00,Suburban,Single,$97.00,12,113,0,3,Personal Auto,Personal L3,1,Agent,$506.53,Four-Door Car,Medsize
OS54451,California,3547.57,No,Basic,Bachelor,2024-11-02,Employed,M,"$43,151.00",Rural,Married,$90.00,41,122,0,1,Personal Auto,Personal L2,2,Web,$162.08,Four-Door Car,Medsize
JR22900,California,24954.49,No,Basic,College,2024-11-02,Employed,F,"$48,807.00",Urban,Married,$158.00,36,8,1,2,Corporate Auto,Corporate L3,2,Agent,$436.62,Sports Car,Medsize
RB75458,California,3010.87,No,Basic,High School or Below,2024-11-02,Unemployed,M,$0.00,Suburban,Single,$88.00,18,39,0,1,Personal Auto,Personal L2,2,Agent,$962.16,Four-Door Car,Medsize
SR41132,California,40641.1,No,Extended,High School or Below,2024-11-02,Unemployed,F,$0.00,Suburban,Single,$127.00,20,9,0,2,Corporate Auto,Corporate L3,4,Branch,"$1,145.80",Two-Door Car,Small
XK64261,Oregon,6429.8,No,Basic,Bachelor,2024-12-01,Employed,M,"$88,823.00",Rural,Single,$84.00,3,115,1,3,Corporate Auto,Corporate L3,3,Call Center,$66.16,Two-Door Car,Medsize
SH36774,California,20281.86,No,Basic,High School or Below,2024-12-01,Employed,M,"$38,154.00",Suburban,Single,$259.00,12,104,0,3,Personal Auto,Personal L3,3,Web,"$1,244.16",Luxury SUV,Medsize
US23612,Oregon,12288.06,No,Premium,High School or Below,2024-12-01,Disabled,F,"$35,166.00",Rural,Married,$159.00,23,8,0,6,Personal Auto,Personal L2,1,Call Center,$163.39,Two-Door Car,Large
GJ59592,California,7180.51,Yes,Basic,Bachelor,2024-12-01,Employed,F,"$33,931.00",Suburban,Married,$90.00,4,0,0,6,Corporate Auto,Corporate L2,2,Call Center,$434.16,Four-Door Car,Small
EI46264,California,3426.05,No,Basic,High School or Below,2024-12-01,Employed,M,"$76,438.00",Rural,Married,$88.00,36,49,2,1,Personal Auto,Personal L2,2,Branch,$113.44,Four-Door Car,Medsize
QL93655,Oregon,15489.2,No,Extended,High School or Below,2024-12-01,Employed,F,"$89,826.00",Urban,Married,$128.00,19,86,0,2,Personal Auto,Personal L3,2,Agent,$429.09,Two-Door Car,Medsize
RA70851,Oregon,10040.89,No,Extended,High School or Below,2024-12-01,Employed,M,"$1,17,265.00",Suburban,Married,$124.00,36,35,0,3,Personal Auto,Personal L3,2,Branch,$596.16,Four-Door Car,Medsize
GB33195,Washington,3071.74,No,Basic,High School or Below,2024-12-01,Unemployed,M,$0.00,Suburban,Single,$86.00,15,115,0,1,Personal Auto,Personal L3,4,Branch,$894.64,Four-Door Car,Medsize
ML82674,Oregon,14821.35,No,Extended,Bachelor,2024-12-01,Employed,M,"$92,013.00",Rural,Married,$188.00,38,117,1,4,Personal Auto,Personal L2,1,Call Center,$341.80,SUV,Medsize
QR15857,California,5846.58,No,Basic,College,2024-12-01,Unemployed,F,$0.00,Suburban,Single,$82.00,41,47,0,3,Personal Auto,Personal L3,3,Agent,$395.28,Two-Door Car,Medsize
LK74984,Washington,3319.88,No,Basic,High School or Below,2024-12-01,Employed,M,"$28,607.00",Suburban,Married,$88.00,32,92,2,1,Personal Auto,Personal L3,2,Call Center,$421.20,Four-Door Car,Medsize
AL96740,California,3920.32,No,Basic,College,2024-12-01,Employed,F,"$91,480.00",Rural,Married,$99.00,23,93,1,1,Personal Auto,Personal L3,1,Agent,$80.81,Four-Door Car,Medsize
XP11075,Arizona,19665.81,No,Premium,Bachelor,2024-12-01,Unemployed,M,$0.00,Suburban,Single,$200.00,11,24,0,2,Personal Auto,Personal L2,1,Agent,$959.04,SUV,Medsize
EX46492,Arizona,10349.8,No,Extended,Master,2024-12-01,Employed,F,"$1,18,616.00",Urban,Married,$127.00,26,57,0,8,Personal Auto,Personal L3,2,Agent,$568.97,Two-Door Car,Medsize
WO94087,Arizona,8588.64,No,Extended,Bachelor,2024-12-01,Unemployed,F,$0.00,Suburban,Married,$117.00,23,45,0,3,Corporate Auto,Corporate L1,4,Agent,$563.76,Four-Door Car,Medsize
NM42917,Arizona,13402.63,No,Extended,College,2024-12-01,Employed,F,"$79,249.00",Rural,Married,$171.00,43,35,2,6,Personal Auto,Personal L3,3,Agent,$307.69,SUV,Small
WW87934,Arizona,11147.85,Yes,Basic,Bachelor,2024-12-01,Disabled,F,"$32,150.00",Suburban,Married,$99.00,5,63,0,2,Personal Auto,Personal L3,2,Call Center,$572.85,Four-Door Car,Medsize
HF75276,Nevada,4121.05,No,Extended,High School or Below,2024-12-01,Unemployed,F,$0.00,Suburban,Divorced,$126.00,20,42,3,1,Personal Auto,Personal L3,1,Branch,$602.64,Four-Door Car,Large
KG81168,Arizona,3815.52,No,Basic,Bachelor,2024-12-01,Employed,M,"$87,872.00",Rural,Married,$96.00,38,4,0,1,Personal Auto,Personal L3,3,Agent,$99.89,Four-Door Car,Medsize
UD47050,Oregon,8107.04,Yes,Extended,High School or Below,2024-12-01,Employed,M,"$36,283.00",Suburban,Single,$103.00,23,97,0,8,Corporate Auto,Corporate L2,1,Agent,$492.48,Four-Door Car,Medsize
XS22323,Arizona,8107.04,Yes,Extended,High School or Below,2024-12-01,Employed,M,"$36,283.00",Suburban,Single,$103.00,23,97,0,8,Personal Auto,Personal L3,1,Agent,$492.48,Four-Door Car,Medsize
HZ56678,Oregon,3753.27,No,Basic,High School or Below,2024-12-01,Disabled,F,"$27,352.00",Suburban,Divorced,$97.00,5,74,0,1,Personal Auto,Personal L2,4,Web,$466.56,Four-Door Car,Large
IV74747,California,23665.55,No,Extended,Doctor,2024-12-01,Unemployed,M,$0.00,Suburban,Divorced,$131.00,36,130,0,2,Corporate Auto,Corporate L2,4,Web,$633.46,Four-Door Car,Medsize
QK18099,Washington,7257.39,No,Basic,College,2024-12-01,Employed,F,"$93,218.00",Suburban,Married,$90.00,23,51,0,3,Personal Auto,Personal L2,3,Web,$452.10,Four-Door Car,Large
XX29952,Arizona,16435.7,No,Premium,College,2024-12-01,Employed,M,"$1,19,048.00",Rural,Married,$140.00,7,131,3,2,Personal Auto,Personal L3,1,Agent,$324.24,Four-Door Car,Medsize
TG68823,Arizona,7180.51,Yes,Basic,Bachelor,2024-12-01,Employed,F,"$33,931.00",Suburban,Married,$90.00,4,0,0,6,Personal Auto,Personal L3,2,Call Center,$434.16,Four-Door Car,Small
SF29724,California,3663.05,No,Basic,Bachelor,2024-12-01,Employed,F,"$42,572.00",Rural,Single,$95.00,36,62,0,1,Personal Auto,Personal L2,4,Branch,$122.21,Four-Door Car,Medsize
ZY33234,Nevada,5801.21,No,Premium,High School or Below,2024-12-01,Employed,F,"$89,547.00",Suburban,Single,$144.00,0,100,0,1,Personal Auto,Personal L3,4,Branch,$693.36,Two-Door Car,Large
DG90902,California,23593.47,No,Basic,College,2024-12-01,Employed,F,"$60,893.00",Suburban,Married,$99.00,30,28,0,2,Personal Auto,Personal L2,2,Agent,$473.04,Four-Door Car,Medsize
MO33279,California,7549.81,No,Basic,College,2024-12-01,Employed,F,"$84,009.00",Suburban,Divorced,$95.00,18,35,0,5,Personal Auto,Personal L2,3,Agent,$453.60,Two-Door Car,Medsize
KJ50265,Washington,14064.72,No,Extended,High School or Below,2024-12-01,Disabled,M,"$37,734.00",Suburban,Married,$123.00,43,5,0,2,Personal Auto,Personal L3,1,Branch,$589.68,Four-Door Car,Medsize
YK43172,Arizona,4481.49,No,Extended,Bachelor,2024-12-01,Employed,M,"$93,355.00",Rural,Single,$120.00,11,112,4,1,Personal Auto,Personal L3,3,Web,$298.84,Four-Door Car,Large
RK53289,California,7622.54,No,Basic,Bachelor,2024-12-01,Employed,F,"$53,785.00",Suburban,Single,$97.00,12,54,0,5,Personal Auto,Personal L3,1,Agent,$594.17,Two-Door Car,Small
WM19967,California,26844.64,No,Basic,College,2024-12-01,Employed,F,"$86,069.00",Urban,Married,$84.00,38,54,0,2,Personal Auto,Personal L2,2,Web,$394.01,Two-Door Car,Medsize
SI60881,Oregon,12444.27,No,Basic,Bachelor,2024-12-01,Employed,F,"$35,574.00",Suburban,Divorced,$161.00,19,117,0,7,Personal Auto,Personal L2,3,Branch,$771.12,SUV,Medsize
TW53467,California,6164.61,No,Basic,Bachelor,2024-12-01,Unemployed,M,$0.00,Suburban,Single,$89.00,36,38,0,3,Personal Auto,Personal L1,3,Agent,$641.52,Four-Door Car,Small
AV25133,Oregon,4179.2,No,Extended,College,2024-12-01,Unemployed,F,$0.00,Suburban,Single,$124.00,42,32,1,1,Personal Auto,Personal L3,3,Web,"$1,046.10",Two-Door Car,Small
CZ35936,California,11868.45,No,Basic,High School or Below,2024-12-01,Employed,F,"$73,027.00",Urban,Single,$151.00,12,69,0,4,Corporate Auto,Corporate L2,1,Agent,$679.04,SUV,Medsize
CC85895,Nevada,11487.18,No,Basic,Bachelor,2024-12-01,Employed,F,"$76,249.00",Urban,Married,$143.00,9,23,0,3,Personal Auto,Personal L1,1,Branch,$368.89,SUV,Medsize
ZG12619,Washington,11147.85,Yes,Basic,Bachelor,2024-12-01,Disabled,F,"$32,150.00",Suburban,Married,$99.00,5,63,0,2,Personal Auto,Personal L1,2,Call Center,$572.85,Four-Door Car,Medsize
ZF82387,Oregon,13959.62,No,Extended,High School or Below,2024-12-01,Employed,M,"$55,191.00",Urban,Divorced,$120.00,8,23,0,2,Corporate Auto,Corporate L3,2,Branch,$531.41,Two-Door Car,Large
LK51056,Arizona,6251.87,No,Basic,Bachelor,2024-12-01,Employed,M,"$1,05,505.00",Suburban,Married,$154.00,24,47,0,1,Corporate Auto,Corporate L3,4,Branch,$738.72,SUV,Medsize
WQ75856,Oregon,26518.78,No,Basic,Bachelor,2024-12-01,Employed,F,"$1,14,059.00",Urban,Married,$82.00,45,96,0,2,Personal Auto,Personal L1,1,Agent,$282.00,Four-Door Car,Medsize
EZ60033,California,4321.07,No,Extended,Bachelor,2024-12-01,Unemployed,F,$0.00,Suburban,Married,$116.00,11,50,0,1,Corporate Auto,Corporate L2,1,Branch,$557.28,Four-Door Car,Small
EG94409,Nevada,6341.16,No,Basic,High School or Below,2024-12-01,Unemployed,F,$0.00,Suburban,Single,$90.00,14,101,0,7,Special Auto,Special L2,2,Branch,$651.24,Four-Door Car,Medsize
DA28072,Arizona,9963.12,No,Extended,Master,2024-12-01,Employed,F,"$29,485.00",Suburban,Married,$123.00,45,63,0,7,Corporate Auto,Corporate L3,2,Call Center,$589.68,Four-Door Car,Medsize
FO82261,Oregon,6215.37,No,Basic,College,2024-12-01,Employed,M,"$89,317.00",Urban,Single,$159.00,26,116,0,1,Personal Auto,Personal L3,2,Branch,$617.75,SUV,Medsize
DR27120,Washington,3967.28,No,Extended,Bachelor,2024-12-01,Unemployed,F,$0.00,Suburban,Married,$108.00,3,66,1,1,Corporate Auto,Corporate L3,3,Web,$518.40,Two-Door Car,Medsize
MJ95558,California,22369.62,No,Extended,Bachelor,2024-12-01,Employed,M,"$31,845.00",Suburban,Married,$285.00,41,18,0,6,Special Auto,Special L2,2,Agent,"$1,367.28",Luxury SUV,Small
HA40978,California,11445.68,No,Premium,College,2024-12-01,Employed,M,"$71,866.00",Suburban,Single,$147.00,36,50,0,7,Personal Auto,Personal L1,1,Call Center,"$1,637.53",Four-Door Car,Small
AP63665,Oregon,9674.56,No,Extended,Bachelor,2024-12-01,Employed,F,"$79,992.00",Rural,Divorced,$120.00,23,95,0,3,Personal Auto,Personal L1,2,Agent,$91.53,Four-Door Car,Medsize
KR25511,Washington,8107.04,Yes,Extended,High School or Below,2024-12-01,Employed,M,"$36,283.00",Suburban,Single,$103.00,23,97,0,8,Corporate Auto,Corporate L2,1,Agent,$492.48,Four-Door Car,Medsize
ZJ15114,California,7197.85,No,Basic,High School or Below,2024-12-01,Employed,M,"$82,331.00",Suburban,Married,$90.00,41,43,0,5,Corporate Auto,Corporate L3,4,Branch,$564.01,Four-Door Car,Medsize
NA45983,Arizona,3885.05,No,Basic,College,2024-12-01,Employed,M,"$52,475.00",Rural,Divorced,$100.00,4,120,0,1,Special Auto,Special L1,1,Agent,$196.24,Four-Door Car,Small
ZM33786,Arizona,50153.62,No,Basic,High School or Below,2024-12-01,Disabled,F,"$23,995.00",Rural,Married,$146.00,0,86,0,2,Personal Auto,Personal L2,3,Call Center,$156.95,SUV,Medsize
GP13187,California,20138.4,No,Basic,Master,2024-12-01,Unemployed,F,$0.00,Suburban,Married,$257.00,1,49,0,3,Personal Auto,Personal L3,1,Branch,"$1,846.80",Luxury Car,Medsize
BU72276,California,7180.51,Yes,Basic,Bachelor,2024-12-01,Employed,F,"$33,931.00",Suburban,Married,$90.00,4,0,0,6,Personal Auto,Personal L3,2,Call Center,$434.16,Four-Door Car,Small
YN75239,Oregon,10679.67,No,Basic,College,2024-12-01,Employed,M,"$1,04,729.00",Rural,Married,$269.00,19,50,1,1,Personal Auto,Personal L3,3,Agent,$48.29,Luxury SUV,Small
XF83901,Arizona,4984.99,No,Premium,College,2024-12-01,Unemployed,F,$0.00,Suburban,Single,$142.00,38,93,0,1,Personal Auto,Personal L2,1,Branch,"$1,020.60",Four-Door Car,Large
NR99710,Arizona,6470.29,No,Basic,High School or Below,2024-12-01,Disabled,F,"$32,933.00",Suburban,Married,$84.00,47,134,0,3,Personal Auto,Personal L2,1,Branch,$482.10,Two-Door Car,Medsize
UM39817,Oregon,11147.85,Yes,Basic,Bachelor,2024-12-01,Disabled,F,"$32,150.00",Suburban,Married,$99.00,5,63,0,2,Personal Auto,Personal L3,2,Call Center,$572.85,Four-Door Car,Medsize
ST31207,California,7180.51,Yes,Basic,Bachelor,2024-12-01,Employed,F,"$33,931.00",Suburban,Married,$90.00,4,0,0,6,Personal Auto,Personal L1,2,Call Center,$434.16,Four-Door Car,Small
WF44706,Oregon,8107.04,Yes,Extended,High School or Below,2024-12-01,Employed,M,"$36,283.00",Suburban,Single,$103.00,23,97,0,8,Personal Auto,Personal L3,1,Agent,$492.48,Four-Door Car,Medsize
TK65222,California,22150.35,No,Premium,Bachelor,2024-12-01,Employed,M,"$29,839.00",Rural,Single,$147.00,22,42,0,2,Personal Auto,Personal L2,1,Agent,$216.46,Four-Door Car,Large
TL51969,Washington,9902.14,No,Basic,Bachelor,2024-12-01,Employed,M,"$41,808.00",Suburban,Divorced,$85.00,35,107,1,2,Personal Auto,Personal L3,1,Call Center,$483.60,Two-Door Car,Small
UC29668,Oregon,3511.82,No,Basic,Master,2024-12-01,Unemployed,F,$0.00,Rural,Divorced,$96.00,5,24,0,1,Corporate Auto,Corporate L3,2,Branch,$22.99,Two-Door Car,Medsize
IC94434,California,11147.85,Yes,Basic,Bachelor,2024-12-01,Disabled,F,"$32,150.00",Suburban,Married,$99.00,5,63,0,2,Corporate Auto,Corporate L1,2,Call Center,$572.85,Four-Door Car,Medsize
WA67245,Oregon,29826.38,No,Premium,High School or Below,2024-12-01,Employed,F,"$32,661.00",Urban,Married,$250.00,35,107,0,2,Personal Auto,Personal L3,1,Branch,"$1,060.25",Sports Car,Medsize
CB95310,Arizona,3709.03,No,Basic,Doctor,2024-12-01,Employed,F,"$1,12,728.00",Suburban,Married,$92.00,34,49,0,1,Personal Auto,Personal L3,2,Branch,$498.10,Four-Door Car,Medsize
OB66874,Oregon,3490.03,No,Basic,College,2024-12-01,Employed,F,"$37,985.00",Suburban,Married,$88.00,31,3,0,1,Personal Auto,Personal L1,3,Web,$421.20,Two-Door Car,Large
PL88841,Arizona,5708.79,No,Basic,Bachelor,2024-12-01,Unemployed,M,$0.00,Suburban,Married,$85.00,3,111,2,8,Corporate Auto,Corporate L2,2,Agent,$408.24,Two-Door Car,Small
NE13752,Arizona,11114.23,No,Basic,Bachelor,2024-12-01,Employed,M,"$75,628.00",Urban,Married,$93.00,27,51,0,2,Personal Auto,Personal L3,1,Agent,$377.34,Four-Door Car,Medsize
VU72280,California,7180.51,Yes,Basic,Bachelor,2024-12-01,Employed,F,"$33,931.00",Suburban,Married,$90.00,4,0,0,6,Corporate Auto,Corporate L2,2,Call Center,$434.16,Four-Door Car,Small
TG29325,Nevada,3588.59,No,Basic,College,2024-12-01,Employed,F,"$30,677.00",Rural,Single,$93.00,28,53,0,1,Personal Auto,Personal L1,3,Agent,$12.72,Four-Door Car,Medsize
RF35142,Nevada,11147.85,Yes,Basic,Bachelor,2024-12-01,Disabled,F,"$32,150.00",Suburban,Married,$99.00,5,63,0,2,Personal Auto,Personal L1,2,Call Center,$572.85,Four-Door Car,Medsize
SS77718,California,13439.91,No,Extended,Bachelor,2024-12-01,Unemployed,M,$0.00,Suburban,Single,$130.00,1,107,0,2,Personal Auto,Personal L3,2,Call Center,$622.08,Four-Door Car,Large
TQ89058,Nevada,3749.66,No,Basic,Master,2024-12-01,Employed,F,"$79,817.00",Rural,Married,$95.00,24,42,2,1,Personal Auto,Personal L1,4,Call Center,$234.13,Four-Door Car,Small
RY43586,Oregon,11303.35,No,Basic,Master,2024-12-01,Disabled,F,"$16,997.00",Rural,Married,$99.00,30,1,0,2,Personal Auto,Personal L3,1,Agent,$178.88,Two-Door Car,Medsize
LW75453,California,7228.73,No,Basic,Bachelor,2024-12-01,Employed,M,"$39,751.00",Suburban,Married,$92.00,0,42,0,9,Personal Auto,Personal L3,3,Call Center,$450.92,Four-Door Car,Medsize
IW70308,Oregon,11147.85,Yes,Basic,Bachelor,2024-12-01,Disabled,F,"$32,150.00",Suburban,Married,$99.00,5,63,0,2,Personal Auto,Personal L3,2,Call Center,$572.85,Four-Door Car,Medsize
CV86445,Arizona,10988.36,No,Basic,High School or Below,2024-12-01,Employed,M,"$1,17,283.00",Rural,Married,$92.00,12,4,0,2,Personal Auto,Personal L3,4,Call Center,$160.39,Four-Door Car,Medsize
MF83904,Oregon,7361.04,No,Basic,Bachelor,2024-12-01,Disabled,F,"$23,926.00",Suburban,Married,$97.00,4,54,0,3,Personal Auto,Personal L3,1,Agent,$466.56,Two-Door Car,Medsize
BB41401,Arizona,8107.04,Yes,Extended,High School or Below,2024-12-01,Employed,M,"$36,283.00",Suburban,Single,$103.00,23,97,0,8,Personal Auto,Personal L3,1,Agent,$492.48,Four-Door Car,Medsize
OB11898,Nevada,2919.26,No,Basic,College,2024-12-01,Unemployed,F,$0.00,Suburban,Single,$89.00,24,128,2,1,Personal Auto,Personal L3,1,Branch,$427.68,Two-Door Car,Medsize
QY70905,Arizona,3602.69,No,Basic,College,2024-12-01,Employed,M,"$41,469.00",Suburban,Married,$90.00,35,66,1,1,Personal Auto,Personal L3,1,Call Center,$434.16,Two-Door Car,Medsize
GJ79432,Nevada,8107.04,Yes,Extended,High School or Below,2024-12-01,Employed,M,"$36,283.00",Suburban,Single,$103.00,23,97,0,8,Personal Auto,Personal L3,1,Agent,$492.48,Four-Door Car,Medsize
CE78778,Oregon,5078.42,No,Premium,College,2024-12-01,Unemployed,F,$0.00,Suburban,Single,$143.00,34,63,1,1,Personal Auto,Personal L3,1,Web,"$1,507.87",Four-Door Car,Small
PV26437,California,9881.43,No,Basic,Bachelor,2024-12-01,Employed,F,"$77,999.00",Urban,Married,$82.00,28,15,1,2,Corporate Auto,Corporate L3,1,Agent,$369.74,Four-Door Car,Medsize
DQ54144,Arizona,11936.39,No,Basic,High School or Below,2024-12-01,Unemployed,F,$0.00,Suburban,Married,$159.00,16,61,0,3,Personal Auto,Personal L2,1,Agent,$764.64,SUV,Small
IO73222,Washington,7300.46,No,Basic,Bachelor,2024-12-01,Disabled,F,"$30,449.00",Suburban,Married,$95.00,1,84,0,3,Personal Auto,Personal L1,1,Agent,$453.60,Two-Door Car,Medsize
ZF95586,Arizona,3342.66,No,Basic,Master,2024-12-01,Employed,F,"$74,022.00",Rural,Married,$82.00,9,61,0,1,Personal Auto,Personal L3,3,Agent,$183.89,Four-Door Car,Medsize
JG81480,Oregon,14340.4,No,Basic,Bachelor,2024-12-01,Employed,F,"$34,606.00",Rural,Married,$90.00,16,72,0,2,Personal Auto,Personal L2,4,Call Center,$195.38,Four-Door Car,Medsize
QI60335,Nevada,15266.44,No,Basic,College,2024-12-01,Unemployed,F,$0.00,Suburban,Single,$89.00,5,112,0,2,Personal Auto,Personal L1,3,Branch,$427.68,Four-Door Car,Medsize
DW88734,California,3622.72,No,Basic,Bachelor,2024-12-01,Employed,M,"$1,14,608.00",Suburban,Married,$90.00,32,26,0,1,Corporate Auto,Corporate L2,2,Call Center,$434.16,Two-Door Car,Small
VZ18907,Oregon,29688.68,No,Basic,College,2024-12-01,Employed,F,"$1,09,089.00",Rural,Married,$147.00,1,99,0,2,Personal Auto,Personal L3,2,Branch,$178.39,SUV,Large
RO82935,Nevada,9489.07,No,Basic,High School or Below,2024-12-01,Medical Leave,F,"$24,462.00",Suburban,Married,$85.00,46,122,4,2,Personal Auto,Personal L3,1,Web,$408.24,Two-Door Car,Small
FH61723,California,10098.96,No,Basic,Bachelor,2024-12-01,Employed,F,"$70,893.00",Rural,Married,$88.00,0,103,3,2,Personal Auto,Personal L3,3,Web,$123.18,Two-Door Car,Medsize
AO20938,Arizona,43228.9,No,Basic,High School or Below,2024-12-01,Employed,F,"$42,435.00",Suburban,Married,$135.00,7,31,0,2,Personal Auto,Personal L1,2,Call Center,$857.28,SUV,Small
DH85144,Oregon,2908,No,Basic,College,2024-12-01,Unemployed,M,$0.00,Suburban,Single,$88.00,15,70,0,1,Personal Auto,Personal L3,2,Branch,$421.20,Four-Door Car,Medsize
YJ14330,California,44179.15,No,Extended,Master,2024-12-01,Employed,F,"$53,857.00",Urban,Married,$181.00,31,117,0,2,Corporate Auto,Corporate L1,3,Branch,$554.95,SUV,Medsize
GZ64473,Nevada,3722.47,No,Basic,College,2024-12-01,Employed,M,"$68,059.00",Suburban,Married,$93.00,34,46,0,1,Personal Auto,Personal L3,1,Agent,$447.12,Four-Door Car,Medsize
WE64939,California,3918.54,No,Basic,College,2024-12-01,Employed,F,"$32,256.00",Urban,Married,$99.00,26,28,0,1,Personal Auto,Personal L1,2,Agent,$251.49,Four-Door Car,Medsize
KT91115,Oregon,6332.57,No,Premium,Bachelor,2024-12-01,Employed,M,"$58,545.00",Suburban,Divorced,$159.00,8,27,0,1,Personal Auto,Personal L1,2,Branch,"$1,386.10",Four-Door Car,Medsize
SX89429,Arizona,3012.91,No,Basic,High School or Below,2024-12-01,Unemployed,F,$0.00,Suburban,Married,$82.00,35,107,1,1,Personal Auto,Personal L3,1,Agent,$420.40,Four-Door Car,Small
YP19985,California,7704.39,No,Basic,Bachelor,2024-12-01,Employed,M,"$1,12,149.00",Rural,Married,$96.00,20,62,0,3,Corporate Auto,Corporate L3,3,Call Center,$14.07,Two-Door Car,Medsize
YV63603,Arizona,9016.51,No,Extended,Bachelor,2024-12-01,Employed,F,"$63,635.00",Rural,Married,$113.00,7,15,0,5,Personal Auto,Personal L1,4,Agent,$218.21,Four-Door Car,Medsize
IH91478,Oregon,6492.09,No,Basic,Bachelor,2024-12-01,Medical Leave,F,"$31,798.00",Rural,Married,$82.00,16,23,0,6,Personal Auto,Personal L2,1,Agent,$192.32,Two-Door Car,Medsize
AP59947,California,10381.72,No,Basic,Bachelor,2024-12-01,Employed,F,"$75,388.00",Suburban,Married,$86.00,4,108,0,2,Corporate Auto,Corporate L3,1,Call Center,$414.72,Two-Door Car,Medsize
EW73206,California,10860.09,No,Basic,Bachelor,2024-12-01,Employed,F,"$92,946.00",Urban,Married,$90.00,12,90,0,2,Corporate Auto,Corporate L1,2,Call Center,$341.14,Two-Door Car,Medsize
BF54215,California,15354.88,No,Extended,Master,2024-12-01,Employed,F,"$1,18,544.00",Rural,Married,$127.00,20,35,3,2,Personal Auto,Personal L1,3,Agent,$304.62,Four-Door Car,Medsize
VD87432,Washington,21694.44,No,Extended,Bachelor,2024-12-01,Employed,M,"$81,992.00",Urban,Married,$182.00,15,80,0,2,Personal Auto,Personal L3,3,Branch,$771.79,SUV,Medsize
IZ17303,California,22952.73,No,Extended,Bachelor,2024-12-01,Employed,M,"$1,31,312.00",Rural,Married,$115.00,31,119,0,2,Personal Auto,Personal L3,1,Agent,$47.63,Four-Door Car,Medsize
GP67583,Arizona,11080.5,No,Premium,College,2024-12-01,Employed,M,"$47,721.00",Suburban,Married,$138.00,9,3,0,4,Personal Auto,Personal L3,1,Web,$660.96,Four-Door Car,Medsize
FB95495,California,7664.82,No,Basic,College,2024-12-01,Employed,M,"$71,655.00",Suburban,Single,$99.00,1,14,0,5,Personal Auto,Personal L3,1,Branch,"$1,031.70",Four-Door Car,Medsize
LP69867,Oregon,3849.72,No,Extended,High School or Below,2024-12-01,Unemployed,M,$0.00,Suburban,Single,$111.00,20,111,0,1,Personal Auto,Personal L3,1,Agent,$797.04,Four-Door Car,Medsize
JF32940,Oregon,21145.94,No,Extended,Bachelor,2024-12-01,Employed,F,"$42,915.00",Rural,Married,$176.00,15,88,0,2,Personal Auto,Personal L2,2,Agent,$427.17,SUV,Small
DF49110,Oregon,10935.33,No,Basic,Doctor,2024-12-01,Employed,M,"$1,20,717.00",Urban,Married,$90.00,4,112,0,2,Personal Auto,Personal L1,2,Call Center,$286.81,Four-Door Car,Medsize
DS31990,Oregon,6876.2,No,Basic,High School or Below,2024-12-01,Unemployed,M,$0.00,Rural,Married,$96.00,16,74,0,3,Personal Auto,Personal L3,2,Call Center,$203.69,Two-Door Car,Large
QT27514,California,7180.51,Yes,Basic,Bachelor,2024-12-01,Employed,F,"$33,931.00",Suburban,Married,$90.00,4,0,0,6,Personal Auto,Personal L3,2,Call Center,$434.16,Four-Door Car,Small
TO84268,California,12219.81,No,Premium,Master,2024-12-01,Employed,M,"$82,301.00",Urban,Married,$153.00,28,22,0,4,Personal Auto,Personal L2,3,Agent,$442.43,Four-Door Car,Medsize
NF78904,California,9950.33,No,Basic,Bachelor,2024-12-01,Employed,F,"$91,626.00",Rural,Married,$82.00,1,28,0,2,Corporate Auto,Corporate L2,1,Branch,$14.14,Four-Door Car,Medsize
HN89408,California,4931.72,No,Premium,College,2024-12-01,Unemployed,M,$0.00,Suburban,Single,$144.00,43,58,0,1,Corporate Auto,Corporate L3,1,Branch,"$1,040.04",Four-Door Car,Medsize
QW59726,California,3975.45,No,Basic,Master,2024-12-01,Employed,F,"$1,17,820.00",Suburban,Married,$99.00,3,41,1,1,Personal Auto,Personal L2,2,Agent,$473.04,Four-Door Car,Medsize
LZ57827,California,18807.32,No,Basic,Bachelor,2024-12-01,Employed,M,"$50,888.00",Urban,Married,$159.00,15,84,0,2,Personal Auto,Personal L2,1,Branch,$475.62,SUV,Medsize
TO55166,California,3510,No,Basic,Bachelor,2024-12-01,Employed,M,"$98,234.00",Rural,Married,$88.00,31,126,0,1,Personal Auto,Personal L2,3,Branch,$123.48,Two-Door Car,Medsize
SJ86522,California,9216.51,No,Basic,High School or Below,2024-12-01,Unemployed,M,$0.00,Suburban,Single,$138.00,7,35,0,9,Corporate Auto,Corporate L3,2,Agent,"$1,291.53",SUV,Medsize
HO30839,Washington,7218.34,No,Extended,Master,2024-12-02,Disabled,F,"$14,190.00",Urban,Married,$188.00,45,86,0,1,Corporate Auto,Corporate L1,1,Branch,$696.92,SUV,Medsize
HW87852,Oregon,3309.87,No,Basic,Master,2024-12-02,Medical Leave,M,"$36,234.00",Suburban,Married,$86.00,1,63,2,1,Personal Auto,Personal L1,1,Agent,$414.72,Four-Door Car,Medsize
YQ74870,Washington,10200.92,No,Extended,High School or Below,2024-12-02,Employed,M,"$47,597.00",Suburban,Divorced,$132.00,22,3,1,8,Corporate Auto,Corporate L2,2,Web,$635.04,Four-Door Car,Small
PD27940,Arizona,6594.97,No,Extended,High School or Below,2024-12-02,Disabled,M,"$35,602.00",Suburban,Married,$170.00,15,9,0,1,Personal Auto,Personal L3,4,Agent,$816.48,SUV,Medsize
JQ59145,California,10926.1,No,Basic,High School or Below,2024-12-02,Unemployed,M,$0.00,Suburban,Married,$154.00,12,97,1,5,Personal Auto,Personal L1,1,Agent,$974.73,Sports Car,Medsize
RM10880,California,4180.29,Yes,Extended,College,2024-12-02,Employed,F,"$29,165.00",Suburban,Divorced,$107.00,19,38,0,1,Corporate Auto,Corporate L3,1,Branch,$511.92,Four-Door Car,Medsize
TC78849,Oregon,3371.56,No,Basic,Bachelor,2024-12-02,Employed,M,"$33,514.00",Rural,Married,$86.00,46,59,0,1,Personal Auto,Personal L3,2,Branch,$210.52,Two-Door Car,Medsize
BG15419,Nevada,19163.74,No,Basic,Bachelor,2024-12-02,Employed,F,"$1,16,579.00",Rural,Married,$159.00,36,116,0,2,Personal Auto,Personal L3,1,Agent,$385.31,Sports Car,Large
PU41872,Arizona,9503,No,Extended,High School or Below,2024-12-02,Employed,F,"$32,723.00",Rural,Married,$119.00,34,7,0,8,Personal Auto,Personal L1,4,Call Center,$65.27,Four-Door Car,Medsize
KQ65521,Arizona,24663.51,No,Basic,College,2024-12-02,Employed,F,"$75,277.00",Rural,Divorced,$155.00,30,99,0,2,Personal Auto,Personal L3,1,Branch,$116.47,Sports Car,Medsize
XO36233,Washington,11666.07,No,Basic,Bachelor,2024-12-02,Employed,M,"$1,06,520.00",Rural,Divorced,$147.00,14,51,0,9,Personal Auto,Personal L3,4,Branch,$337.50,SUV,Large
AB31813,Washington,60441.25,No,Extended,High School or Below,2024-12-02,Unemployed,M,$0.00,Suburban,Married,$177.00,27,80,0,2,Personal Auto,Personal L3,3,Agent,"$1,137.23",SUV,Medsize
PU85769,California,6960.7,No,Basic,High School or Below,2024-12-02,Unemployed,M,$0.00,Suburban,Single,$99.00,7,97,0,7,Personal Auto,Personal L2,1,Branch,"$1,090.73",Four-Door Car,Small
YG44474,Oregon,18919.87,No,Basic,College,2024-12-02,Employed,M,"$73,161.00",Suburban,Married,$158.00,3,112,0,2,Corporate Auto,Corporate L2,1,Call Center,$973.02,SUV,Medsize
YX15941,Oregon,21910.03,No,Extended,College,2024-12-02,Employed,M,"$35,141.00",Suburban,Married,$188.00,34,39,1,2,Corporate Auto,Corporate L3,2,Call Center,$900.72,Sports Car,Medsize
PH77560,Nevada,6532.48,No,Basic,High School or Below,2024-12-02,Unemployed,F,$0.00,Suburban,Single,$89.00,3,61,0,5,Personal Auto,Personal L3,2,Branch,$945.45,Four-Door Car,Small
MU79385,Arizona,13608.5,No,Extended,College,2024-12-02,Employed,M,"$82,274.00",Urban,Married,$176.00,14,51,2,4,Personal Auto,Personal L3,2,Web,$841.73,SUV,Medsize
TA75663,California,10833.74,No,Basic,Master,2024-12-02,Employed,F,"$52,248.00",Rural,Married,$136.00,9,43,3,3,Personal Auto,Personal L3,1,Web,$342.04,SUV,Large
VO87785,Arizona,6558.88,No,Basic,College,2024-12-02,Employed,F,"$35,748.00",Suburban,Divorced,$85.00,18,23,0,3,Personal Auto,Personal L1,2,Call Center,$511.24,Two-Door Car,Medsize
MZ24175,Arizona,4180.29,Yes,Extended,College,2024-12-02,Employed,F,"$29,165.00",Suburban,Divorced,$107.00,19,38,0,1,Personal Auto,Personal L3,1,Branch,$511.92,Four-Door Car,Medsize
PO90615,Arizona,3363.2,Yes,Basic,High School or Below,2024-12-02,Medical Leave,F,"$35,053.00",Suburban,Divorced,$88.00,31,36,0,1,Personal Auto,Personal L2,1,Agent,$444.43,Four-Door Car,Medsize
BM69818,Oregon,7886.06,No,Extended,Bachelor,2024-12-02,Unemployed,M,$0.00,Suburban,Divorced,$107.00,23,5,0,3,Personal Auto,Personal L1,1,Call Center,$511.92,Four-Door Car,Large
QN15356,Arizona,10178.46,No,Basic,College,2024-12-02,Unemployed,M,$0.00,Suburban,Single,$100.00,31,86,0,2,Personal Auto,Personal L3,1,Branch,$719.28,Four-Door Car,Large
IA52178,Arizona,21310.15,No,Premium,College,2024-12-02,Employed,F,"$1,09,511.00",Suburban,Married,$265.00,4,90,0,3,Corporate Auto,Corporate L3,4,Web,"$1,270.08",SUV,Medsize
PA48777,Washington,3363.2,Yes,Basic,High School or Below,2024-12-02,Medical Leave,F,"$35,053.00",Suburban,Divorced,$88.00,31,36,0,1,Personal Auto,Personal L3,1,Agent,$444.43,Four-Door Car,Medsize
KZ22690,California,17587.02,No,Extended,College,2024-12-02,Employed,F,"$1,03,216.00",Rural,Single,$112.00,36,46,1,2,Personal Auto,Personal L3,4,Web,$57.64,Four-Door Car,Medsize
WH82416,Oregon,13184.39,No,Extended,Bachelor,2024-12-02,Employed,M,"$1,02,129.00",Urban,Married,$109.00,31,81,0,2,Personal Auto,Personal L2,2,Agent,$506.40,Four-Door Car,Large
IB41597,California,14869.12,No,Extended,College,2024-12-02,Employed,F,"$91,226.00",Urban,Married,$123.00,36,115,0,2,Personal Auto,Personal L3,1,Agent,$542.17,Four-Door Car,Medsize
KG83280,California,4180.29,Yes,Extended,College,2024-12-02,Employed,F,"$29,165.00",Suburban,Divorced,$107.00,19,38,0,1,Personal Auto,Personal L1,1,Branch,$511.92,Four-Door Car,Medsize
MK73855,Washington,10947.64,No,Basic,High School or Below,2024-12-02,Employed,F,"$43,624.00",Suburban,Married,$92.00,23,104,0,2,Personal Auto,Personal L2,1,Agent,$440.64,Four-Door Car,Medsize
LS51818,California,29994.26,No,Basic,College,2024-12-02,Employed,F,"$50,697.00",Suburban,Single,$252.00,46,9,0,2,Personal Auto,Personal L3,3,Agent,"$1,211.76",Luxury Car,Small
HW65139,California,36085.58,No,Extended,Doctor,2024-12-02,Medical Leave,M,"$28,721.00",Suburban,Divorced,$324.00,4,78,0,2,Personal Auto,Personal L1,3,Agent,"$1,555.20",Luxury SUV,Medsize
KF70569,Nevada,5252.68,No,Extended,High School or Below,2024-12-02,Employed,M,"$1,23,096.00",Urban,Married,$130.00,11,122,0,1,Personal Auto,Personal L1,2,Agent,$336.34,Four-Door Car,Medsize
WE13528,California,27290.78,No,Basic,High School or Below,2024-12-02,Employed,F,"$1,04,028.00",Rural,Divorced,$85.00,22,57,0,2,Personal Auto,Personal L1,2,Branch,$161.10,Four-Door Car,Medsize
BT78503,Oregon,3388.57,No,Basic,High School or Below,2024-12-02,Unemployed,M,$0.00,Suburban,Single,$99.00,39,51,0,1,Corporate Auto,Corporate L1,2,Agent,$709.56,Four-Door Car,Medsize
AU75025,Oregon,6326.73,Yes,Basic,College,2024-12-02,Employed,M,"$78,420.00",Suburban,Married,$159.00,42,112,0,1,Personal Auto,Personal L3,1,Agent,$764.64,SUV,Medsize
ZD44648,Arizona,13035.89,No,Extended,College,2024-12-02,Employed,M,"$39,830.00",Suburban,Single,$169.00,22,39,0,9,Personal Auto,Personal L3,4,Web,"$1,653.16",SUV,Medsize
WV74449,Washington,11693.77,No,Basic,College,2024-12-02,Unemployed,F,$0.00,Urban,Married,$158.00,0,88,0,4,Personal Auto,Personal L3,3,Call Center,$690.42,SUV,Medsize
GK94889,California,7126.82,No,Basic,College,2024-12-02,Employed,M,"$30,078.00",Rural,Married,$92.00,14,65,0,3,Personal Auto,Personal L3,3,Web,$228.71,Four-Door Car,Large
XA28126,California,39419.74,No,Premium,Bachelor,2024-12-02,Employed,M,"$91,448.00",Rural,Divorced,$201.00,5,103,0,2,Personal Auto,Personal L3,1,Agent,$365.00,SUV,Medsize
RE97741,California,7892.66,No,Extended,High School or Below,2024-12-02,Unemployed,M,$0.00,Suburban,Single,$122.00,22,89,2,6,Personal Auto,Personal L1,2,Agent,$874.80,Four-Door Car,Medsize
IL67915,Arizona,11531.99,No,Premium,College,2024-12-02,Employed,F,"$67,658.00",Urban,Single,$144.00,18,132,0,4,Corporate Auto,Corporate L2,1,Branch,$624.58,Four-Door Car,Medsize
GU45597,Oregon,22901.18,No,Basic,Bachelor,2024-12-02,Unemployed,F,$0.00,Suburban,Divorced,$158.00,35,45,0,2,Corporate Auto,Corporate L2,1,Call Center,$758.16,SUV,Medsize
RT29777,Oregon,5993.87,No,Basic,Bachelor,2024-12-02,Employed,F,"$1,19,628.00",Urban,Divorced,$150.00,7,80,0,1,Personal Auto,Personal L3,1,Branch,$485.15,SUV,Small
KH16079,Washington,6357.85,No,Basic,High School or Below,2024-12-02,Unemployed,F,$0.00,Suburban,Single,$89.00,23,39,0,3,Personal Auto,Personal L1,1,Agent,$635.28,Four-Door Car,Small
GJ63345,Arizona,3077.66,No,Basic,Bachelor,2024-12-02,Unemployed,F,$0.00,Suburban,Single,$86.00,12,128,0,1,Personal Auto,Personal L2,1,Call Center,$622.08,Four-Door Car,Medsize
EC94366,Oregon,5098.03,No,Extended,Doctor,2024-12-02,Medical Leave,M,"$27,136.00",Urban,Married,$130.00,38,59,0,1,Corporate Auto,Corporate L2,2,Agent,$393.57,Four-Door Car,Medsize
SP80065,California,10663.94,No,Extended,High School or Below,2024-12-02,Employed,F,"$54,043.00",Suburban,Married,$134.00,24,47,0,8,Special Auto,Special L3,2,Agent,$641.52,Four-Door Car,Medsize
RS59102,California,17395.81,No,Basic,College,2024-12-02,Employed,M,"$50,018.00",Suburban,Married,$149.00,5,101,1,2,Personal Auto,Personal L3,1,Agent,$712.80,Sports Car,Medsize
EU81458,Oregon,3703.8,No,Basic,Doctor,2024-12-02,Employed,F,"$1,29,306.00",Urban,Married,$92.00,8,30,1,1,Personal Auto,Personal L3,3,Call Center,$334.59,Four-Door Car,Medsize
BD53342,Washington,4180.29,Yes,Extended,College,2024-12-02,Employed,F,"$29,165.00",Suburban,Divorced,$107.00,19,38,0,1,Personal Auto,Personal L2,1,Branch,$511.92,Four-Door Car,Medsize
MM45897,Nevada,3664.78,No,Basic,Bachelor,2024-12-02,Employed,M,"$1,19,536.00",Suburban,Married,$92.00,34,45,0,1,Personal Auto,Personal L3,3,Call Center,$505.05,Four-Door Car,Large
CI38330,Washington,3442.21,No,Basic,Bachelor,2024-12-02,Employed,M,"$97,493.00",Rural,Married,$86.00,18,20,0,1,Personal Auto,Personal L2,2,Branch,$123.05,Four-Door Car,Medsize
ET90029,Arizona,34596.05,No,Extended,Doctor,2024-12-02,Medical Leave,F,"$19,275.00",Urban,Married,$181.00,8,12,0,2,Personal Auto,Personal L2,2,Web,$467.53,Sports Car,Small
ME11422,California,6864.78,No,Basic,College,2024-12-02,Unemployed,M,$0.00,Suburban,Married,$97.00,20,24,1,3,Personal Auto,Personal L3,3,Agent,$771.57,Four-Door Car,Small
DH61947,Oregon,3865.11,No,Extended,Bachelor,2024-12-02,Unemployed,M,$0.00,Rural,Married,$107.00,0,59,0,1,Personal Auto,Personal L2,4,Call Center,$228.00,Two-Door Car,Medsize
XQ39498,Oregon,41727.45,No,Premium,High School or Below,2024-12-02,Employed,M,"$77,840.00",Suburban,Divorced,$150.00,32,42,0,2,Personal Auto,Personal L1,1,Agent,"$1,021.10",Four-Door Car,Medsize
KF46546,Arizona,7815.63,No,Basic,Bachelor,2024-12-02,Employed,F,"$1,02,391.00",Rural,Married,$97.00,3,96,0,6,Personal Auto,Personal L2,1,Agent,$99.70,Four-Door Car,Medsize
AS99827,Oregon,6025.87,No,Basic,Bachelor,2024-12-02,Unemployed,F,$0.00,Suburban,Single,$84.00,20,128,0,6,Personal Auto,Personal L1,1,Branch,$765.91,Four-Door Car,Medsize
JL93248,Oregon,9850.32,No,Basic,High School or Below,2024-12-02,Disabled,F,"$25,493.00",Suburban,Divorced,$86.00,28,122,0,2,Personal Auto,Personal L3,1,Branch,$414.72,Four-Door Car,Small
QU55718,California,14821.36,No,Extended,Bachelor,2024-12-02,Employed,F,"$1,25,434.00",Suburban,Married,$184.00,32,74,0,8,Personal Auto,Personal L1,1,Agent,"$1,321.92",Sports Car,Large
XH53960,Arizona,2925.9,No,Basic,Bachelor,2024-12-02,Unemployed,F,$0.00,Suburban,Single,$82.00,22,62,0,1,Personal Auto,Personal L3,3,Agent,$592.92,Four-Door Car,Small
IU32539,California,9831,No,Extended,Bachelor,2024-12-02,Employed,F,"$68,696.00",Suburban,Single,$128.00,34,12,1,9,Personal Auto,Personal L1,4,Branch,$837.14,Two-Door Car,Medsize
UQ24268,Oregon,20199.2,No,Extended,High School or Below,2024-12-02,Unemployed,F,$0.00,Suburban,Married,$111.00,12,78,0,2,Personal Auto,Personal L1,4,Agent,$531.36,Four-Door Car,Medsize
CR41258,Nevada,3496.93,No,Basic,College,2024-12-02,Employed,M,"$71,960.00",Rural,Married,$88.00,19,111,0,1,Personal Auto,Personal L3,3,Branch,$157.04,Four-Door Car,Medsize
GQ92754,Nevada,21681.09,No,Extended,College,2024-12-02,Unemployed,M,$0.00,Suburban,Married,$117.00,1,95,0,2,Personal Auto,Personal L3,1,Call Center,$563.76,Four-Door Car,Medsize
IF80474,Washington,18040.76,No,Premium,College,2024-12-02,Employed,M,"$1,16,982.00",Rural,Married,$150.00,19,7,0,2,Personal Auto,Personal L3,2,Call Center,$374.22,Four-Door Car,Medsize
VC64410,Arizona,3363.2,Yes,Basic,High School or Below,2024-12-02,Medical Leave,F,"$35,053.00",Suburban,Divorced,$88.00,31,36,0,1,Personal Auto,Personal L2,1,Agent,$444.43,Four-Door Car,Medsize
GB44176,Arizona,11310.78,No,Premium,College,2024-12-02,Employed,M,"$55,342.00",Rural,Married,$143.00,11,127,0,8,Personal Auto,Personal L2,2,Agent,$81.31,Four-Door Car,Medsize
KT46283,California,6326.73,Yes,Basic,College,2024-12-02,Employed,M,"$78,420.00",Suburban,Married,$159.00,42,112,0,1,Corporate Auto,Corporate L1,1,Agent,$764.64,SUV,Medsize
ZD59913,Oregon,3363.2,Yes,Basic,High School or Below,2024-12-02,Medical Leave,F,"$35,053.00",Suburban,Divorced,$88.00,31,36,0,1,Corporate Auto,Corporate L3,1,Agent,$444.43,Four-Door Car,Medsize
VP48253,Arizona,6886,No,Basic,High School or Below,2024-12-02,Employed,M,"$55,601.00",Urban,Single,$95.00,20,39,4,3,Personal Auto,Personal L3,1,Agent,$327.13,Four-Door Car,Medsize
XS30210,Arizona,13984.68,No,Basic,College,2024-12-02,Employed,M,"$1,14,187.00",Urban,Married,$88.00,8,68,0,2,Corporate Auto,Corporate L1,2,Branch,$322.47,Four-Door Car,Small
JM47657,Oregon,3363.2,Yes,Basic,High School or Below,2024-12-02,Medical Leave,F,"$35,053.00",Suburban,Divorced,$88.00,31,36,0,1,Personal Auto,Personal L3,1,Agent,$444.43,Four-Door Car,Medsize
MK87221,Arizona,4608.39,No,Extended,High School or Below,2024-12-02,Medical Leave,F,"$24,527.00",Suburban,Married,$117.00,34,68,0,1,Personal Auto,Personal L2,2,Agent,$563.76,Two-Door Car,Medsize
JH73645,California,20507.38,No,Basic,High School or Below,2024-12-02,Unemployed,M,$0.00,Suburban,Single,$96.00,5,86,4,2,Personal Auto,Personal L3,2,Call Center,"$1,133.45",Four-Door Car,Small
NW67881,Oregon,16605.01,No,Basic,Bachelor,2024-12-02,Employed,M,"$1,00,691.00",Suburban,Married,$139.00,19,26,0,2,Personal Auto,Personal L3,2,Call Center,$667.44,SUV,Medsize
EZ70847,Washington,26520.43,No,Basic,College,2024-12-02,Employed,F,"$90,890.00",Suburban,Married,$93.00,23,43,0,2,Corporate Auto,Corporate L1,1,Agent,$447.12,Four-Door Car,Medsize
QI51950,Nevada,5809.91,No,Basic,High School or Below,2024-12-02,Employed,F,"$99,977.00",Suburban,Single,$147.00,36,32,0,1,Personal Auto,Personal L2,2,Branch,$706.32,SUV,Medsize
XG55762,Nevada,27251.57,No,Extended,Bachelor,2024-12-02,Unemployed,F,$0.00,Suburban,Single,$107.00,19,30,0,2,Corporate Auto,Corporate L3,1,Branch,$511.92,Four-Door Car,Medsize
No93155,Arizona,9720.76,No,Basic,Master,2024-12-02,Disabled,M,"$38,131.00",Suburban,Married,$84.00,0,22,0,2,Personal Auto,Personal L3,1,Agent,$401.76,Two-Door Car,Medsize
RV97631,Oregon,20693.42,No,Extended,College,2024-12-02,Unemployed,F,$0.00,Suburban,Married,$186.00,1,46,0,2,Corporate Auto,Corporate L2,1,Agent,$929.92,SUV,Small
YX54093,Arizona,2993.85,No,Basic,College,2024-12-02,Unemployed,M,$0.00,Rural,Divorced,$88.00,15,93,0,1,Personal Auto,Personal L2,4,Branch,$151.03,Four-Door Car,Medsize
RL28880,Nevada,10196.85,No,Basic,Bachelor,2024-12-02,Employed,F,"$94,445.00",Suburban,Divorced,$85.00,12,4,0,2,Personal Auto,Personal L3,1,Branch,$542.48,Two-Door Car,Medsize
QD17769,Oregon,3445.25,No,Basic,High School or Below,2024-12-02,Employed,M,"$1,02,249.00",Rural,Married,$86.00,18,15,0,1,Corporate Auto,Corporate L3,3,Agent,$173.50,Two-Door Car,Medsize
DZ64604,California,16563.72,No,Premium,High School or Below,2024-12-02,Employed,M,"$82,045.00",Suburban,Married,$208.00,18,9,0,5,Personal Auto,Personal L3,2,Branch,$997.92,SUV,Small
XM14899,Oregon,11746.84,No,Extended,College,2024-12-02,Unemployed,M,$0.00,Suburban,Married,$165.00,11,43,0,6,Personal Auto,Personal L3,4,Agent,$924.55,SUV,Medsize
RO89767,Arizona,36971.3,No,Basic,Master,2024-12-02,Unemployed,M,$0.00,Urban,Married,$142.00,0,63,0,2,Personal Auto,Personal L1,3,Agent,$609.04,Sports Car,Medsize
LQ23049,California,3363.2,Yes,Basic,High School or Below,2024-12-02,Medical Leave,F,"$35,053.00",Suburban,Divorced,$88.00,31,36,0,1,Personal Auto,Personal L3,1,Agent,$444.43,Four-Door Car,Medsize
ZJ86769,Nevada,6326.73,Yes,Basic,College,2024-12-02,Employed,M,"$78,420.00",Suburban,Married,$159.00,42,112,0,1,Personal Auto,Personal L3,1,Agent,$764.64,SUV,Medsize
VJ34494,Washington,3296.99,No,Basic,College,2024-12-02,Unemployed,F,$0.00,Suburban,Single,$93.00,9,14,0,1,Corporate Auto,Corporate L1,1,Branch,$447.12,Four-Door Car,Large
PJ84431,California,10324.06,No,Basic,High School or Below,2024-12-02,Employed,M,"$1,23,541.00",Suburban,Married,$255.00,8,116,0,1,Personal Auto,Personal L3,3,Branch,"$1,224.72",Luxury Car,Medsize
FU65756,Arizona,11039.02,No,Basic,College,2024-12-02,Employed,F,"$73,838.00",Suburban,Married,$139.00,8,127,0,5,Personal Auto,Personal L3,1,Branch,$667.44,SUV,Medsize
BI33231,California,6912.83,No,Extended,High School or Below,2024-12-02,Unemployed,F,$0.00,Urban,Married,$103.00,15,19,4,3,Personal Auto,Personal L3,2,Agent,$374.25,Four-Door Car,Medsize
GD89605,Oregon,7269.12,No,Basic,Master,2024-12-02,Employed,F,"$80,141.00",Suburban,Married,$90.00,34,76,0,5,Corporate Auto,Corporate L1,4,Agent,$434.16,Four-Door Car,Small
TO19482,Oregon,6580.8,No,Basic,High School or Below,2024-12-02,Employed,M,"$91,080.00",Suburban,Married,$82.00,5,30,0,9,Personal Auto,Personal L2,4,Branch,$493.94,Two-Door Car,Medsize
XZ45224,Oregon,3292.02,No,Basic,College,2024-12-02,Employed,F,"$52,597.00",Suburban,Divorced,$84.00,7,26,0,1,Corporate Auto,Corporate L3,1,Agent,$401.76,Two-Door Car,Medsize
GP19791,California,22289.81,No,Basic,College,2024-12-02,Employed,F,"$42,331.00",Suburban,Married,$92.00,34,18,0,2,Personal Auto,Personal L3,2,Agent,$440.64,Two-Door Car,Small
PD52748,Oregon,13549.32,No,Extended,High School or Below,2024-12-02,Unemployed,F,$0.00,Suburban,Single,$181.00,20,124,1,8,Personal Auto,Personal L3,1,Call Center,"$1,826.94",SUV,Medsize
YE87442,Arizona,13412.47,No,Extended,High School or Below,2024-12-02,Employed,F,"$47,022.00",Suburban,Married,$167.00,5,46,0,3,Personal Auto,Personal L1,1,Branch,$803.52,SUV,Medsize
XY78443,Arizona,2899.34,No,Basic,College,2024-12-02,Unemployed,F,$0.00,Suburban,Single,$84.00,43,61,0,1,Personal Auto,Personal L3,4,Agent,$401.76,Two-Door Car,Medsize
BV53716,Oregon,7109.67,No,Basic,High School or Below,2024-12-02,Employed,F,"$1,26,020.00",Rural,Married,$88.00,31,68,0,8,Personal Auto,Personal L3,2,Call Center,$146.57,Four-Door Car,Medsize
XF94560,Washington,3112.07,No,Basic,High School or Below,2024-12-02,Unemployed,F,$0.00,Suburban,Married,$84.00,19,109,0,1,Corporate Auto,Corporate L3,1,Call Center,$401.76,Four-Door Car,Medsize
FT79229,Washington,12015.57,No,Basic,Bachelor,2024-12-02,Employed,F,"$1,13,077.00",Suburban,Divorced,$150.00,1,46,0,5,Personal Auto,Personal L2,1,Agent,$719.28,SUV,Medsize
XP69351,California,3299.3,No,Basic,College,2024-12-02,Unemployed,M,$0.00,Rural,Married,$93.00,3,74,0,1,Personal Auto,Personal L2,2,Branch,$167.64,Four-Door Car,Medsize
JC16991,Arizona,10022.26,No,Basic,Master,2024-12-02,Employed,F,"$49,463.00",Suburban,Divorced,$84.00,22,46,0,2,Personal Auto,Personal L2,1,Call Center,$401.76,Four-Door Car,Small
DX91931,Washington,13827.25,No,Premium,College,2024-12-02,Unemployed,M,$0.00,Suburban,Single,$203.00,43,27,0,8,Personal Auto,Personal L1,1,Branch,"$1,458.00",SUV,Small
VL59942,Arizona,14271.58,No,Basic,Bachelor,2024-12-02,Employed,F,"$1,27,085.00",Rural,Married,$88.00,22,36,0,2,Personal Auto,Personal L2,2,Web,$58.83,Four-Door Car,Medsize
EI29901,Arizona,9848.83,No,Basic,Bachelor,2024-12-02,Employed,M,"$36,246.00",Rural,Married,$84.00,7,0,0,2,Personal Auto,Personal L3,4,Agent,$51.72,Four-Door Car,Medsize
TO39943,Washington,6612.27,No,Basic,High School or Below,2024-12-02,Employed,F,"$41,179.00",Urban,Married,$85.00,43,77,3,5,Corporate Auto,Corporate L3,1,Call Center,$348.20,Two-Door Car,Medsize
DY69629,Oregon,4180.29,Yes,Extended,College,2024-12-02,Employed,F,"$29,165.00",Suburban,Divorced,$107.00,19,38,0,1,Corporate Auto,Corporate L2,1,Branch,$511.92,Four-Door Car,Medsize
LU18867,Oregon,8937.6,No,Extended,High School or Below,2024-12-02,Employed,M,"$33,851.00",Suburban,Single,$116.00,0,34,0,3,Personal Auto,Personal L3,4,Agent,$557.28,Four-Door Car,Medsize
EX73249,Arizona,10404.39,No,Basic,College,2024-12-02,Unemployed,F,$0.00,Suburban,Single,$99.00,4,45,0,2,Personal Auto,Personal L1,1,Branch,$473.04,Four-Door Car,Medsize
IW99237,Oregon,6064.9,No,Basic,Bachelor,2024-12-02,Unemployed,M,$0.00,Suburban,Single,$88.00,11,109,0,3,Personal Auto,Personal L2,1,Branch,$421.20,Two-Door Car,Medsize
YT96284,Oregon,5033.98,No,Extended,Master,2024-12-02,Employed,M,"$1,12,903.00",Rural,Married,$127.00,9,116,4,1,Personal Auto,Personal L2,3,Agent,$292.73,Four-Door Car,Medsize
IW21434,Oregon,3470.08,No,Basic,Bachelor,2024-12-02,Employed,F,"$60,669.00",Urban,Single,$88.00,1,90,0,1,Corporate Auto,Corporate L3,1,Agent,$384.06,Four-Door Car,Medsize
GJ47397,Oregon,51374.53,No,Basic,High School or Below,2024-12-02,Unemployed,M,$0.00,Suburban,Married,$155.00,28,105,0,2,Special Auto,Special L2,2,Agent,$745.20,SUV,Medsize
FX78218,California,3368.07,No,Basic,Doctor,2024-12-02,Employed,M,"$61,904.00",Rural,Married,$84.00,0,35,1,1,Personal Auto,Personal L3,3,Web,$1.20,Four-Door Car,Large
ET44462,Arizona,6767.73,No,Extended,High School or Below,2024-12-02,Employed,M,"$87,973.00",Suburban,Married,$170.00,19,24,1,1,Personal Auto,Personal L1,2,Web,$816.48,SUV,Medsize
MT91532,California,9890.84,No,Extended,Bachelor,2024-12-02,Employed,M,"$84,156.00",Rural,Married,$124.00,12,82,0,4,Corporate Auto,Corporate L1,1,Agent,$5.69,Four-Door Car,Medsize
AP47670,California,3372.18,No,Basic,High School or Below,2024-12-02,Employed,M,"$39,778.00",Suburban,Married,$85.00,8,12,0,1,Personal Auto,Personal L2,2,Call Center,$408.24,Four-Door Car,Medsize
RD96782,California,6884.34,No,Basic,Bachelor,2024-12-02,Unemployed,F,$0.00,Suburban,Married,$95.00,38,104,1,3,Personal Auto,Personal L1,1,Branch,$453.60,Two-Door Car,Small
CD14267,Nevada,5717.5,No,Premium,College,2024-12-02,Employed,M,"$81,451.00",Rural,Married,$143.00,7,90,0,1,Corporate Auto,Corporate L3,2,Web,$150.07,Four-Door Car,Large
GV75215,Oregon,17776.27,No,Basic,Bachelor,2024-12-02,Employed,F,"$73,823.00",Urban,Married,$150.00,18,20,3,2,Corporate Auto,Corporate L3,2,Agent,$407.89,Sports Car,Medsize
IR50609,Arizona,5380.49,No,Premium,Bachelor,2024-12-02,Employed,M,"$1,01,259.00",Suburban,Divorced,$136.00,1,26,0,1,Personal Auto,Personal L1,2,Agent,$902.84,Four-Door Car,Medsize
DL17162,Arizona,35712.81,No,Extended,College,2024-12-02,Employed,M,"$57,997.00",Suburban,Married,$112.00,32,22,0,2,Personal Auto,Personal L2,2,Web,$537.84,Four-Door Car,Medsize
TK49887,California,3912,No,Extended,College,2024-12-02,Unemployed,F,$0.00,Suburban,Single,$115.00,5,61,0,1,Personal Auto,Personal L3,2,Branch,$826.20,Two-Door Car,Medsize
BR77413,Arizona,6326.73,Yes,Basic,College,2024-12-02,Employed,M,"$78,420.00",Suburban,Married,$159.00,42,112,0,1,Personal Auto,Personal L3,1,Agent,$764.64,SUV,Medsize
NI88122,California,9726.78,No,Basic,College,2024-12-02,Unemployed,F,$0.00,Suburban,Single,$86.00,36,84,0,2,Corporate Auto,Corporate L1,1,Web,$683.07,Four-Door Car,Small
AX71238,California,5350.59,No,Extended,High School or Below,2024-12-02,Employed,M,"$51,430.00",Suburban,Divorced,$134.00,4,38,0,1,Personal Auto,Personal L1,1,Agent,$641.52,Two-Door Car,Medsize
KC79907,Arizona,10045.36,No,Basic,College,2024-12-02,Employed,F,"$1,24,085.00",Rural,Divorced,$251.00,0,123,0,1,Personal Auto,Personal L3,1,Call Center,$126.32,Luxury Car,Medsize
RI76930,California,5620.11,No,Basic,College,2024-12-02,Employed,F,"$58,423.00",Suburban,Married,$140.00,22,15,0,1,Personal Auto,Personal L3,2,Call Center,$673.92,SUV,Large
KA49711,Nevada,7182.46,No,Basic,Bachelor,2024-12-02,Employed,M,"$1,04,657.00",Rural,Married,$92.00,16,128,3,6,Corporate Auto,Corporate L2,3,Call Center,$87.48,Four-Door Car,Small
YI68606,Oregon,3296.97,No,Basic,High School or Below,2024-12-02,Employed,F,"$1,01,856.00",Rural,Divorced,$82.00,4,42,0,1,Corporate Auto,Corporate L3,3,Agent,$176.55,Two-Door Car,Medsize
OG67387,California,5957.89,No,Basic,College,2024-12-02,Unemployed,M,$0.00,Suburban,Single,$88.00,26,45,0,3,Personal Auto,Personal L3,2,Call Center,$421.20,Four-Door Car,Medsize
GP85044,Arizona,6120.54,No,Basic,Bachelor,2024-12-02,Employed,M,"$1,24,155.00",Rural,Married,$153.00,5,100,0,1,Special Auto,Special L1,1,Agent,$211.59,SUV,Medsize
EV39637,Oregon,7193.23,No,Basic,High School or Below,2024-12-02,Unemployed,F,$0.00,Suburban,Single,$99.00,16,57,0,7,Personal Auto,Personal L1,1,Branch,"$1,072.50",Four-Door Car,Medsize
LU40443,Oregon,7484.13,No,Basic,Master,2024-12-02,Employed,M,"$86,744.00",Urban,Single,$95.00,9,49,0,8,Personal Auto,Personal L2,2,Web,$261.72,Four-Door Car,Medsize
SO54368,Oregon,6326.73,Yes,Basic,College,2024-12-02,Employed,M,"$78,420.00",Suburban,Married,$159.00,42,112,0,1,Personal Auto,Personal L2,1,Agent,$764.64,SUV,Medsize
JB23570,California,14301.35,No,Extended,College,2024-12-02,Employed,M,"$1,26,957.00",Suburban,Married,$178.00,18,90,0,9,Corporate Auto,Corporate L2,4,Branch,$855.36,SUV,Medsize
EB55390,Oregon,3440.49,No,Basic,Master,2024-12-02,Employed,F,"$59,037.00",Urban,Married,$86.00,47,16,2,1,Special Auto,Special L3,3,Web,$219.32,Four-Door Car,Medsize
EO17010,California,6414.23,No,Basic,Master,2024-12-02,Employed,M,"$41,697.00",Urban,Married,$161.00,20,24,0,1,Personal Auto,Personal L3,3,Agent,$599.63,SUV,Large
UN63889,California,3570.73,No,Basic,Bachelor,2024-12-02,Employed,M,"$1,22,098.00",Urban,Divorced,$89.00,15,20,0,1,Personal Auto,Personal L3,3,Call Center,$317.49,Two-Door Car,Medsize
JN10602,California,11071.8,No,Basic,Master,2024-12-02,Employed,F,"$1,10,410.00",Suburban,Divorced,$90.00,16,59,0,2,Personal Auto,Personal L2,1,Agent,$434.16,Four-Door Car,Large
PS68884,California,6326.73,Yes,Basic,College,2024-12-02,Employed,M,"$78,420.00",Suburban,Married,$159.00,42,112,0,1,Corporate Auto,Corporate L3,1,Agent,$764.64,SUV,Medsize
TV37646,California,6472.06,No,Basic,College,2024-12-02,Employed,F,"$94,516.00",Suburban,Married,$161.00,30,45,0,1,Personal Auto,Personal L3,4,Agent,"$1,019.52",SUV,Small
ZN98560,California,10660.55,No,Basic,College,2024-12-02,Unemployed,M,$0.00,Rural,Married,$150.00,30,28,0,8,Corporate Auto,Corporate L1,1,Branch,$256.66,SUV,Medsize
VJ49806,California,17562.39,No,Basic,College,2024-12-02,Unemployed,M,$0.00,Suburban,Single,$82.00,3,109,0,2,Personal Auto,Personal L2,1,Agent,$513.09,Two-Door Car,Medsize
OK96130,California,7181.07,No,Extended,High School or Below,2024-12-02,Employed,M,"$50,397.00",Suburban,Married,$181.00,35,9,0,1,Personal Auto,Personal L2,2,Agent,"$1,213.53",SUV,Medsize
CK15380,California,3759.63,No,Basic,High School or Below,2024-12-02,Disabled,F,"$28,099.00",Urban,Married,$97.00,22,77,0,1,Personal Auto,Personal L2,3,Call Center,$389.60,Four-Door Car,Medsize
HA93483,California,5830.85,No,Basic,Bachelor,2024-12-02,Disabled,F,"$15,945.00",Suburban,Married,$149.00,27,27,0,1,Personal Auto,Personal L2,2,Branch,"$1,091.63",Sports Car,Small
KN50049,California,25491.56,No,Premium,College,2024-12-02,Medical Leave,M,"$32,473.00",Suburban,Single,$238.00,19,82,0,2,Personal Auto,Personal L1,1,Branch,"$1,530.63",SUV,Medsize
UK45178,California,3003.15,No,Basic,Bachelor,2024-12-02,Unemployed,F,$0.00,Suburban,Single,$90.00,1,104,1,1,Personal Auto,Personal L1,1,Agent,$651.24,Two-Door Car,Small
ZP86347,California,7425.78,No,Extended,College,2024-12-02,Employed,F,"$59,426.00",Rural,Married,$186.00,27,81,0,1,Personal Auto,Personal L3,3,Agent,$223.40,SUV,Medsize
TF56202,California,6793.42,No,Basic,College,2024-12-02,Employed,M,"$89,595.00",Suburban,Divorced,$86.00,8,65,0,3,Personal Auto,Personal L3,2,Call Center,$414.72,Two-Door Car,Small
PK87824,California,4180.29,Yes,Extended,College,2024-12-02,Employed,F,"$29,165.00",Suburban,Divorced,$107.00,19,38,0,1,Corporate Auto,Corporate L3,1,Branch,$511.92,Four-Door Car,Medsize
